3 4 5 6 7 5 8 9 10 5 11 12 10 5 13 14 10 15 16 17 18 19 14 20 21 22 23 24 -1 25 26 27 28 29 30 31 32 33 34 35 36 37 38 39 40 41 42 43 44 45 46 47 48 49 50 51 52 53 54 55 56 57 58 59 60 61 62 63 64 65 66 67 68 69 70 71 72 73 74 75 76 77 78 79 80 81 82 83 84 85 86 87 88 89 90 91 92 93 output 1 2 3 4 5 3 8 12 9 16 11 3 9 16 7 15 9 18 19 20 21 22 30 22 16 24 24 25 26 27 28
3 4 5 6 7 12 9 5 10 15 -1 8 11 13 14 16 17 18 19 20 21 22 23 24 25 26 27 28 29 30 31 32 33 34 35 36 37 38 39 40 41 42 43 44 45 46 47 48 49 50 51 52 53 54 55 56 57 58 59 60 61 62 63 64 65 66 67 68 69 70 71 72 73 74 75 76 77 78 79 80 81 82 83 84 85 86 87 88 89 90 91 92 93 output 1 25 19 2 3 20 4 5 6 7 3 9 10
3 4 5 6 7 5 8 9 10 5 11 12 10 5 13 14 10 15 16 17 18 19 14 20 21 22 23 24 -1 25 26 27 28 29 30 31 32 33 34 35 36 37 38 39 40 41 42 43 44 45 46 47 48 49 50 51 52 53 54 55 56 57 58 59 60 61 62 63 64 65 66 67 68 69 70 71 72 73 74 75 76 77 78 79 80 81 82 83 84 85 86 87 88 89 90 91 92 93 output 1 2 3 4 5 3 7 31 9 5 3 8 12 9 18 32 5 3 11 33 34 33 35 9 18 18
3 4 5 6 7 12 9 14 10 14 11 5 10 15 -1 8 13 16 17 18 19 20 21 22 23 24 25 26 27 28 29 30 31 32 33 34 35 36 37 38 39 40 41 42 43 44 45 46 47 48 49 50 51 52 53 54 55 56 57 58 59 60 61 62 63 64 65 66 67 68 69 70 71 72 73 74 75 76 77 78 79 80 81 82 83 84 85 86 87 88 89 90 91 92 93 output 1 2 3 4 5 3 16 7 9 3 11 6 9 14
3 4 5 6 7 12 9 14 10 14 11 5 10 15 -1 8 13 16 17 18 19 20 21 22 23 24 25 26 27 28 29 30 31 32 33 34 35 36 37 38 39 40 41 42 43 44 45 46 47 48 49 50 51 52 53 54 55 56 57 58 59 60 61 62 63 64 65 66 67 68 69 70 71 72 73 74 75 76 77 78 79 80 81 82 83 84 85 86 87 88 89 90 91 92 93 output 33 4 5 34 7 3 9 35 7 3 9 14
3 4 5 6 7 12 9 5 10 15 -1 8 11 13 14 16 17 18 19 20 21 22 23 24 25 26 27 28 29 30 31 32 33 34 35 36 37 38 39 40 41 42 43 44 45 46 47 48 49 50 51 52 53 54 55 56 57 58 59 60 61 62 63 64 65 66 67 68 69 70 71 72 73 74 75 76 77 78 79 80 81 82 83 84 85 86 87 88 89 90 91 92 93 output 1 2 3 4 5 3 7 6 9 10
3 4 5 6 7 12 9 5 10 15 -1 8 11 13 14 16 17 18 19 20 21 22 23 24 25 26 27 28 29 30 31 32 33 34 35 36 37 38 39 40 41 42 43 44 45 46 47 48 49 50 51 52 53 54 55 56 57 58 59 60 61 62 63 64 65 66 67 68 69 70 71 72 73 74 75 76 77 78 79 80 81 82 83 84 85 86 87 88 89 90 91 92 93 output 1 2 3 4 5 3 7 6 9 10
3 4 5 6 7 5 8 9 10 14 11 14 10 14 13 14 10 14 34 12 10 15 -1 16 17 18 19 20 21 22 23 24 25 26 27 28 29 30 31 32 33 35 36 37 38 39 40 41 42 43 44 45 46 47 48 49 50 51 52 53 54 55 56 57 58 59 60 61 62 63 64 65 66 67 68 69 70 71 72 73 74 75 76 77 78 79 80 81 82 83 84 85 86 87 88 89 90 91 92 93 output 1 2 3 4 5 3 7 8 9 5 3 11 10 9 22 35 5 3 15 10 9 22 20 19 10 9 22
3 4 5 6 7 12 9 5 10 15 -1 8 11 13 14 16 17 18 19 20 21 22 23 24 25 26 27 28 29 30 31 32 33 34 35 36 37 38 39 40 41 42 43 44 45 46 47 48 49 50 51 52 53 54 55 56 57 58 59 60 61 62 63 64 65 66 67 68 69 70 71 72 73 74 75 76 77 78 79 80 81 82 83 84 85 86 87 88 89 90 91 92 93 output 31 4 5 35 5 6 7 3 9 10 36 19 37 19 3 20 20 10
3 4 5 6 7 5 8 9 10 14 8 11 10 5 13 14 10 14 34 12 10 15 -1 16 17 18 19 20 21 22 23 24 25 26 27 28 29 30 31 32 33 35 36 37 38 39 40 41 42 43 44 45 46 47 48 49 50 51 52 53 54 55 56 57 58 59 60 61 62 63 64 65 66 67 68 69 70 71 72 73 74 75 76 77 78 79 80 81 82 83 84 85 86 87 88 89 90 91 92 93 output 1 2 3 4 5 10 7 8 9 10 12 20 9 10 15 45 9 10 19 3 9 22 24 25 46 27 45 28 29 30 31 32
3 25 19 4 5 20 6 7 5 8 9 10 15 -1 11 12 13 14 16 17 18 21 22 23 24 26 27 28 29 30 31 32 33 34 35 36 37 38 39 40 41 42 43 44 45 46 47 48 49 50 51 52 53 54 55 56 57 58 59 60 61 62 63 64 65 66 67 68 69 70 71 72 73 74 75 76 77 78 79 80 81 82 83 84 85 86 87 88 89 90 91 92 93 output 1 4 5 7 8 40 3 41 6 42 11 5 12 13
3 4 5 6 7 5 9 12 10 7 5 11 12 10 15 27 7 5 11 14 10 14 34 12 10 15 15 -1 8 13 16 17 18 19 20 21 22 23 24 25 26 28 29 30 31 32 33 35 36 37 38 39 40 41 42 43 44 45 46 47 48 49 50 51 52 53 54 55 56 57 58 59 60 61 62 63 64 65 66 67 68 69 70 71 72 73 74 75 76 77 78 79 80 81 82 83 84 85 86 87 88 89 90 91 92 93 output 1 2 3 4 5 3 29 7 9 5 3 12 8 9 15 16 5 3 12 20 9 20 23 8 9 15 15
3 4 5 6 7 12 9 5 10 5 11 26 10 15 -1 8 13 14 16 17 18 19 20 21 22 23 24 25 27 28 29 30 31 32 33 34 35 36 37 38 39 40 41 42 43 44 45 46 47 48 49 50 51 52 53 54 55 56 57 58 59 60 61 62 63 64 65 66 67 68 69 70 71 72 73 74 75 76 77 78 79 80 81 82 83 84 85 86 87 88 89 90 91 92 93 output 1 2 3 4 5 3 7 6 9 3 11 6 9 14
3 4 5 6 7 5 8 9 10 5 11 12 10 5 13 14 10 15 16 17 18 19 14 20 21 22 23 24 -1 25 26 27 28 29 30 31 32 33 34 35 36 37 38 39 40 41 42 43 44 45 46 47 48 49 50 51 52 53 54 55 56 57 58 59 60 61 62 63 64 65 66 67 68 69 70 71 72 73 74 75 76 77 78 79 80 81 82 83 84 85 86 87 88 89 90 91 92 93 output 1 2 3 4 5 3 7 8 9 3 11 12 9 3 15 16 9 41 22 16 47 48 24 9 18
3 4 5 6 7 12 9 14 10 14 11 5 10 15 -1 8 13 16 17 18 19 20 21 22 23 24 25 26 27 28 29 30 31 32 33 34 35 36 37 38 39 40 41 42 43 44 45 46 47 48 49 50 51 52 53 54 55 56 57 58 59 60 61 62 63 64 65 66 67 68 69 70 71 72 73 74 75 76 77 78 79 80 81 82 83 84 85 86 87 88 89 90 91 92 93 output 33 4 5 6 7 3 9 3 11 8 9 14
3 25 19 4 5 20 6 7 12 9 5 10 15 -1 8 11 13 14 16 17 18 21 22 23 24 26 27 28 29 30 31 32 33 34 35 36 37 38 39 40 41 42 43 44 45 46 47 48 49 50 51 52 53 54 55 56 57 58 59 60 61 62 63 64 65 66 67 68 69 70 71 72 73 74 75 76 77 78 79 80 81 82 83 84 85 86 87 88 89 90 91 92 93 output 1 4 5 7 8 9 10 5 12 13
3 4 5 6 7 12 9 14 10 14 11 5 10 15 -1 8 13 16 17 18 19 20 21 22 23 24 25 26 27 28 29 30 31 32 33 34 35 36 37 38 39 40 41 42 43 44 45 46 47 48 49 50 51 52 53 54 55 56 57 58 59 60 61 62 63 64 65 66 67 68 69 70 71 72 73 74 75 76 77 78 79 80 81 82 83 84 85 86 87 88 89 90 91 92 93 output 1 2 27 21 3 22 4 5 6 7 8 9 3 7 8 9 14
3 25 19 4 5 20 6 7 5 8 9 10 15 -1 11 12 13 14 16 17 18 21 22 23 24 26 27 28 29 30 31 32 33 34 35 36 37 38 39 40 41 42 43 44 45 46 47 48 49 50 51 52 53 54 55 56 57 58 59 60 61 62 63 64 65 66 67 68 69 70 71 72 73 74 75 76 77 78 79 80 81 82 83 84 85 86 87 88 89 90 91 92 93 output 1 5 7 8 44 11 5 12 13
3 4 5 6 7 12 9 14 10 14 11 5 10 15 -1 8 13 16 17 18 19 20 21 22 23 24 25 26 27 28 29 30 31 32 33 34 35 36 37 38 39 40 41 42 43 44 45 46 47 48 49 50 51 52 53 54 55 56 57 58 59 60 61 62 63 64 65 66 67 68 69 70 71 72 73 74 75 76 77 78 79 80 81 82 83 84 85 86 87 88 89 90 91 92 93 output 1 3 4 5 3 16 7 9 6 11 3 9 14
3 4 5 6 7 12 9 5 10 15 -1 8 11 13 14 16 17 18 19 20 21 22 23 24 25 26 27 28 29 30 31 32 33 34 35 36 37 38 39 40 41 42 43 44 45 46 47 48 49 50 51 52 53 54 55 56 57 58 59 60 61 62 63 64 65 66 67 68 69 70 71 72 73 74 75 76 77 78 79 80 81 82 83 84 85 86 87 88 89 90 91 92 93 output 1 2 3 4 5 3 7 6 9 10
3 4 5 6 7 5 8 9 10 5 11 12 10 5 13 14 10 15 16 17 18 19 14 20 21 22 23 24 -1 25 26 27 28 29 30 31 32 33 34 35 36 37 38 39 40 41 42 43 44 45 46 47 48 49 50 51 52 53 54 55 56 57 58 59 60 61 62 63 64 65 66 67 68 69 70 71 72 73 74 75 76 77 78 79 80 81 82 83 84 85 86 87 88 89 90 91 92 93 output 1 30 22 2 3 24 4 5 3 7 8 9 5 3 11 12 18 32 5 3 11 16 9 41 50 22 51 33 52 33 53 33 54 33 24 9 18 18
3 4 5 6 7 12 9 14 10 14 11 5 10 15 -1 8 13 16 17 18 19 20 21 22 23 24 25 26 27 28 29 30 31 32 33 34 35 36 37 38 39 40 41 42 43 44 45 46 47 48 49 50 51 52 53 54 55 56 57 58 59 60 61 62 63 64 65 66 67 68 69 70 71 72 73 74 75 76 77 78 79 80 81 82 83 84 85 86 87 88 89 90 91 92 93 output 1 2 3 4 5 6 11 8 9 8 7 3 9 14
3 4 5 6 7 5 8 9 10 7 5 13 12 10 15 27 7 5 13 12 10 15 27 7 5 13 38 10 15 27 7 5 34 38 10 15 15 27 7 5 34 14 10 15 15 15 27 7 5 13 38 10 15 15 15 27 27 5 50 14 10 15 15 15 -1 11 16 17 18 19 20 21 22 23 24 25 26 28 29 30 31 32 33 35 36 37 39 40 41 42 43 44 45 46 47 48 49 51 52 53 54 55 56 57 58 59 60 61 62 63 64 65 66 67 68 69 70 71 72 73 74 75 76 77 78 79 80 81 82 83 84 85 86 87 88 89 90 91 92 93 output 1 2 3 4 5 3 7 8 9 5 3 66 13 9 15 16 5 3 98 13 9 15 16 5 5 3 12 42 9 15 16 5 3 99 42 9 15 5 42 33 13 9 15 16 5 42 59 13 9 15 15 15
3 4 5 6 7 12 9 14 10 14 11 5 10 15 -1 8 13 16 17 18 19 20 21 22 23 24 25 26 27 28 29 30 31 32 33 34 35 36 37 38 39 40 41 42 43 44 45 46 47 48 49 50 51 52 53 54 55 56 57 58 59 60 61 62 63 64 65 66 67 68 69 70 71 72 73 74 75 76 77 78 79 80 81 82 83 84 85 86 87 88 89 90 91 92 93 output 1 2 3 4 5 3 16 7 9 3 11 6 9 14
3 4 5 6 7 5 8 9 10 5 11 12 10 5 13 14 10 15 16 17 18 19 14 20 21 22 23 24 -1 25 26 27 28 29 30 31 32 33 34 35 36 37 38 39 40 41 42 43 44 45 46 47 48 49 50 51 52 53 54 55 56 57 58 59 60 61 62 63 64 65 66 67 68 69 70 71 72 73 74 75 76 77 78 79 80 81 82 83 84 85 86 87 88 89 90 91 92 93 output 1 2 3 4 5 3 7 8 9 5 3 11 12 9 18 32 5 3 15 16 9 41 22 50 22 51 33 58 33 24 24 18 18
3 4 5 6 7 12 9 14 10 14 11 5 10 15 -1 8 13 16 17 18 19 20 21 22 23 24 25 26 27 28 29 30 31 32 33 34 35 36 37 38 39 40 41 42 43 44 45 46 47 48 49 50 51 52 53 54 55 56 57 58 59 60 61 62 63 64 65 66 67 68 69 70 71 72 73 74 75 76 77 78 79 80 81 82 83 84 85 86 87 88 89 90 91 92 93 output 1 2 3 4 5 3 16 7 9 3 11 6 9 14
3 4 5 6 7 12 9 5 10 15 -1 8 11 13 14 16 17 18 19 20 21 22 23 24 25 26 27 28 29 30 31 32 33 34 35 36 37 38 39 40 41 42 43 44 45 46 47 48 49 50 51 52 53 54 55 56 57 58 59 60 61 62 63 64 65 66 67 68 69 70 71 72 73 74 75 76 77 78 79 80 81 82 83 84 85 86 87 88 89 90 91 92 93 output 31 4 5 6 7 3 9 10
3 4 5 6 7 5 8 9 10 14 8 11 10 5 13 14 10 14 34 12 10 15 -1 16 17 18 19 20 21 22 23 24 25 26 27 28 29 30 31 32 33 35 36 37 38 39 40 41 42 43 44 45 46 47 48 49 50 51 52 53 54 55 56 57 58 59 60 61 62 63 64 65 66 67 68 69 70 71 72 73 74 75 76 77 78 79 80 81 82 83 84 85 86 87 88 89 90 91 92 93 output 1 2 3 4 5 5 3 7 8 9 22 35 5 3 7 12 9 22 3 15 20 9 3 19 10 9 43 27 10 49 61 28 22
3 4 5 6 7 5 8 9 10 5 11 12 10 5 13 26 10 15 -1 14 16 17 18 19 20 21 22 23 24 25 27 28 29 30 31 32 33 34 35 36 37 38 39 40 41 42 43 44 45 46 47 48 49 50 51 52 53 54 55 56 57 58 59 60 61 62 63 64 65 66 67 68 69 70 71 72 73 74 75 76 77 78 79 80 81 82 83 84 85 86 87 88 89 90 91 92 93 output 1 2 3 4 5 3 7 8 9 5 3 11 12 9 18 31 5 12 15 3 9 18 18
3 4 5 6 7 5 8 9 10 14 8 11 10 5 13 14 10 14 34 12 10 15 -1 16 17 18 19 20 21 22 23 24 25 26 27 28 29 30 31 32 33 35 36 37 38 39 40 41 42 43 44 45 46 47 48 49 50 51 52 53 54 55 56 57 58 59 60 61 62 63 64 65 66 67 68 69 70 71 72 73 74 75 76 77 78 79 80 81 82 83 84 85 86 87 88 89 90 91 92 93 output 1 2 3 4 5 3 7 8 9 10 12 3 9 10 7 15 9 10 19 20 9 22
3 25 19 4 5 20 6 7 5 8 9 10 5 11 12 10 15 -1 13 14 16 17 18 21 22 23 24 26 27 28 29 30 31 32 33 34 35 36 37 38 39 40 41 42 43 44 45 46 47 48 49 50 51 52 53 54 55 56 57 58 59 60 61 62 63 64 65 66 67 68 69 70 71 72 73 74 75 76 77 78 79 80 81 82 83 84 85 86 87 88 89 90 91 92 93 output 1 2 3 4 5 6 7 8 5 10 11 12 15 14 5 12 17
3 4 5 6 7 5 8 9 10 5 11 14 10 5 13 12 10 14 34 12 10 15 -1 16 17 18 19 20 21 22 23 24 25 26 27 28 29 30 31 32 33 35 36 37 38 39 40 41 42 43 44 45 46 47 48 49 50 51 52 53 54 55 56 57 58 59 60 61 62 63 64 65 66 67 68 69 70 71 72 73 74 75 76 77 78 79 80 81 82 83 84 85 86 87 88 89 90 91 92 93 output 1 2 3 4 5 3 7 8 9 3 11 12 9 5 3 19 16 9 22 35 5 3 57 16 9 22 35 5 3 15 16 9 22 22 24 25 26 27 12 28 29 30 31 32
3 4 5 6 7 5 8 9 10 14 8 11 10 5 13 38 10 14 34 12 10 15 -1 16 17 18 19 20 21 22 23 24 25 26 27 28 29 30 31 32 33 35 36 37 39 40 41 42 43 44 45 46 47 48 49 50 51 52 53 54 55 56 57 58 59 60 61 62 63 64 65 66 67 68 69 70 71 72 73 74 75 76 77 78 79 80 81 82 83 84 85 86 87 88 89 90 91 92 93 output 1 2 3 4 5 10 7 8 9 5 10 12 16 9 22 35 5 10 15 16 9 22 43 27 61 27 16 28 48 62 28 9 10 19 3 9 22
3 4 5 6 7 12 9 5 10 15 -1 8 11 13 14 16 17 18 19 20 21 22 23 24 25 26 27 28 29 30 31 32 33 34 35 36 37 38 39 40 41 42 43 44 45 46 47 48 49 50 51 52 53 54 55 56 57 58 59 60 61 62 63 64 65 66 67 68 69 70 71 72 73 74 75 76 77 78 79 80 81 82 83 84 85 86 87 88 89 90 91 92 93 output 31 4 5 6 7 26 9 10
3 4 5 6 7 12 9 5 10 5 11 26 10 15 -1 8 13 14 16 17 18 19 20 21 22 23 24 25 27 28 29 30 31 32 33 34 35 36 37 38 39 40 41 42 43 44 45 46 47 48 49 50 51 52 53 54 55 56 57 58 59 60 61 62 63 64 65 66 67 68 69 70 71 72 73 74 75 76 77 78 79 80 81 82 83 84 85 86 87 88 89 90 91 92 93 output 1 2 3 4 5 6 11 3 9 3 7 12 9 14
3 4 5 6 7 5 8 9 10 5 11 12 10 5 13 26 10 15 -1 14 16 17 18 19 20 21 22 23 24 25 27 28 29 30 31 32 33 34 35 36 37 38 39 40 41 42 43 44 45 46 47 48 49 50 51 52 53 54 55 56 57 58 59 60 61 62 63 64 65 66 67 68 69 70 71 72 73 74 75 76 77 78 79 80 81 82 83 84 85 86 87 88 89 90 91 92 93 output 1 2 3 4 5 3 7 8 9 3 11 20 9 12 11 20 9 40 24 3 61 12 25 18
3 25 19 4 5 20 6 7 5 8 9 10 15 -1 11 12 13 14 16 17 18 21 22 23 24 26 27 28 29 30 31 32 33 34 35 36 37 38 39 40 41 42 43 44 45 46 47 48 49 50 51 52 53 54 55 56 57 58 59 60 61 62 63 64 65 66 67 68 69 70 71 72 73 74 75 76 77 78 79 80 81 82 83 84 85 86 87 88 89 90 91 92 93 output 1 4 5 7 8 5 10 16 12 5 11 28 58 28 30 12 13
3 25 19 4 5 20 6 7 5 8 12 10 15 -1 9 11 13 14 16 17 18 21 22 23 24 26 27 28 29 30 31 32 33 34 35 36 37 38 39 40 41 42 43 44 45 46 47 48 49 50 51 52 53 54 55 56 57 58 59 60 61 62 63 64 65 66 67 68 69 70 71 72 73 74 75 76 77 78 79 80 81 82 83 84 85 86 87 88 89 90 91 92 93 output 1 4 5 7 8 5 10 11 12 13
3 4 5 6 7 12 9 5 10 5 11 26 10 15 -1 8 13 14 16 17 18 19 20 21 22 23 24 25 27 28 29 30 31 32 33 34 35 36 37 38 39 40 41 42 43 44 45 46 47 48 49 50 51 52 53 54 55 56 57 58 59 60 61 62 63 64 65 66 67 68 69 70 71 72 73 74 75 76 77 78 79 80 81 82 83 84 85 86 87 88 89 90 91 92 93 output 1 2 22 3 23 4 5 6 7 18 9 12 7 40 9 14
3 4 5 6 7 12 9 5 10 15 -1 8 11 13 14 16 17 18 19 20 21 22 23 24 25 26 27 28 29 30 31 32 33 34 35 36 37 38 39 40 41 42 43 44 45 46 47 48 49 50 51 52 53 54 55 56 57 58 59 60 61 62 63 64 65 66 67 68 69 70 71 72 73 74 75 76 77 78 79 80 81 82 83 84 85 86 87 88 89 90 91 92 93 output 1 2 3 4 5 3 7 6 9 10
3 4 5 6 7 5 8 9 10 5 11 14 10 15 16 17 18 19 14 20 21 22 23 24 -1 12 13 25 26 27 28 29 30 31 32 33 34 35 36 37 38 39 40 41 42 43 44 45 46 47 48 49 50 51 52 53 54 55 56 57 58 59 60 61 62 63 64 65 66 67 68 69 70 71 72 73 74 75 76 77 78 79 80 81 82 83 84 85 86 87 88 89 90 91 92 93 output 1 2 3 4 5 3 7 8 9 3 11 12 9 39 48 18 49 31 62 31 20 9 14
3 4 5 6 7 12 9 14 10 14 11 5 10 15 -1 8 13 16 17 18 19 20 21 22 23 24 25 26 27 28 29 30 31 32 33 34 35 36 37 38 39 40 41 42 43 44 45 46 47 48 49 50 51 52 53 54 55 56 57 58 59 60 61 62 63 64 65 66 67 68 69 70 71 72 73 74 75 76 77 78 79 80 81 82 83 84 85 86 87 88 89 90 91 92 93 output 1 27 21 2 3 22 4 5 3 16 7 9 3 11 6 9 14
3 4 5 6 7 5 8 9 10 5 11 12 10 15 -1 13 14 16 17 18 19 20 21 22 23 24 25 26 27 28 29 30 31 32 33 34 35 36 37 38 39 40 41 42 43 44 45 46 47 48 49 50 51 52 53 54 55 56 57 58 59 60 61 62 63 64 65 66 67 68 69 70 71 72 73 74 75 76 77 78 79 80 81 82 83 84 85 86 87 88 89 90 91 92 93 output 1 2 3 4 5 17 11 12 9 17 8 3 9 14 18 19 41 21 3 22 23 24 25 26
3 4 5 6 7 5 8 9 10 5 11 12 10 5 13 14 10 15 16 17 18 19 14 20 21 22 23 24 -1 25 26 27 28 29 30 31 32 33 34 35 36 37 38 39 40 41 42 43 44 45 46 47 48 49 50 51 52 53 54 55 56 57 58 59 60 61 62 63 64 65 66 67 68 69 70 71 72 73 74 75 76 77 78 79 80 81 82 83 84 85 86 87 88 89 90 91 92 93 output 1 2 3 4 5 3 7 8 9 3 11 16 9 3 15 43 9 41 22 16 65 43 24 9 18
3 4 5 6 7 12 9 14 10 14 11 5 10 15 -1 8 13 16 17 18 19 20 21 22 23 24 25 26 27 28 29 30 31 32 33 34 35 36 37 38 39 40 41 42 43 44 45 46 47 48 49 50 51 52 53 54 55 56 57 58 59 60 61 62 63 64 65 66 67 68 69 70 71 72 73 74 75 76 77 78 79 80 81 82 83 84 85 86 87 88 89 90 91 92 93 output 1 2 3 4 5 3 16 7 9 3 11 6 9 14
3 4 5 6 7 12 9 5 10 5 8 11 10 15 -1 13 14 16 17 18 19 20 21 22 23 24 25 26 27 28 29 30 31 32 33 34 35 36 37 38 39 40 41 42 43 44 45 46 47 48 49 50 51 52 53 54 55 56 57 58 59 60 61 62 63 64 65 66 67 68 69 70 71 72 73 74 75 76 77 78 79 80 81 82 83 84 85 86 87 88 89 90 91 92 93 output 1 2 3 4 5 3 11 7 9 3 12 6 9 14
3 25 19 4 5 20 6 7 5 8 9 10 15 -1 11 12 13 14 16 17 18 21 22 23 24 26 27 28 29 30 31 32 33 34 35 36 37 38 39 40 41 42 43 44 45 46 47 48 49 50 51 52 53 54 55 56 57 58 59 60 61 62 63 64 65 66 67 68 69 70 71 72 73 74 75 76 77 78 79 80 81 82 83 84 85 86 87 88 89 90 91 92 93 output 1 4 5 7 8 5 11 28 61 28 12 13
3 4 5 6 7 12 9 5 10 15 -1 8 11 13 14 16 17 18 19 20 21 22 23 24 25 26 27 28 29 30 31 32 33 34 35 36 37 38 39 40 41 42 43 44 45 46 47 48 49 50 51 52 53 54 55 56 57 58 59 60 61 62 63 64 65 66 67 68 69 70 71 72 73 74 75 76 77 78 79 80 81 82 83 84 85 86 87 88 89 90 91 92 93 output 31 4 5 6 12 7 9 10
3 4 5 6 7 12 9 5 10 5 11 26 10 15 -1 8 13 14 16 17 18 19 20 21 22 23 24 25 27 28 29 30 31 32 33 34 35 36 37 38 39 40 41 42 43 44 45 46 47 48 49 50 51 52 53 54 55 56 57 58 59 60 61 62 63 64 65 66 67 68 69 70 71 72 73 74 75 76 77 78 79 80 81 82 83 84 85 86 87 88 89 90 91 92 93 output 1 2 3 4 5 3 7 6 9 3 11 12 9 14
3 4 5 6 7 5 9 12 10 7 5 11 26 10 15 27 7 5 13 14 10 14 34 26 10 15 15 -1 8 16 17 18 19 20 21 22 23 24 25 28 29 30 31 32 33 35 36 37 38 39 40 41 42 43 44 45 46 47 48 49 50 51 52 53 54 55 56 57 58 59 60 61 62 63 64 65 66 67 68 69 70 71 72 73 74 75 76 77 78 79 80 81 82 83 84 85 86 87 88 89 90 91 92 93 output 1 2 3 4 5 3 29 7 9 3 12 8 9 5 3 19 13 9 15 16 5 3 19 20 9 20 61 13 9 15 15
3 4 5 6 7 5 8 9 10 5 11 12 10 5 13 14 10 15 16 17 18 19 14 20 21 22 23 24 -1 25 26 27 28 29 30 31 32 33 34 35 36 37 38 39 40 41 42 43 44 45 46 47 48 49 50 51 52 53 54 55 56 57 58 59 60 61 62 63 64 65 66 67 68 69 70 71 72 73 74 75 76 77 78 79 80 81 82 83 84 85 86 87 88 89 90 91 92 93 output 1 2 3 4 5 3 7 8 9 5 3 11 16 9 18 32 5 3 15 16 9 18 41 22 16 47 67 24 18
3 4 5 6 7 12 9 5 10 5 8 26 10 15 -1 11 13 14 16 17 18 19 20 21 22 23 24 25 27 28 29 30 31 32 33 34 35 36 37 38 39 40 41 42 43 44 45 46 47 48 49 50 51 52 53 54 55 56 57 58 59 60 61 62 63 64 65 66 67 68 69 70 71 72 73 74 75 76 77 78 79 80 81 82 83 84 85 86 87 88 89 90 91 92 93 output 1 2 3 4 5 3 11 12 9 3 7 6 9 14
3 4 5 6 7 12 9 5 10 15 -1 8 11 13 14 16 17 18 19 20 21 22 23 24 25 26 27 28 29 30 31 32 33 34 35 36 37 38 39 40 41 42 43 44 45 46 47 48 49 50 51 52 53 54 55 56 57 58 59 60 61 62 63 64 65 66 67 68 69 70 71 72 73 74 75 76 77 78 79 80 81 82 83 84 85 86 87 88 89 90 91 92 93 output 31 4 5 6 12 26 9 10
3 4 5 6 7 12 9 5 10 15 -1 8 11 13 14 16 17 18 19 20 21 22 23 24 25 26 27 28 29 30 31 32 33 34 35 36 37 38 39 40 41 42 43 44 45 46 47 48 49 50 51 52 53 54 55 56 57 58 59 60 61 62 63 64 65 66 67 68 69 70 71 72 73 74 75 76 77 78 79 80 81 82 83 84 85 86 87 88 89 90 91 92 93 output 31 4 5 6 7 3 9 10
3 4 5 6 7 12 9 14 10 14 11 5 10 15 -1 8 13 16 17 18 19 20 21 22 23 24 25 26 27 28 29 30 31 32 33 34 35 36 37 38 39 40 41 42 43 44 45 46 47 48 49 50 51 52 53 54 55 56 57 58 59 60 61 62 63 64 65 66 67 68 69 70 71 72 73 74 75 76 77 78 79 80 81 82 83 84 85 86 87 88 89 90 91 92 93 output 1 2 3 4 5 3 16 7 9 3 11 6 9 14
3 4 5 6 7 5 8 9 10 5 11 12 10 5 13 14 10 15 16 17 18 19 38 20 21 22 23 24 -1 25 26 27 28 29 30 31 32 33 34 35 36 37 39 40 41 42 43 44 45 46 47 48 49 50 51 52 53 54 55 56 57 58 59 60 61 62 63 64 65 66 67 68 69 70 71 72 73 74 75 76 77 78 79 80 81 82 83 84 85 86 87 88 89 90 91 92 93 output 1 2 3 4 5 3 7 8 9 3 11 12 9 3 15 16 9 41 22 67 22 16 24 68 69 24 18
3 4 5 6 7 12 9 14 10 14 11 5 10 15 -1 8 13 16 17 18 19 20 21 22 23 24 25 26 27 28 29 30 31 32 33 34 35 36 37 38 39 40 41 42 43 44 45 46 47 48 49 50 51 52 53 54 55 56 57 58 59 60 61 62 63 64 65 66 67 68 69 70 71 72 73 74 75 76 77 78 79 80 81 82 83 84 85 86 87 88 89 90 91 92 93 output 1 2 3 4 5 3 16 7 9 3 11 6 9 14
3 4 5 6 7 5 9 12 10 5 11 14 10 15 16 17 18 19 14 20 21 22 23 24 -1 8 13 25 26 27 28 29 30 31 32 33 34 35 36 37 38 39 40 41 42 43 44 45 46 47 48 49 50 51 52 53 54 55 56 57 58 59 60 61 62 63 64 65 66 67 68 69 70 71 72 73 74 75 76 77 78 79 80 81 82 83 84 85 86 87 88 89 90 91 92 93 output 1 2 3 4 5 12 7 8 9 12 11 3 9 14
3 25 19 4 5 20 6 7 5 8 9 10 5 11 12 10 15 -1 13 14 16 17 18 21 22 23 24 26 27 28 29 30 31 32 33 34 35 36 37 38 39 40 41 42 43 44 45 46 47 48 49 50 51 52 53 54 55 56 57 58 59 60 61 62 63 64 65 66 67 68 69 70 71 72 73 74 75 76 77 78 79 80 81 82 83 84 85 86 87 88 89 90 91 92 93 output 1 4 5 7 8 5 10 11 12 5 14 15 12 17
3 4 5 6 7 5 8 9 10 5 11 14 10 15 16 17 18 19 14 20 21 22 23 24 -1 12 13 25 26 27 28 29 30 31 32 33 34 35 36 37 38 39 40 41 42 43 44 45 46 47 48 49 50 51 52 53 54 55 56 57 58 59 60 61 62 63 64 65 66 67 68 69 70 71 72 73 74 75 76 77 78 79 80 81 82 83 84 85 86 87 88 89 90 91 92 93 output 1 2 3 4 5 3 7 8 9 3 11 12 9 14 15 16 17 18 12 20 21 24 23 24
3 25 19 4 5 20 6 7 5 8 9 10 15 -1 11 12 13 14 16 17 18 21 22 23 24 26 27 28 29 30 31 32 33 34 35 36 37 38 39 40 41 42 43 44 45 46 47 48 49 50 51 52 53 54 55 56 57 58 59 60 61 62 63 64 65 66 67 68 69 70 71 72 73 74 75 76 77 78 79 80 81 82 83 84 85 86 87 88 89 90 91 92 93 output 1 4 5 7 8 5 11 66 67 66 30 12 13
3 4 5 6 7 12 9 5 10 5 11 26 10 5 11 68 10 15 -1 8 13 14 16 17 18 19 20 21 22 23 24 25 27 28 29 30 31 32 33 34 35 36 37 38 39 40 41 42 43 44 45 46 47 48 49 50 51 52 53 54 55 56 57 58 59 60 61 62 63 64 65 66 67 69 70 71 72 73 74 75 76 77 78 79 80 81 82 83 84 85 86 87 88 89 90 91 92 93 output 37 4 5 5 6 7 12 9 18 33 5 6 7 3 9 3 21 12 9 18 18
3 4 5 6 7 5 8 9 10 14 8 11 10 14 13 38 10 15 27 7 14 13 38 10 38 50 38 10 15 15 -1 12 16 17 18 19 20 21 22 23 24 25 26 28 29 30 31 32 33 34 35 36 37 39 40 41 42 43 44 45 46 47 48 49 51 52 53 54 55 56 57 58 59 60 61 62 63 64 65 66 67 68 69 70 71 72 73 74 75 76 77 78 79 80 81 82 83 84 85 86 87 88 89 90 91 92 93 output 1 2 3 4 5 3 7 8 9 3 12 10 9 5 10 15 32 18 19 5 10 15 16 9 16 26 32 18 18
3 4 5 6 7 5 8 9 10 5 11 12 10 5 13 14 10 15 16 17 18 19 14 20 21 22 23 24 -1 25 26 27 28 29 30 31 32 33 34 35 36 37 38 39 40 41 42 43 44 45 46 47 48 49 50 51 52 53 54 55 56 57 58 59 60 61 62 63 64 65 66 67 68 69 70 71 72 73 74 75 76 77 78 79 80 81 82 83 84 85 86 87 88 89 90 91 92 93 output 1 2 3 4 5 16 7 8 9 16 11 12 9 16 15 3 9 18
3 4 5 6 7 5 8 9 10 5 11 12 10 5 13 14 10 15 16 17 18 19 14 20 21 22 23 24 -1 25 26 27 28 29 30 31 32 33 34 35 36 37 38 39 40 41 42 43 44 45 46 47 48 49 50 51 52 53 54 55 56 57 58 59 60 61 62 63 64 65 66 67 68 69 70 71 72 73 74 75 76 77 78 79 80 81 82 83 84 85 86 87 88 89 90 91 92 93 output 1 2 3 4 5 3 7 8 9 3 11 12 9 3 15 31 9 18
3 25 19 4 5 20 6 7 5 8 12 10 15 -1 9 11 13 14 16 17 18 21 22 23 24 26 27 28 29 30 31 32 33 34 35 36 37 38 39 40 41 42 43 44 45 46 47 48 49 50 51 52 53 54 55 56 57 58 59 60 61 62 63 64 65 66 67 68 69 70 71 72 73 74 75 76 77 78 79 80 81 82 83 84 85 86 87 88 89 90 91 92 93 output 1 4 5 7 8 5 10 69 12 5 70 28 71 28 30 12 13
3 4 5 6 7 12 9 5 10 15 -1 8 11 13 14 16 17 18 19 20 21 22 23 24 25 26 27 28 29 30 31 32 33 34 35 36 37 38 39 40 41 42 43 44 45 46 47 48 49 50 51 52 53 54 55 56 57 58 59 60 61 62 63 64 65 66 67 68 69 70 71 72 73 74 75 76 77 78 79 80 81 82 83 84 85 86 87 88 89 90 91 92 93 output 1 25 19 2 3 20 4 5 6 7 3 9 10
3 25 19 4 5 20 6 7 5 8 9 10 15 -1 11 12 13 14 16 17 18 21 22 23 24 26 27 28 29 30 31 32 33 34 35 36 37 38 39 40 41 42 43 44 45 46 47 48 49 50 51 52 53 54 55 56 57 58 59 60 61 62 63 64 65 66 67 68 69 70 71 72 73 74 75 76 77 78 79 80 81 82 83 84 85 86 87 88 89 90 91 92 93 output 31 7 8 5 10 11 12 5 72 28 73 74 28 30 12 13
3 4 5 6 7 12 9 14 10 14 11 5 10 15 -1 8 13 16 17 18 19 20 21 22 23 24 25 26 27 28 29 30 31 32 33 34 35 36 37 38 39 40 41 42 43 44 45 46 47 48 49 50 51 52 53 54 55 56 57 58 59 60 61 62 63 64 65 66 67 68 69 70 71 72 73 74 75 76 77 78 79 80 81 82 83 84 85 86 87 88 89 90 91 92 93 output 1 2 3 4 5 3 16 7 9 3 11 6 9 14
3 4 5 6 7 5 8 9 10 5 11 14 10 15 16 17 18 19 14 20 21 22 23 24 -1 12 13 25 26 27 28 29 30 31 32 33 34 35 36 37 38 39 40 41 42 43 44 45 46 47 48 49 50 51 52 53 54 55 56 57 58 59 60 61 62 63 64 65 66 67 68 69 70 71 72 73 74 75 76 77 78 79 80 81 82 83 84 85 86 87 88 89 90 91 92 93 output 1 2 3 4 5 12 7 8 9 12 11 3 9 14 15 16 17 18 28 18 12 20 20 21 22 23 24
3 4 5 6 7 12 9 5 10 5 11 26 10 15 -1 8 13 14 16 17 18 19 20 21 22 23 24 25 27 28 29 30 31 32 33 34 35 36 37 38 39 40 41 42 43 44 45 46 47 48 49 50 51 52 53 54 55 56 57 58 59 60 61 62 63 64 65 66 67 68 69 70 71 72 73 74 75 76 77 78 79 80 81 82 83 84 85 86 87 88 89 90 91 92 93 output 1 2 3 4 5 3 7 6 9 3 11 12 9 14
3 4 5 6 7 12 9 14 10 14 11 5 10 15 -1 8 13 16 17 18 19 20 21 22 23 24 25 26 27 28 29 30 31 32 33 34 35 36 37 38 39 40 41 42 43 44 45 46 47 48 49 50 51 52 53 54 55 56 57 58 59 60 61 62 63 64 65 66 67 68 69 70 71 72 73 74 75 76 77 78 79 80 81 82 83 84 85 86 87 88 89 90 91 92 93 output 1 2 3 4 5 3 16 7 9 3 11 6 9 14
3 25 19 4 5 20 6 7 5 8 12 10 15 -1 9 11 13 14 16 17 18 21 22 23 24 26 27 28 29 30 31 32 33 34 35 36 37 38 39 40 41 42 43 44 45 46 47 48 49 50 51 52 53 54 55 56 57 58 59 60 61 62 63 64 65 66 67 68 69 70 71 72 73 74 75 76 77 78 79 80 81 82 83 84 85 86 87 88 89 90 91 92 93 output 1 4 5 7 8 5 10 11 12 13
3 4 5 6 7 12 9 5 10 5 8 11 10 15 -1 13 14 16 17 18 19 20 21 22 23 24 25 26 27 28 29 30 31 32 33 34 35 36 37 38 39 40 41 42 43 44 45 46 47 48 49 50 51 52 53 54 55 56 57 58 59 60 61 62 63 64 65 66 67 68 69 70 71 72 73 74 75 76 77 78 79 80 81 82 83 84 85 86 87 88 89 90 91 92 93 output 33 4 5 6 7 3 9 3 11 12 9 14
3 4 5 6 7 12 9 5 10 15 -1 8 11 13 14 16 17 18 19 20 21 22 23 24 25 26 27 28 29 30 31 32 33 34 35 36 37 38 39 40 41 42 43 44 45 46 47 48 49 50 51 52 53 54 55 56 57 58 59 60 61 62 63 64 65 66 67 68 69 70 71 72 73 74 75 76 77 78 79 80 81 82 83 84 85 86 87 88 89 90 91 92 93 output 1 2 3 4 5 3 7 6 9 10
3 25 19 4 5 20 6 7 5 8 9 10 5 11 12 10 15 -1 13 14 16 17 18 21 22 23 24 26 27 28 29 30 31 32 33 34 35 36 37 38 39 40 41 42 43 44 45 46 47 48 49 50 51 52 53 54 55 56 57 58 59 60 61 62 63 64 65 66 67 68 69 70 71 72 73 74 75 76 77 78 79 80 81 82 83 84 85 86 87 88 89 90 91 92 93 output 33 7 8 5 11 15 12 5 10 14 12 17
3 4 5 6 7 12 9 5 10 15 -1 8 11 13 14 16 17 18 19 20 21 22 23 24 25 26 27 28 29 30 31 32 33 34 35 36 37 38 39 40 41 42 43 44 45 46 47 48 49 50 51 52 53 54 55 56 57 58 59 60 61 62 63 64 65 66 67 68 69 70 71 72 73 74 75 76 77 78 79 80 81 82 83 84 85 86 87 88 89 90 91 92 93 output 31 4 5 6 7 3 9 10
3 4 5 6 7 5 8 9 10 5 11 12 10 5 13 26 10 15 -1 14 16 17 18 19 20 21 22 23 24 25 27 28 29 30 31 32 33 34 35 36 37 38 39 40 41 42 43 44 45 46 47 48 49 50 51 52 53 54 55 56 57 58 59 60 61 62 63 64 65 66 67 68 69 70 71 72 73 74 75 76 77 78 79 80 81 82 83 84 85 86 87 88 89 90 91 92 93 output 1 2 3 4 5 3 7 8 9 5 3 15 12 9 18 31 5 3 11 12 9 18 18
3 4 5 6 7 12 9 5 10 15 -1 8 11 13 14 16 17 18 19 20 21 22 23 24 25 26 27 28 29 30 31 32 33 34 35 36 37 38 39 40 41 42 43 44 45 46 47 48 49 50 51 52 53 54 55 56 57 58 59 60 61 62 63 64 65 66 67 68 69 70 71 72 73 74 75 76 77 78 79 80 81 82 83 84 85 86 87 88 89 90 91 92 93 output 1 25 19 2 3 20 4 5 6 7 3 9 10
3 4 5 6 7 12 9 5 10 5 11 26 10 15 -1 8 13 14 16 17 18 19 20 21 22 23 24 25 27 28 29 30 31 32 33 34 35 36 37 38 39 40 41 42 43 44 45 46 47 48 49 50 51 52 53 54 55 56 57 58 59 60 61 62 63 64 65 66 67 68 69 70 71 72 73 74 75 76 77 78 79 80 81 82 83 84 85 86 87 88 89 90 91 92 93 output 33 4 5 6 7 3 9 12 7 18 9 38 22 3 44 18 23 14
3 25 19 4 5 20 6 7 12 9 5 10 15 -1 8 11 13 14 16 17 18 21 22 23 24 26 27 28 29 30 31 32 33 34 35 36 37 38 39 40 41 42 43 44 45 46 47 48 49 50 51 52 53 54 55 56 57 58 59 60 61 62 63 64 65 66 67 68 69 70 71 72 73 74 75 76 77 78 79 80 81 82 83 84 85 86 87 88 89 90 91 92 93 output 1 4 5 7 8 9 10 5 12 13
3 4 5 6 7 12 9 14 10 14 11 5 10 15 -1 8 13 16 17 18 19 20 21 22 23 24 25 26 27 28 29 30 31 32 33 34 35 36 37 38 39 40 41 42 43 44 45 46 47 48 49 50 51 52 53 54 55 56 57 58 59 60 61 62 63 64 65 66 67 68 69 70 71 72 73 74 75 76 77 78 79 80 81 82 83 84 85 86 87 88 89 90 91 92 93 output 1 2 3 4 5 3 7 6 9 3 11 8 9 14 18 19 20 21 8 22 23 24 25 26
3 4 5 6 7 5 8 9 10 14 8 11 10 5 13 14 10 14 34 12 10 15 -1 16 17 18 19 20 21 22 23 24 25 26 27 28 29 30 31 32 33 35 36 37 38 39 40 41 42 43 44 45 46 47 48 49 50 51 52 53 54 55 56 57 58 59 60 61 62 63 64 65 66 67 68 69 70 71 72 73 74 75 76 77 78 79 80 81 82 83 84 85 86 87 88 89 90 91 92 93 output 1 2 3 4 5 20 8 10 9 3 7 12 9 5 3 8 45 9 22 35 5 3 19 45 9 22 43 27 45 49 10 28 9 22
3 4 5 6 7 5 9 12 10 7 5 11 26 10 15 27 7 5 11 14 10 14 34 26 10 15 15 -1 8 13 16 17 18 19 20 21 22 23 24 25 28 29 30 31 32 33 35 36 37 38 39 40 41 42 43 44 45 46 47 48 49 50 51 52 53 54 55 56 57 58 59 60 61 62 63 64 65 66 67 68 69 70 71 72 73 74 75 76 77 78 79 80 81 82 83 84 85 86 87 88 89 90 91 92 93 output 1 2 3 4 5 3 7 8 9 5 3 12 13 9 15 16 5 3 30 20 9 20 23 13 9 15 15
3 4 5 6 7 5 8 9 10 5 11 14 10 15 16 17 18 19 14 20 21 22 23 24 -1 12 13 25 26 27 28 29 30 31 32 33 34 35 36 37 38 39 40 41 42 43 44 45 46 47 48 49 50 51 52 53 54 55 56 57 58 59 60 61 62 63 64 65 66 67 68 69 70 71 72 73 74 75 76 77 78 79 80 81 82 83 84 85 86 87 88 89 90 91 92 93 output 1 2 3 4 5 3 7 8 9 3 11 12 9 39 18 12 78 79 20 14
3 4 5 6 7 12 9 5 10 15 -1 8 11 13 14 16 17 18 19 20 21 22 23 24 25 26 27 28 29 30 31 32 33 34 35 36 37 38 39 40 41 42 43 44 45 46 47 48 49 50 51 52 53 54 55 56 57 58 59 60 61 62 63 64 65 66 67 68 69 70 71 72 73 74 75 76 77 78 79 80 81 82 83 84 85 86 87 88 89 90 91 92 93 output 31 4 5 6 7 26 9 10
3 4 5 6 7 5 9 12 10 7 5 11 26 10 15 27 7 5 11 14 10 14 34 26 10 15 15 -1 8 13 16 17 18 19 20 21 22 23 24 25 28 29 30 31 32 33 35 36 37 38 39 40 41 42 43 44 45 46 47 48 49 50 51 52 53 54 55 56 57 58 59 60 61 62 63 64 65 66 67 68 69 70 71 72 73 74 75 76 77 78 79 80 81 82 83 84 85 86 87 88 89 90 91 92 93 output 1 2 3 4 5 3 7 8 9 5 3 12 13 9 15 16 5 3 30 20 9 20 23 13 9 15 15
3 4 5 6 7 5 8 9 10 5 11 14 10 15 16 17 18 19 14 20 21 22 23 24 -1 12 13 25 26 27 28 29 30 31 32 33 34 35 36 37 38 39 40 41 42 43 44 45 46 47 48 49 50 51 52 53 54 55 56 57 58 59 60 61 62 63 64 65 66 67 68 69 70 71 72 73 74 75 76 77 78 79 80 81 82 83 84 85 86 87 88 89 90 91 92 93 output 1 2 3 4 5 3 7 8 9 3 11 12 9 14 80 16 3 81 18 28 18 12 20 45 82 20
3 4 5 6 7 5 9 12 10 5 8 11 10 5 9 26 10 15 -1 13 14 16 17 18 19 20 21 22 23 24 25 27 28 29 30 31 32 33 34 35 36 37 38 39 40 41 42 43 44 45 46 47 48 49 50 51 52 53 54 55 56 57 58 59 60 61 62 63 64 65 66 67 68 69 70 71 72 73 74 75 76 77 78 79 80 81 82 83 84 85 86 87 88 89 90 91 92 93 output 1 2 3 4 5 3 11 7 9 3 12 8 9 3 12 16 9 18
3 4 5 6 7 12 9 5 10 15 -1 8 11 13 14 16 17 18 19 20 21 22 23 24 25 26 27 28 29 30 31 32 33 34 35 36 37 38 39 40 41 42 43 44 45 46 47 48 49 50 51 52 53 54 55 56 57 58 59 60 61 62 63 64 65 66 67 68 69 70 71 72 73 74 75 76 77 78 79 80 81 82 83 84 85 86 87 88 89 90 91 92 93 output 31 4 5 6 7 26 9 10
3 4 5 6 7 12 9 14 10 14 11 5 10 15 -1 8 13 16 17 18 19 20 21 22 23 24 25 26 27 28 29 30 31 32 33 34 35 36 37 38 39 40 41 42 43 44 45 46 47 48 49 50 51 52 53 54 55 56 57 58 59 60 61 62 63 64 65 66 67 68 69 70 71 72 73 74 75 76 77 78 79 80 81 82 83 84 85 86 87 88 89 90 91 92 93 output 1 2 3 4 5 3 16 7 9 3 11 6 9 14
3 4 5 6 7 5 8 9 10 5 11 14 10 15 16 17 18 19 14 20 21 22 23 24 -1 12 13 25 26 27 28 29 30 31 32 33 34 35 36 37 38 39 40 41 42 43 44 45 46 47 48 49 50 51 52 53 54 55 56 57 58 59 60 61 62 63 64 65 66 67 68 69 70 71 72 73 74 75 76 77 78 79 80 81 82 83 84 85 86 87 88 89 90 91 92 93 output 1 2 3 4 5 3 7 8 9 3 11 12 9 14 15 16 17 18 28 18 12 20 20 21 22 23 24
3 4 5 6 7 12 9 14 10 14 11 5 10 15 -1 8 13 16 17 18 19 20 21 22 23 24 25 26 27 28 29 30 31 32 33 34 35 36 37 38 39 40 41 42 43 44 45 46 47 48 49 50 51 52 53 54 55 56 57 58 59 60 61 62 63 64 65 66 67 68 69 70 71 72 73 74 75 76 77 78 79 80 81 82 83 84 85 86 87 88 89 90 91 92 93 output 1 2 3 4 5 3 16 7 9 3 11 6 9 14
3 4 5 6 7 5 9 12 10 14 11 5 10 15 -1 8 13 16 17 18 19 20 21 22 23 24 25 26 27 28 29 30 31 32 33 34 35 36 37 38 39 40 41 42 43 44 45 46 47 48 49 50 51 52 53 54 55 56 57 58 59 60 61 62 63 64 65 66 67 68 69 70 71 72 73 74 75 76 77 78 79 80 81 82 83 84 85 86 87 88 89 90 91 92 93 output 1 2 3 4 5 10 16 8 9 10 7 3 9 14
3 4 5 6 7 5 8 9 10 5 11 12 10 5 13 26 10 15 -1 14 16 17 18 19 20 21 22 23 24 25 27 28 29 30 31 32 33 34 35 36 37 38 39 40 41 42 43 44 45 46 47 48 49 50 51 52 53 54 55 56 57 58 59 60 61 62 63 64 65 66 67 68 69 70 71 72 73 74 75 76 77 78 79 80 81 82 83 84 85 86 87 88 89 90 91 92 93 output 1 2 3 4 5 12 8 20 9 3 7 72 9 3 8 20 9 40 24 3 61 12 25 18
3 4 5 6 7 12 9 5 10 15 -1 8 11 13 14 16 17 18 19 20 21 22 23 24 25 26 27 28 29 30 31 32 33 34 35 36 37 38 39 40 41 42 43 44 45 46 47 48 49 50 51 52 53 54 55 56 57 58 59 60 61 62 63 64 65 66 67 68 69 70 71 72 73 74 75 76 77 78 79 80 81 82 83 84 85 86 87 88 89 90 91 92 93 output 31 4 5 6 7 26 9 10
3 25 19 4 5 20 6 7 12 9 5 10 15 -1 8 11 13 14 16 17 18 21 22 23 24 26 27 28 29 30 31 32 33 34 35 36 37 38 39 40 41 42 43 44 45 46 47 48 49 50 51 52 53 54 55 56 57 58 59 60 61 62 63 64 65 66 67 68 69 70 71 72 73 74 75 76 77 78 79 80 81 82 83 84 85 86 87 88 89 90 91 92 93 output 1 2 3 4 5 6 7 8 5 10 9 12 13
3 4 5 6 7 5 8 9 10 7 5 11 12 10 15 27 7 5 11 26 10 15 15 -1 13 14 16 17 18 19 20 21 22 23 24 25 28 29 30 31 32 33 34 35 36 37 38 39 40 41 42 43 44 45 46 47 48 49 50 51 52 53 54 55 56 57 58 59 60 61 62 63 64 65 66 67 68 69 70 71 72 73 74 75 76 77 78 79 80 81 82 83 84 85 86 87 88 89 90 91 92 93 output 1 2 3 4 5 3 7 8 9 3 12 13 9 3 25 20 9 15
3 25 19 4 5 20 6 7 12 9 5 10 15 -1 8 11 13 14 16 17 18 21 22 23 24 26 27 28 29 30 31 32 33 34 35 36 37 38 39 40 41 42 43 44 45 46 47 48 49 50 51 52 53 54 55 56 57 58 59 60 61 62 63 64 65 66 67 68 69 70 71 72 73 74 75 76 77 78 79 80 81 82 83 84 85 86 87 88 89 90 91 92 93 output 1 4 5 7 8 9 10 5 12 13
3 25 19 4 5 20 6 7 5 8 9 10 15 -1 11 12 13 14 16 17 18 21 22 23 24 26 27 28 29 30 31 32 33 34 35 36 37 38 39 40 41 42 43 44 45 46 47 48 49 50 51 52 53 54 55 56 57 58 59 60 61 62 63 64 65 66 67 68 69 70 71 72 73 74 75 76 77 78 79 80 81 82 83 84 85 86 87 88 89 90 91 92 93 output 1 4 5 7 8 18 11 5 12 18 72 28 80 81 28 30 12 13
3 4 5 6 7 12 9 14 10 14 11 5 10 15 -1 8 13 16 17 18 19 20 21 22 23 24 25 26 27 28 29 30 31 32 33 34 35 36 37 38 39 40 41 42 43 44 45 46 47 48 49 50 51 52 53 54 55 56 57 58 59 60 61 62 63 64 65 66 67 68 69 70 71 72 73 74 75 76 77 78 79 80 81 82 83 84 85 86 87 88 89 90 91 92 93 output 1 2 3 4 5 3 16 7 9 3 11 6 9 14
3 4 5 6 7 5 8 9 10 5 11 12 10 5 13 14 10 15 16 17 18 19 14 20 21 22 23 24 -1 25 26 27 28 29 30 31 32 33 34 35 36 37 38 39 40 41 42 43 44 45 46 47 48 49 50 51 52 53 54 55 56 57 58 59 60 61 62 63 64 65 66 67 68 69 70 71 72 73 74 75 76 77 78 79 80 81 82 83 84 85 86 87 88 89 90 91 92 93 output 1 2 3 4 5 3 7 8 9 5 3 11 16 9 18 32 5 3 15 16 9 18 18 19 20 21 22 16 24 25 26 27 28
3 4 5 6 7 12 9 5 10 5 8 11 10 15 -1 13 14 16 17 18 19 20 21 22 23 24 25 26 27 28 29 30 31 32 33 34 35 36 37 38 39 40 41 42 43 44 45 46 47 48 49 50 51 52 53 54 55 56 57 58 59 60 61 62 63 64 65 66 67 68 69 70 71 72 73 74 75 76 77 78 79 80 81 82 83 84 85 86 87 88 89 90 91 92 93 output 33 4 5 6 7 3 9 28 7 17 9 38 21 3 77 17 22 14
3 4 5 6 7 5 8 9 10 5 11 14 10 15 16 17 18 19 14 20 21 22 23 24 -1 12 13 25 26 27 28 29 30 31 32 33 34 35 36 37 38 39 40 41 42 43 44 45 46 47 48 49 50 51 52 53 54 55 56 57 58 59 60 61 62 63 64 65 66 67 68 69 70 71 72 73 74 75 76 77 78 79 80 81 82 83 84 85 86 87 88 89 90 91 92 93 output 1 2 3 4 5 3 7 8 9 3 11 12 9 39 18 12 45 85 20 9 14
3 4 5 6 7 5 8 9 10 5 11 12 10 5 13 14 10 15 16 17 18 19 14 20 21 22 23 24 -1 25 26 27 28 29 30 31 32 33 34 35 36 37 38 39 40 41 42 43 44 45 46 47 48 49 50 51 52 53 54 55 56 57 58 59 60 61 62 63 64 65 66 67 68 69 70 71 72 73 74 75 76 77 78 79 80 81 82 83 84 85 86 87 88 89 90 91 92 93 output 1 2 3 4 5 3 7 8 9 3 11 12 9 3 15 16 9 41 22 88 22 16 24 69 89 24 18
3 4 5 6 7 12 9 14 10 14 11 5 10 15 -1 8 13 16 17 18 19 20 21 22 23 24 25 26 27 28 29 30 31 32 33 34 35 36 37 38 39 40 41 42 43 44 45 46 47 48 49 50 51 52 53 54 55 56 57 58 59 60 61 62 63 64 65 66 67 68 69 70 71 72 73 74 75 76 77 78 79 80 81 82 83 84 85 86 87 88 89 90 91 92 93 output 1 2 3 4 5 3 16 7 9 3 11 6 9 14
3 4 5 6 7 12 9 5 10 5 9 26 10 15 -1 8 11 13 14 16 17 18 19 20 21 22 23 24 25 27 28 29 30 31 32 33 34 35 36 37 38 39 40 41 42 43 44 45 46 47 48 49 50 51 52 53 54 55 56 57 58 59 60 61 62 63 64 65 66 67 68 69 70 71 72 73 74 75 76 77 78 79 80 81 82 83 84 85 86 87 88 89 90 91 92 93 output 1 2 3 4 5 3 7 6 9 3 17 12 9 14
3 25 19 4 5 20 6 7 12 9 5 10 15 -1 8 11 13 14 16 17 18 21 22 23 24 26 27 28 29 30 31 32 33 34 35 36 37 38 39 40 41 42 43 44 45 46 47 48 49 50 51 52 53 54 55 56 57 58 59 60 61 62 63 64 65 66 67 68 69 70 71 72 73 74 75 76 77 78 79 80 81 82 83 84 85 86 87 88 89 90 91 92 93 output 1 2 3 4 5 6 7 8 5 10 9 12 13
3 4 5 6 7 12 9 14 10 14 11 5 10 15 -1 8 13 16 17 18 19 20 21 22 23 24 25 26 27 28 29 30 31 32 33 34 35 36 37 38 39 40 41 42 43 44 45 46 47 48 49 50 51 52 53 54 55 56 57 58 59 60 61 62 63 64 65 66 67 68 69 70 71 72 73 74 75 76 77 78 79 80 81 82 83 84 85 86 87 88 89 90 91 92 93 output 1 2 3 4 5 3 7 6 9 3 11 26 9 14
3 4 5 6 7 5 8 9 10 14 8 11 10 7 5 13 38 10 15 27 7 14 13 38 10 38 50 38 10 15 15 -1 12 16 17 18 19 20 21 22 23 24 25 26 28 29 30 31 32 33 34 35 36 37 39 40 41 42 43 44 45 46 47 48 49 51 52 53 54 55 56 57 58 59 60 61 62 63 64 65 66 67 68 69 70 71 72 73 74 75 76 77 78 79 80 81 82 83 84 85 86 87 88 89 90 91 92 93 output 1 2 3 4 5 3 7 8 9 10 7 12 9 5 10 16 3 9 19 20 5 10 16 17 9 17 27 3 9 19 19 92 35 3 93 37 43 37 10 38 58 100 38
3 4 5 6 7 5 9 12 10 7 5 11 26 10 15 27 7 5 11 26 10 15 15 -1 8 13 14 16 17 18 19 20 21 22 23 24 25 28 29 30 31 32 33 34 35 36 37 38 39 40 41 42 43 44 45 46 47 48 49 50 51 52 53 54 55 56 57 58 59 60 61 62 63 64 65 66 67 68 69 70 71 72 73 74 75 76 77 78 79 80 81 82 83 84 85 86 87 88 89 90 91 92 93 output 1 2 3 4 5 3 25 7 9 5 3 12 8 9 15 16 5 3 12 13 9 15 15
3 4 5 6 7 5 8 12 10 5 11 14 10 15 16 17 18 19 14 20 21 22 23 24 -1 9 13 25 26 27 28 29 30 31 32 33 34 35 36 37 38 39 40 41 42 43 44 45 46 47 48 49 50 51 52 53 54 55 56 57 58 59 60 61 62 63 64 65 66 67 68 69 70 71 72 73 74 75 76 77 78 79 80 81 82 83 84 85 86 87 88 89 90 91 92 93 output 1 2 3 4 5 3 7 8 9 3 26 12 9 14 15 16 17 18 12 20 21 22 23 24
3 4 5 6 7 5 8 9 10 5 11 12 10 5 13 14 10 15 16 17 18 19 14 20 21 22 23 24 -1 25 26 27 28 29 30 31 32 33 34 35 36 37 38 39 40 41 42 43 44 45 46 47 48 49 50 51 52 53 54 55 56 57 58 59 60 61 62 63 64 65 66 67 68 69 70 71 72 73 74 75 76 77 78 79 80 81 82 83 84 85 86 87 88 89 90 91 92 93 output 1 2 3 4 5 3 7 8 9 3 11 12 9 3 15 16 9 41 22 16 69 33 91 33 92 93 16 94 33 95 33 92 24 18
3 25 19 4 5 20 6 7 12 9 5 10 15 -1 8 11 13 14 16 17 18 21 22 23 24 26 27 28 29 30 31 32 33 34 35 36 37 38 39 40 41 42 43 44 45 46 47 48 49 50 51 52 53 54 55 56 57 58 59 60 61 62 63 64 65 66 67 68 69 70 71 72 73 74 75 76 77 78 79 80 81 82 83 84 85 86 87 88 89 90 91 92 93 output 1 4 5 7 8 9 10 5 12 13
3 4 5 6 7 12 9 14 10 14 11 5 10 15 -1 8 13 16 17 18 19 20 21 22 23 24 25 26 27 28 29 30 31 32 33 34 35 36 37 38 39 40 41 42 43 44 45 46 47 48 49 50 51 52 53 54 55 56 57 58 59 60 61 62 63 64 65 66 67 68 69 70 71 72 73 74 75 76 77 78 79 80 81 82 83 84 85 86 87 88 89 90 91 92 93 output 1 2 3 4 5 3 16 7 9 3 11 6 9 14
3 4 5 6 7 12 9 5 10 15 -1 8 11 13 14 16 17 18 19 20 21 22 23 24 25 26 27 28 29 30 31 32 33 34 35 36 37 38 39 40 41 42 43 44 45 46 47 48 49 50 51 52 53 54 55 56 57 58 59 60 61 62 63 64 65 66 67 68 69 70 71 72 73 74 75 76 77 78 79 80 81 82 83 84 85 86 87 88 89 90 91 92 93 output 31 4 5 6 7 28 91 28 30 9 10
3 4 5 6 7 12 9 5 10 15 -1 8 11 13 14 16 17 18 19 20 21 22 23 24 25 26 27 28 29 30 31 32 33 34 35 36 37 38 39 40 41 42 43 44 45 46 47 48 49 50 51 52 53 54 55 56 57 58 59 60 61 62 63 64 65 66 67 68 69 70 71 72 73 74 75 76 77 78 79 80 81 82 83 84 85 86 87 88 89 90 91 92 93 output 31 4 5 6 7 3 9 3 72 15 9 36 19 45 19 46 28 92 28 20 20 10
3 4 5 6 7 5 8 9 10 5 11 12 10 5 13 14 10 15 16 17 18 19 14 20 21 22 23 24 -1 25 26 27 28 29 30 31 32 33 34 35 36 37 38 39 40 41 42 43 44 45 46 47 48 49 50 51 52 53 54 55 56 57 58 59 60 61 62 63 64 65 66 67 68 69 70 71 72 73 74 75 76 77 78 79 80 81 82 83 84 85 86 87 88 89 90 91 92 93 output 1 2 3 4 5 3 7 8 9 3 11 12 9 3 15 16 9 41 22 16 47 98 24 18
3 25 19 4 5 20 6 7 5 8 9 10 5 11 12 10 15 -1 13 14 16 17 18 21 22 23 24 26 27 28 29 30 31 32 33 34 35 36 37 38 39 40 41 42 43 44 45 46 47 48 49 50 51 52 53 54 55 56 57 58 59 60 61 62 63 64 65 66 67 68 69 70 71 72 73 74 75 76 77 78 79 80 81 82 83 84 85 86 87 88 89 90 91 92 93 output 1 4 5 7 8 5 11 15 12 5 14 20 12 17 21 22 23 3 20 6 24 25 26 27
3 25 19 4 5 20 6 7 12 9 5 10 15 -1 8 11 13 14 16 17 18 21 22 23 24 26 27 28 29 30 31 32 33 34 35 36 37 38 39 40 41 42 43 44 45 46 47 48 49 50 51 52 53 54 55 56 57 58 59 60 61 62 63 64 65 66 67 68 69 70 71 72 73 74 75 76 77 78 79 80 81 82 83 84 85 86 87 88 89 90 91 92 93 output 1 4 5 7 8 9 10 5 12 13
3 4 5 6 7 5 9 12 10 5 11 14 10 15 16 17 18 19 14 20 21 22 23 24 -1 8 13 25 26 27 28 29 30 31 32 33 34 35 36 37 38 39 40 41 42 43 44 45 46 47 48 49 50 51 52 53 54 55 56 57 58 59 60 61 62 63 64 65 66 67 68 69 70 71 72 73 74 75 76 77 78 79 80 81 82 83 84 85 86 87 88 89 90 91 92 93 output 1 2 3 4 5 3 26 7 9 3 11 8 9 14
3 4 5 6 7 5 8 9 10 5 11 12 10 5 13 14 10 15 16 17 18 19 14 20 21 22 23 24 -1 25 26 27 28 29 30 31 32 33 34 35 36 37 38 39 40 41 42 43 44 45 46 47 48 49 50 51 52 53 54 55 56 57 58 59 60 61 62 63 64 65 66 67 68 69 70 71 72 73 74 75 76 77 78 79 80 81 82 83 84 85 86 87 88 89 90 91 92 93 output 1 2 3 4 5 3 8 16 9 16 11 12 9 3 15 43 9 18 19 20 21 22 43 24 25 26 27 28
3 4 5 6 7 12 9 5 10 15 -1 8 11 13 14 16 17 18 19 20 21 22 23 24 25 26 27 28 29 30 31 32 33 34 35 36 37 38 39 40 41 42 43 44 45 46 47 48 49 50 51 52 53 54 55 56 57 58 59 60 61 62 63 64 65 66 67 68 69 70 71 72 73 74 75 76 77 78 79 80 81 82 83 84 85 86 87 88 89 90 91 92 93 output 1 2 3 4 5 3 7 6 9 10
3 4 5 6 7 12 9 5 10 5 8 11 10 15 -1 13 14 16 17 18 19 20 21 22 23 24 25 26 27 28 29 30 31 32 33 34 35 36 37 38 39 40 41 42 43 44 45 46 47 48 49 50 51 52 53 54 55 56 57 58 59 60 61 62 63 64 65 66 67 68 69 70 71 72 73 74 75 76 77 78 79 80 81 82 83 84 85 86 87 88 89 90 91 92 93 output 1 2 27 21 3 22 4 5 3 7 6 9 3 12 28 9 14
3 4 5 6 7 12 9 14 10 14 11 5 10 15 -1 8 13 16 17 18 19 20 21 22 23 24 25 26 27 28 29 30 31 32 33 34 35 36 37 38 39 40 41 42 43 44 45 46 47 48 49 50 51 52 53 54 55 56 57 58 59 60 61 62 63 64 65 66 67 68 69 70 71 72 73 74 75 76 77 78 79 80 81 82 83 84 85 86 87 88 89 90 91 92 93 output 1 2 3 4 5 3 16 7 9 3 11 8 9 14 18 19 20 21 8 22 23 24 25 26
