3 4 5 6 7 5 8 9 10 11 8 12 10 11 13 11 10 14 -1 15 16 17 18 19 20 21 22 23 24 25 26 27 28 29 30 31 32 33 34 35 36 37 38 39 40 41 42 43 44 45 46 47 48 49 50 51 52 53 54 55 56 57 58 59 60 61 62 63 64 65 66 67 68 69 70 71 72 73 74 75 76 77 78 79 80 81 82 83 84 85 86 87 88 89 90 91 92 93 94 95 96 97 98 99 output 1 2 3 4 5 10 7 8 9 5 10 12 20 9 18 21 5 10 15 20 9 18 22 23 24 23 20 25 26 27 25 9 10 28 3 9 18
3 4 5 6 7 5 9 24 10 5 12 25 10 14 -1 8 11 13 15 16 17 18 19 20 21 22 23 26 27 28 29 30 31 32 33 34 35 36 37 38 39 40 41 42 43 44 45 46 47 48 49 50 51 52 53 54 55 56 57 58 59 60 61 62 63 64 65 66 67 68 69 70 71 72 73 74 75 76 77 78 79 80 81 82 83 84 85 86 87 88 89 90 91 92 93 94 95 96 97 98 99 output 1 2 3 4 5 8 11 3 9 3 7 12 9 14
3 4 5 6 7 5 8 9 10 5 12 24 10 5 13 25 10 14 -1 11 15 16 17 18 19 20 21 22 23 26 27 28 29 30 31 32 33 34 35 36 37 38 39 40 41 42 43 44 45 46 47 48 49 50 51 52 53 54 55 56 57 58 59 60 61 62 63 64 65 66 67 68 69 70 71 72 73 74 75 76 77 78 79 80 81 82 83 84 85 86 87 88 89 90 91 92 93 94 95 96 97 98 99 output 1 2 3 4 5 3 7 8 9 3 11 20 9 12 11 20 9 23 24 3 30 12 26 18
3 4 5 6 7 5 8 24 10 5 9 11 10 14 -1 12 13 15 16 17 18 19 20 21 22 23 25 26 27 28 29 30 31 32 33 34 35 36 37 38 39 40 41 42 43 44 45 46 47 48 49 50 51 52 53 54 55 56 57 58 59 60 61 62 63 64 65 66 67 68 69 70 71 72 73 74 75 76 77 78 79 80 81 82 83 84 85 86 87 88 89 90 91 92 93 94 95 96 97 98 99 output 1 2 3 4 5 3 7 8 9 3 11 29 30 29 31 9 14
3 4 5 6 7 24 9 5 10 14 -1 8 11 12 13 15 16 17 18 19 20 21 22 23 25 26 27 28 29 30 31 32 33 34 35 36 37 38 39 40 41 42 43 44 45 46 47 48 49 50 51 52 53 54 55 56 57 58 59 60 61 62 63 64 65 66 67 68 69 70 71 72 73 74 75 76 77 78 79 80 81 82 83 84 85 86 87 88 89 90 91 92 93 94 95 96 97 98 99 output 1 2 3 4 5 3 12 6 9 10
3 4 5 6 7 5 8 9 10 5 12 24 10 14 -1 11 13 15 16 17 18 19 20 21 22 23 25 26 27 28 29 30 31 32 33 34 35 36 37 38 39 40 41 42 43 44 45 46 47 48 49 50 51 52 53 54 55 56 57 58 59 60 61 62 63 64 65 66 67 68 69 70 71 72 73 74 75 76 77 78 79 80 81 82 83 84 85 86 87 88 89 90 91 92 93 94 95 96 97 98 99 output 1 2 3 4 5 12 8 16 9 16 11 3 9 14
3 4 5 6 7 24 9 11 10 11 12 5 10 14 -1 8 13 15 16 17 18 19 20 21 22 23 25 26 27 28 29 30 31 32 33 34 35 36 37 38 39 40 41 42 43 44 45 46 47 48 49 50 51 52 53 54 55 56 57 58 59 60 61 62 63 64 65 66 67 68 69 70 71 72 73 74 75 76 77 78 79 80 81 82 83 84 85 86 87 88 89 90 91 92 93 94 95 96 97 98 99 output 1 2 21 3 23 4 5 6 7 8 9 27 7 18 9 14
3 4 5 6 7 24 9 5 10 14 -1 8 11 12 13 15 16 17 18 19 20 21 22 23 25 26 27 28 29 30 31 32 33 34 35 36 37 38 39 40 41 42 43 44 45 46 47 48 49 50 51 52 53 54 55 56 57 58 59 60 61 62 63 64 65 66 67 68 69 70 71 72 73 74 75 76 77 78 79 80 81 82 83 84 85 86 87 88 89 90 91 92 93 94 95 96 97 98 99 output 1 2 3 4 5 3 7 6 9 10
3 4 5 6 7 5 8 9 10 5 12 11 10 14 30 31 32 18 11 20 33 34 35 36 -1 13 15 16 17 19 21 22 23 24 25 26 27 28 29 37 38 39 40 41 42 43 44 45 46 47 48 49 50 51 52 53 54 55 56 57 58 59 60 61 62 63 64 65 66 67 68 69 70 71 72 73 74 75 76 77 78 79 80 81 82 83 84 85 86 87 88 89 90 91 92 93 94 95 96 97 98 99 output 1 2 3 4 5 3 7 8 9 3 11 12 9 29 40 18 41 37 42 37 20 9 14
3 4 5 6 7 5 8 9 10 5 12 24 10 14 -1 11 13 15 16 17 18 19 20 21 22 23 25 26 27 28 29 30 31 32 33 34 35 36 37 38 39 40 41 42 43 44 45 46 47 48 49 50 51 52 53 54 55 56 57 58 59 60 61 62 63 64 65 66 67 68 69 70 71 72 73 74 75 76 77 78 79 80 81 82 83 84 85 86 87 88 89 90 91 92 93 94 95 96 97 98 99 output 1 42 21 2 3 23 4 5 3 7 8 9 3 11 12 9 14
3 4 5 6 7 5 8 9 10 5 12 24 10 14 -1 11 13 15 16 17 18 19 20 21 22 23 25 26 27 28 29 30 31 32 33 34 35 36 37 38 39 40 41 42 43 44 45 46 47 48 49 50 51 52 53 54 55 56 57 58 59 60 61 62 63 64 65 66 67 68 69 70 71 72 73 74 75 76 77 78 79 80 81 82 83 84 85 86 87 88 89 90 91 92 93 94 95 96 97 98 99 output 1 2 3 4 5 16 11 12 9 16 8 3 9 14 32 33 43 21 3 23 35 36 37 38
3 4 5 6 7 5 8 9 10 5 8 12 10 5 13 11 10 14 30 31 32 18 15 20 33 34 35 36 -1 16 17 19 21 22 23 24 25 26 27 28 29 37 38 39 40 41 42 43 44 45 46 47 48 49 50 51 52 53 54 55 56 57 58 59 60 61 62 63 64 65 66 67 68 69 70 71 72 73 74 75 76 77 78 79 80 81 82 83 84 85 86 87 88 89 90 91 92 93 94 95 96 97 98 99 output 1 2 3 4 5 3 7 8 9 3 12 16 9 3 15 23 9 31 22 16 47 23 24 9 18
3 40 18 4 5 20 6 7 5 8 9 10 14 -1 11 12 13 15 16 17 19 21 22 23 24 25 26 27 28 29 30 31 32 33 34 35 36 37 38 39 41 42 43 44 45 46 47 48 49 50 51 52 53 54 55 56 57 58 59 60 61 62 63 64 65 66 67 68 69 70 71 72 73 74 75 76 77 78 79 80 81 82 83 84 85 86 87 88 89 90 91 92 93 94 95 96 97 98 99 output 1 4 5 7 8 5 11 28 43 28 12 13
3 4 5 6 7 24 9 5 10 14 -1 8 11 12 13 15 16 17 18 19 20 21 22 23 25 26 27 28 29 30 31 32 33 34 35 36 37 38 39 40 41 42 43 44 45 46 47 48 49 50 51 52 53 54 55 56 57 58 59 60 61 62 63 64 65 66 67 68 69 70 71 72 73 74 75 76 77 78 79 80 81 82 83 84 85 86 87 88 89 90 91 92 93 94 95 96 97 98 99 output 44 4 5 6 12 7 9 10
3 4 5 6 7 5 8 9 10 7 5 12 24 10 14 16 7 5 13 11 10 14 14 16 7 5 13 11 10 14 14 -1 15 17 18 19 20 21 22 23 25 26 27 28 29 30 31 32 33 34 35 36 37 38 39 40 41 42 43 44 45 46 47 48 49 50 51 52 53 54 55 56 57 58 59 60 61 62 63 64 65 66 67 68 69 70 71 72 73 74 75 76 77 78 79 80 81 82 83 84 85 86 87 88 89 90 91 92 93 94 95 96 97 98 99 output 1 2 3 4 5 3 7 8 9 3 12 13 9 5 3 19 41 9 15 16 5 3 19 20 9 20 61 41 9 15 15
3 4 5 6 7 5 8 9 10 5 12 11 10 11 13 11 10 14 30 31 32 18 11 20 33 34 35 36 -1 15 16 17 19 21 22 23 24 25 26 27 28 29 37 38 39 40 41 42 43 44 45 46 47 48 49 50 51 52 53 54 55 56 57 58 59 60 61 62 63 64 65 66 67 68 69 70 71 72 73 74 75 76 77 78 79 80 81 82 83 84 85 86 87 88 89 90 91 92 93 94 95 96 97 98 99 output 1 2 3 4 5 3 7 8 9 5 3 11 12 9 18 31 5 3 15 12 9 18 32 22 12 34 52 24 18
3 4 5 6 7 5 8 9 10 5 12 24 10 14 -1 11 13 15 16 17 18 19 20 21 22 23 25 26 27 28 29 30 31 32 33 34 35 36 37 38 39 40 41 42 43 44 45 46 47 48 49 50 51 52 53 54 55 56 57 58 59 60 61 62 63 64 65 66 67 68 69 70 71 72 73 74 75 76 77 78 79 80 81 82 83 84 85 86 87 88 89 90 91 92 93 94 95 96 97 98 99 output 1 2 3 4 5 3 7 27 9 3 8 12 9 14
3 4 5 6 7 24 9 5 10 14 -1 8 11 12 13 15 16 17 18 19 20 21 22 23 25 26 27 28 29 30 31 32 33 34 35 36 37 38 39 40 41 42 43 44 45 46 47 48 49 50 51 52 53 54 55 56 57 58 59 60 61 62 63 64 65 66 67 68 69 70 71 72 73 74 75 76 77 78 79 80 81 82 83 84 85 86 87 88 89 90 91 92 93 94 95 96 97 98 99 output 44 4 5 6 12 25 9 10
3 4 5 6 7 24 9 5 10 14 -1 8 11 12 13 15 16 17 18 19 20 21 22 23 25 26 27 28 29 30 31 32 33 34 35 36 37 38 39 40 41 42 43 44 45 46 47 48 49 50 51 52 53 54 55 56 57 58 59 60 61 62 63 64 65 66 67 68 69 70 71 72 73 74 75 76 77 78 79 80 81 82 83 84 85 86 87 88 89 90 91 92 93 94 95 96 97 98 99 output 44 4 5 6 7 3 9 10
3 4 5 6 7 5 8 9 10 5 12 24 10 5 13 11 10 14 -1 15 16 17 18 19 20 21 22 23 25 26 27 28 29 30 31 32 33 34 35 36 37 38 39 40 41 42 43 44 45 46 47 48 49 50 51 52 53 54 55 56 57 58 59 60 61 62 63 64 65 66 67 68 69 70 71 72 73 74 75 76 77 78 79 80 81 82 83 84 85 86 87 88 89 90 91 92 93 94 95 96 97 98 99 output 1 2 3 4 5 3 7 8 9 3 11 12 9 3 15 16 9 22 23 51 23 16 25 52 53 25 18
3 4 5 6 7 5 9 24 10 5 12 25 10 5 13 25 10 14 -1 8 11 15 16 17 18 19 20 21 22 23 26 27 28 29 30 31 32 33 34 35 36 37 38 39 40 41 42 43 44 45 46 47 48 49 50 51 52 53 54 55 56 57 58 59 60 61 62 63 64 65 66 67 68 69 70 71 72 73 74 75 76 77 78 79 80 81 82 83 84 85 86 87 88 89 90 91 92 93 94 95 96 97 98 99 output 1 2 3 4 5 8 7 3 9 3 11 12 9 3 11 55 9 18
3 4 5 6 7 5 8 9 10 5 12 24 10 14 -1 11 13 15 16 17 18 19 20 21 22 23 25 26 27 28 29 30 31 32 33 34 35 36 37 38 39 40 41 42 43 44 45 46 47 48 49 50 51 52 53 54 55 56 57 58 59 60 61 62 63 64 65 66 67 68 69 70 71 72 73 74 75 76 77 78 79 80 81 82 83 84 85 86 87 88 89 90 91 92 93 94 95 96 97 98 99 output 1 2 3 4 5 16 8 12 9 16 11 3 9 14
3 4 5 6 7 5 8 9 10 5 12 24 10 14 -1 11 13 15 16 17 18 19 20 21 22 23 25 26 27 28 29 30 31 32 33 34 35 36 37 38 39 40 41 42 43 44 45 46 47 48 49 50 51 52 53 54 55 56 57 58 59 60 61 62 63 64 65 66 67 68 69 70 71 72 73 74 75 76 77 78 79 80 81 82 83 84 85 86 87 88 89 90 91 92 93 94 95 96 97 98 99 output 1 2 3 4 5 12 8 16 9 16 11 3 9 14
3 4 5 6 7 5 8 9 10 5 12 11 10 14 30 31 32 18 11 20 33 34 35 36 -1 13 15 16 17 19 21 22 23 24 25 26 27 28 29 37 38 39 40 41 42 43 44 45 46 47 48 49 50 51 52 53 54 55 56 57 58 59 60 61 62 63 64 65 66 67 68 69 70 71 72 73 74 75 76 77 78 79 80 81 82 83 84 85 86 87 88 89 90 91 92 93 94 95 96 97 98 99 output 1 2 3 4 5 3 7 8 9 3 11 12 9 14 15 16 17 18 12 20 21 24 23 24
3 4 5 6 7 24 9 5 10 14 -1 8 11 12 13 15 16 17 18 19 20 21 22 23 25 26 27 28 29 30 31 32 33 34 35 36 37 38 39 40 41 42 43 44 45 46 47 48 49 50 51 52 53 54 55 56 57 58 59 60 61 62 63 64 65 66 67 68 69 70 71 72 73 74 75 76 77 78 79 80 81 82 83 84 85 86 87 88 89 90 91 92 93 94 95 96 97 98 99 output 1 2 3 4 5 3 7 51 52 51 29 9 10
3 4 5 6 7 5 9 24 10 7 5 12 25 10 14 16 7 5 12 25 10 14 14 -1 8 11 13 15 17 18 19 20 21 22 23 26 27 28 29 30 31 32 33 34 35 36 37 38 39 40 41 42 43 44 45 46 47 48 49 50 51 52 53 54 55 56 57 58 59 60 61 62 63 64 65 66 67 68 69 70 71 72 73 74 75 76 77 78 79 80 81 82 83 84 85 86 87 88 89 90 91 92 93 94 95 96 97 98 99 output 54 4 5 5 8 7 13 9 15 16 5 8 7 3 9 3 27 13 9 15 15
3 4 5 6 7 5 8 9 10 7 5 12 11 10 14 16 7 5 13 11 10 14 14 16 7 11 23 11 10 15 23 25 10 14 14 -1 17 18 19 20 21 22 24 26 27 28 29 30 31 32 33 34 35 36 37 38 39 40 41 42 43 44 45 46 47 48 49 50 51 52 53 54 55 56 57 58 59 60 61 62 63 64 65 66 67 68 69 70 71 72 73 74 75 76 77 78 79 80 81 82 83 84 85 86 87 88 89 90 91 92 93 94 95 96 97 98 99 output 1 2 3 4 5 3 7 8 9 3 12 13 9 5 13 19 43 15 16 5 13 19 30 9 30 63 43 15 15
3 4 5 6 7 5 8 9 10 5 12 11 10 11 13 11 10 14 30 31 32 18 11 20 33 34 35 36 -1 15 16 17 19 21 22 23 24 25 26 27 28 29 37 38 39 40 41 42 43 44 45 46 47 48 49 50 51 52 53 54 55 56 57 58 59 60 61 62 63 64 65 66 67 68 69 70 71 72 73 74 75 76 77 78 79 80 81 82 83 84 85 86 87 88 89 90 91 92 93 94 95 96 97 98 99 output 1 2 3 4 5 3 7 8 9 3 11 12 3 15 30 9 32 43 22 59 40 60 40 24 18 19 20 21 22 61 24 25 26 27 62
3 40 18 4 5 20 6 7 5 8 9 10 14 -1 11 12 13 15 16 17 19 21 22 23 24 25 26 27 28 29 30 31 32 33 34 35 36 37 38 39 41 42 43 44 45 46 47 48 49 50 51 52 53 54 55 56 57 58 59 60 61 62 63 64 65 66 67 68 69 70 71 72 73 74 75 76 77 78 79 80 81 82 83 84 85 86 87 88 89 90 91 92 93 94 95 96 97 98 99 output 1 4 5 7 8 5 11 28 57 58 59 28 30 12 13
3 4 5 6 7 5 8 9 10 5 12 24 10 5 13 11 10 14 -1 15 16 17 18 19 20 21 22 23 25 26 27 28 29 30 31 32 33 34 35 36 37 38 39 40 41 42 43 44 45 46 47 48 49 50 51 52 53 54 55 56 57 58 59 60 61 62 63 64 65 66 67 68 69 70 71 72 73 74 75 76 77 78 79 80 81 82 83 84 85 86 87 88 89 90 91 92 93 94 95 96 97 98 99 output 1 2 3 4 5 3 7 8 9 3 11 12 9 3 15 16 9 22 23 16 52 64 23 31 65 31 25 25 18
3 4 5 6 7 5 8 9 10 5 12 11 10 11 13 11 10 17 18 11 21 20 20 14 -1 15 16 19 22 23 24 25 26 27 28 29 30 31 32 33 34 35 36 37 38 39 40 41 42 43 44 45 46 47 48 49 50 51 52 53 54 55 56 57 58 59 60 61 62 63 64 65 66 67 68 69 70 71 72 73 74 75 76 77 78 79 80 81 82 83 84 85 86 87 88 89 90 91 92 93 94 95 96 97 98 99 output 1 2 3 4 5 3 7 8 9 5 3 11 34 69 34 70 9 24 27 5 3 11 34 71 34 70 9 24 24
3 4 5 6 7 5 8 9 10 5 12 11 10 14 30 31 32 18 11 20 33 34 35 36 -1 13 15 16 17 19 21 22 23 24 25 26 27 28 29 37 38 39 40 41 42 43 44 45 46 47 48 49 50 51 52 53 54 55 56 57 58 59 60 61 62 63 64 65 66 67 68 69 70 71 72 73 74 75 76 77 78 79 80 81 82 83 84 85 86 87 88 89 90 91 92 93 94 95 96 97 98 99 output 1 2 3 4 5 3 7 8 9 3 11 37 68 37 9 14
3 4 5 6 7 5 8 9 10 5 12 24 10 5 13 11 10 14 30 31 32 18 11 20 33 34 35 36 -1 15 16 17 19 21 22 23 25 26 27 28 29 37 38 39 40 41 42 43 44 45 46 47 48 49 50 51 52 53 54 55 56 57 58 59 60 61 62 63 64 65 66 67 68 69 70 71 72 73 74 75 76 77 78 79 80 81 82 83 84 85 86 87 88 89 90 91 92 93 94 95 96 97 98 99 output 1 2 3 4 5 12 8 16 9 3 7 11 9 3 8 30 9 32 22 30 71 16 24 9 18 19 20 21 22 30 24 25 26 27 28
3 4 5 6 7 24 9 11 10 11 12 5 10 14 -1 8 13 15 16 17 18 19 20 21 22 23 25 26 27 28 29 30 31 32 33 34 35 36 37 38 39 40 41 42 43 44 45 46 47 48 49 50 51 52 53 54 55 56 57 58 59 60 61 62 63 64 65 66 67 68 69 70 71 72 73 74 75 76 77 78 79 80 81 82 83 84 85 86 87 88 89 90 91 92 93 94 95 96 97 98 99 output 46 4 5 6 7 3 9 27 7 8 9 20 21 3 24 8 23 14
3 4 5 6 7 5 9 24 10 5 12 25 10 14 -1 8 11 13 15 16 17 18 19 20 21 22 23 26 27 28 29 30 31 32 33 34 35 36 37 38 39 40 41 42 43 44 45 46 47 48 49 50 51 52 53 54 55 56 57 58 59 60 61 62 63 64 65 66 67 68 69 70 71 72 73 74 75 76 77 78 79 80 81 82 83 84 85 86 87 88 89 90 91 92 93 94 95 96 97 98 99 output 46 4 5 8 7 3 9 8 11 17 9 21 22 3 44 17 24 14
3 4 5 6 7 5 8 9 10 5 12 24 10 14 -1 11 13 15 16 17 18 19 20 21 22 23 25 26 27 28 29 30 31 32 33 34 35 36 37 38 39 40 41 42 43 44 45 46 47 48 49 50 51 52 53 54 55 56 57 58 59 60 61 62 63 64 65 66 67 68 69 70 71 72 73 74 75 76 77 78 79 80 81 82 83 84 85 86 87 88 89 90 91 92 93 94 95 96 97 98 99 output 1 2 3 4 5 3 8 12 9 3 11 16 9 14 32 33 16 35 36 37 38
3 4 5 6 7 5 8 9 10 5 12 11 10 14 30 31 32 18 11 20 33 34 35 36 -1 13 15 16 17 19 21 22 23 24 25 26 27 28 29 37 38 39 40 41 42 43 44 45 46 47 48 49 50 51 52 53 54 55 56 57 58 59 60 61 62 63 64 65 66 67 68 69 70 71 72 73 74 75 76 77 78 79 80 81 82 83 84 85 86 87 88 89 90 91 92 93 94 95 96 97 98 99 output 1 2 3 4 5 3 7 8 9 3 11 12 9 14 15 16 44 18 12 20 21 22 23 24
3 4 5 6 7 5 8 9 10 5 12 24 10 14 -1 11 13 15 16 17 18 19 20 21 22 23 25 26 27 28 29 30 31 32 33 34 35 36 37 38 39 40 41 42 43 44 45 46 47 48 49 50 51 52 53 54 55 56 57 58 59 60 61 62 63 64 65 66 67 68 69 70 71 72 73 74 75 76 77 78 79 80 81 82 83 84 85 86 87 88 89 90 91 92 93 94 95 96 97 98 99 output 1 2 3 4 5 3 7 8 3 11 12 9 14
3 4 5 6 7 5 8 9 10 5 12 11 10 11 13 11 10 17 18 18 18 11 20 11 20 14 -1 15 16 19 21 22 23 24 25 26 27 28 29 30 31 32 33 34 35 36 37 38 39 40 41 42 43 44 45 46 47 48 49 50 51 52 53 54 55 56 57 58 59 60 61 62 63 64 65 66 67 68 69 70 71 72 73 74 75 76 77 78 79 80 81 82 83 84 85 86 87 88 89 90 91 92 93 94 95 96 97 98 99 output 1 2 3 4 5 3 7 8 9 12 7 11 9 12 15 3 9 26 40 41 42 19 50 19 2 19 12 23 23 23 43 44 45 46
3 4 5 6 7 5 8 24 10 5 9 11 10 14 -1 12 13 15 16 17 18 19 20 21 22 23 25 26 27 28 29 30 31 32 33 34 35 36 37 38 39 40 41 42 43 44 45 46 47 48 49 50 51 52 53 54 55 56 57 58 59 60 61 62 63 64 65 66 67 68 69 70 71 72 73 74 75 76 77 78 79 80 81 82 83 84 85 86 87 88 89 90 91 92 93 94 95 96 97 98 99 output 1 2 3 4 5 8 11 3 9 14
3 4 5 6 7 5 8 9 10 7 5 12 24 10 14 16 7 5 13 11 10 14 14 -1 15 17 18 19 20 21 22 23 25 26 27 28 29 30 31 32 33 34 35 36 37 38 39 40 41 42 43 44 45 46 47 48 49 50 51 52 53 54 55 56 57 58 59 60 61 62 63 64 65 66 67 68 69 70 71 72 73 74 75 76 77 78 79 80 81 82 83 84 85 86 87 88 89 90 91 92 93 94 95 96 97 98 99 output 1 2 3 4 5 3 7 8 9 3 12 20 9 13 12 25 9 26 27 20 50 25 75 3 34 13 29 9 15
3 4 5 6 7 24 9 5 10 14 -1 8 11 12 13 15 16 17 18 19 20 21 22 23 25 26 27 28 29 30 31 32 33 34 35 36 37 38 39 40 41 42 43 44 45 46 47 48 49 50 51 52 53 54 55 56 57 58 59 60 61 62 63 64 65 66 67 68 69 70 71 72 73 74 75 76 77 78 79 80 81 82 83 84 85 86 87 88 89 90 91 92 93 94 95 96 97 98 99 output 44 4 5 6 12 7 9 10
3 4 5 6 7 5 8 9 10 5 12 24 10 14 -1 11 13 15 16 17 18 19 20 21 22 23 25 26 27 28 29 30 31 32 33 34 35 36 37 38 39 40 41 42 43 44 45 46 47 48 49 50 51 52 53 54 55 56 57 58 59 60 61 62 63 64 65 66 67 68 69 70 71 72 73 74 75 76 77 78 79 80 81 82 83 84 85 86 87 88 89 90 91 92 93 94 95 96 97 98 99 output 1 2 3 4 5 16 8 12 9 16 11 3 9 14
3 4 5 6 7 24 9 5 10 14 -1 8 11 12 13 15 16 17 18 19 20 21 22 23 25 26 27 28 29 30 31 32 33 34 35 36 37 38 39 40 41 42 43 44 45 46 47 48 49 50 51 52 53 54 55 56 57 58 59 60 61 62 63 64 65 66 67 68 69 70 71 72 73 74 75 76 77 78 79 80 81 82 83 84 85 86 87 88 89 90 91 92 93 94 95 96 97 98 99 output 1 2 3 4 5 3 7 6 9 10
3 4 5 6 7 5 8 9 10 7 5 12 24 10 14 16 7 5 13 11 10 11 23 25 10 14 14 -1 15 17 18 19 20 21 22 26 27 28 29 30 31 32 33 34 35 36 37 38 39 40 41 42 43 44 45 46 47 48 49 50 51 52 53 54 55 56 57 58 59 60 61 62 63 64 65 66 67 68 69 70 71 72 73 74 75 76 77 78 79 80 81 82 83 84 85 86 87 88 89 90 91 92 93 94 95 96 97 98 99 output 1 2 3 20 4 5 3 7 8 9 5 3 12 13 9 15 16 5 3 12 20 9 20 23 13 9 15 15
3 4 5 6 7 5 8 9 10 5 12 24 10 5 13 11 10 14 30 31 32 18 11 20 33 34 35 36 -1 15 16 17 19 21 22 23 25 26 27 28 29 37 38 39 40 41 42 43 44 45 46 47 48 49 50 51 52 53 54 55 56 57 58 59 60 61 62 63 64 65 66 67 68 69 70 71 72 73 74 75 76 77 78 79 80 81 82 83 84 85 86 87 88 89 90 91 92 93 94 95 96 97 98 99 output 1 2 3 4 5 3 8 12 9 16 11 3 9 16 7 15 9 18 19 20 21 22 45 22 16 24 24 25 26 27 28
3 4 5 6 7 5 8 9 10 5 12 11 10 14 30 31 32 18 11 20 33 34 35 36 -1 13 15 16 17 19 21 22 23 24 25 26 27 28 29 37 38 39 40 41 42 43 44 45 46 47 48 49 50 51 52 53 54 55 56 57 58 59 60 61 62 63 64 65 66 67 68 69 70 71 72 73 74 75 76 77 78 79 80 81 82 83 84 85 86 87 88 89 90 91 92 93 94 95 96 97 98 99 output 1 2 3 4 5 3 7 8 9 3 11 37 71 37 9 14
3 4 5 6 7 5 8 9 10 5 12 24 10 14 -1 11 13 15 16 17 18 19 20 21 22 23 25 26 27 28 29 30 31 32 33 34 35 36 37 38 39 40 41 42 43 44 45 46 47 48 49 50 51 52 53 54 55 56 57 58 59 60 61 62 63 64 65 66 67 68 69 70 71 72 73 74 75 76 77 78 79 80 81 82 83 84 85 86 87 88 89 90 91 92 93 94 95 96 97 98 99 output 1 2 3 4 5 12 8 3 9 3 11 16 9 14 32 33 43 21 16 23 35 36 37 38
3 4 5 6 7 5 8 9 10 5 12 24 10 14 -1 11 13 15 16 17 18 19 20 21 22 23 25 26 27 28 29 30 31 32 33 34 35 36 37 38 39 40 41 42 43 44 45 46 47 48 49 50 51 52 53 54 55 56 57 58 59 60 61 62 63 64 65 66 67 68 69 70 71 72 73 74 75 76 77 78 79 80 81 82 83 84 85 86 87 88 89 90 91 92 93 94 95 96 97 98 99 output 1 2 3 4 5 12 11 16 9 3 7 8 9 3 71 16 9 14
3 4 5 6 7 5 8 9 10 5 12 11 10 5 13 11 10 14 -1 15 16 17 18 19 20 21 22 23 24 25 26 27 28 29 30 31 32 33 34 35 36 37 38 39 40 41 42 43 44 45 46 47 48 49 50 51 52 53 54 55 56 57 58 59 60 61 62 63 64 65 66 67 68 69 70 71 72 73 74 75 76 77 78 79 80 81 82 83 84 85 86 87 88 89 90 91 92 93 94 95 96 97 98 99 output 1 2 45 23 3 25 4 5 3 7 8 9 3 11 12 9 12 15 29 9 18
3 4 5 6 7 5 8 9 10 7 5 12 24 10 14 16 7 5 13 11 10 14 14 16 7 5 12 25 10 14 14 -1 15 17 18 19 20 21 22 23 26 27 28 29 30 31 32 33 34 35 36 37 38 39 40 41 42 43 44 45 46 47 48 49 50 51 52 53 54 55 56 57 58 59 60 61 62 63 64 65 66 67 68 69 70 71 72 73 74 75 76 77 78 79 80 81 82 83 84 85 86 87 88 89 90 91 92 93 94 95 96 97 98 99 output 1 2 3 4 5 3 7 8 9 5 3 12 13 9 15 16 5 3 19 13 9 15 16 5 3 85 13 9 15 15
3 4 5 6 7 5 8 24 10 5 12 11 10 14 30 31 32 18 11 20 33 34 35 -1 9 13 15 16 17 19 21 22 23 25 26 27 28 29 36 37 38 39 40 41 42 43 44 45 46 47 48 49 50 51 52 53 54 55 56 57 58 59 60 61 62 63 64 65 66 67 68 69 70 71 72 73 74 75 76 77 78 79 80 81 82 83 84 85 86 87 88 89 90 91 92 93 94 95 96 97 98 99 output 1 2 3 4 5 3 7 8 9 3 25 12 9 14 15 16 44 18 12 20 21 22 23 39
3 4 5 6 7 5 8 9 10 5 12 24 10 14 -1 11 13 15 16 17 18 19 20 21 22 23 25 26 27 28 29 30 31 32 33 34 35 36 37 38 39 40 41 42 43 44 45 46 47 48 49 50 51 52 53 54 55 56 57 58 59 60 61 62 63 64 65 66 67 68 69 70 71 72 73 74 75 76 77 78 79 80 81 82 83 84 85 86 87 88 89 90 91 92 93 94 95 96 97 98 99 output 1 2 3 4 5 12 8 16 9 16 11 3 9 14
3 4 5 6 7 5 8 9 10 5 12 24 10 14 -1 11 13 15 16 17 18 19 20 21 22 23 25 26 27 28 29 30 31 32 33 34 35 36 37 38 39 40 41 42 43 44 45 46 47 48 49 50 51 52 53 54 55 56 57 58 59 60 61 62 63 64 65 66 67 68 69 70 71 72 73 74 75 76 77 78 79 80 81 82 83 84 85 86 87 88 89 90 91 92 93 94 95 96 97 98 99 output 1 2 3 4 5 3 8 12 9 3 11 73 9 14
3 4 5 6 7 5 8 9 10 5 12 24 10 14 -1 11 13 15 16 17 18 19 20 21 22 23 25 26 27 28 29 30 31 32 33 34 35 36 37 38 39 40 41 42 43 44 45 46 47 48 49 50 51 52 53 54 55 56 57 58 59 60 61 62 63 64 65 66 67 68 69 70 71 72 73 74 75 76 77 78 79 80 81 82 83 84 85 86 87 88 89 90 91 92 93 94 95 96 97 98 99 output 1 2 3 4 5 5 3 7 8 9 3 11 12 9 14 19 5 3 7 27 9 14 14
3 4 5 6 7 5 8 9 10 5 12 24 10 14 -1 11 13 15 16 17 18 19 20 21 22 23 25 26 27 28 29 30 31 32 33 34 35 36 37 38 39 40 41 42 43 44 45 46 47 48 49 50 51 52 53 54 55 56 57 58 59 60 61 62 63 64 65 66 67 68 69 70 71 72 73 74 75 76 77 78 79 80 81 82 83 84 85 86 87 88 89 90 91 92 93 94 95 96 97 98 99 output 1 42 21 2 3 23 4 5 3 7 8 9 3 11 12 9 14
3 4 5 6 7 5 8 9 10 7 5 12 24 10 14 16 7 5 13 11 10 14 14 -1 15 17 18 19 20 21 22 23 25 26 27 28 29 30 31 32 33 34 35 36 37 38 39 40 41 42 43 44 45 46 47 48 49 50 51 52 53 54 55 56 57 58 59 60 61 62 63 64 65 66 67 68 69 70 71 72 73 74 75 76 77 78 79 80 81 82 83 84 85 86 87 88 89 90 91 92 93 94 95 96 97 98 99 output 1 2 3 4 5 3 7 8 9 3 12 20 9 20 7 13 9 3 19 25 9 15 38 39 40 27 25 29 41 42 43 44
3 4 5 6 7 5 8 9 10 7 5 12 11 10 14 16 7 5 13 11 10 14 14 16 7 5 13 11 10 15 23 25 10 14 14 -1 17 18 19 20 21 22 24 26 27 28 29 30 31 32 33 34 35 36 37 38 39 40 41 42 43 44 45 46 47 48 49 50 51 52 53 54 55 56 57 58 59 60 61 62 63 64 65 66 67 68 69 70 71 72 73 74 75 76 77 78 79 80 81 82 83 84 85 86 87 88 89 90 91 92 93 94 95 96 97 98 99 output 1 58 38 2 3 40 4 5 3 7 8 9 5 3 12 43 9 15 16 5 3 31 13 9 37 38 55 38 56 45 90 45 40 40 9 15 5 3 19 32 15 16 5 3 63 45 91 45 47 9 15 15
3 40 18 4 5 20 6 7 5 8 9 10 14 -1 11 12 13 15 16 17 19 21 22 23 24 25 26 27 28 29 30 31 32 33 34 35 36 37 38 39 41 42 43 44 45 46 47 48 49 50 51 52 53 54 55 56 57 58 59 60 61 62 63 64 65 66 67 68 69 70 71 72 73 74 75 76 77 78 79 80 81 82 83 84 85 86 87 88 89 90 91 92 93 94 95 96 97 98 99 output 1 4 5 7 8 15 11 5 12 13 31 32 33 3 2 3 4 15 6 6 34 35 36 37
3 4 5 6 7 5 8 9 10 7 5 12 24 10 14 16 7 5 12 11 10 14 14 -1 13 15 17 18 19 20 21 22 23 25 26 27 28 29 30 31 32 33 34 35 36 37 38 39 40 41 42 43 44 45 46 47 48 49 50 51 52 53 54 55 56 57 58 59 60 61 62 63 64 65 66 67 68 69 70 71 72 73 74 75 76 77 78 79 80 81 82 83 84 85 86 87 88 89 90 91 92 93 94 95 96 97 98 99 output 1 2 3 4 5 3 7 8 9 5 3 12 13 9 15 16 5 3 25 36 83 36 38 9 15 15
3 4 5 6 7 5 8 9 10 5 12 24 10 14 -1 11 13 15 16 17 18 19 20 21 22 23 25 26 27 28 29 30 31 32 33 34 35 36 37 38 39 40 41 42 43 44 45 46 47 48 49 50 51 52 53 54 55 56 57 58 59 60 61 62 63 64 65 66 67 68 69 70 71 72 73 74 75 76 77 78 79 80 81 82 83 84 85 86 87 88 89 90 91 92 93 94 95 96 97 98 99 output 1 2 3 4 5 3 7 8 12 11 16 9 3 11 16 9 14
3 4 5 6 7 5 8 9 10 11 8 12 10 7 5 13 11 10 14 16 7 11 23 15 10 15 45 15 10 14 14 -1 17 18 19 20 21 22 24 25 26 27 28 29 30 31 32 33 34 35 36 37 38 39 40 41 42 43 44 46 47 48 49 50 51 52 53 54 55 56 57 58 59 60 61 62 63 64 65 66 67 68 69 70 71 72 73 74 75 76 77 78 79 80 81 82 83 84 85 86 87 88 89 90 91 92 93 94 95 96 97 98 99 output 1 2 3 4 5 10 7 8 9 10 12 39 9 10 16 40 9 10 23 3 9 3 7 27 9 19
3 4 5 6 7 5 8 9 10 7 5 12 24 10 14 16 7 5 8 25 10 14 14 -1 11 13 15 17 18 19 20 21 22 23 26 27 28 29 30 31 32 33 34 35 36 37 38 39 40 41 42 43 44 45 46 47 48 49 50 51 52 53 54 55 56 57 58 59 60 61 62 63 64 65 66 67 68 69 70 71 72 73 74 75 76 77 78 79 80 81 82 83 84 85 86 87 88 89 90 91 92 93 94 95 96 97 98 99 output 1 2 3 4 5 3 7 8 9 3 12 13 9 3 12 20 15
3 4 5 6 7 5 8 9 10 5 12 24 10 14 -1 11 13 15 16 17 18 19 20 21 22 23 25 26 27 28 29 30 31 32 33 34 35 36 37 38 39 40 41 42 43 44 45 46 47 48 49 50 51 52 53 54 55 56 57 58 59 60 61 62 63 64 65 66 67 68 69 70 71 72 73 74 75 76 77 78 79 80 81 82 83 84 85 86 87 88 89 90 91 92 93 94 95 96 97 98 99 output 1 3 4 5 16 7 8 9 16 11 3 9 3 7 12 9 14 32 33 34 21 42 21 2 16 23 23 35 36 37 38
3 4 5 6 7 5 8 9 10 7 5 12 24 10 14 16 7 5 13 11 10 14 14 -1 15 17 18 19 20 21 22 23 25 26 27 28 29 30 31 32 33 34 35 36 37 38 39 40 41 42 43 44 45 46 47 48 49 50 51 52 53 54 55 56 57 58 59 60 61 62 63 64 65 66 67 68 69 70 71 72 73 74 75 76 77 78 79 80 81 82 83 84 85 86 87 88 89 90 91 92 93 94 95 96 97 98 99 output 1 2 3 4 5 3 7 8 9 5 3 12 35 83 84 85 35 9 15 16 5 3 19 13 9 15 15
3 4 5 6 7 5 8 9 10 5 12 24 10 5 13 11 10 14 30 31 32 18 11 20 33 34 35 36 -1 15 16 17 19 21 22 23 25 26 27 28 29 37 38 39 40 41 42 43 44 45 46 47 48 49 50 51 52 53 54 55 56 57 58 59 60 61 62 63 64 65 66 67 68 69 70 71 72 73 74 75 76 77 78 79 80 81 82 83 84 85 86 87 88 89 90 91 92 93 94 95 96 97 98 99 output 1 2 3 4 5 16 7 8 9 16 11 12 9 16 15 3 9 18
3 4 5 6 7 24 9 5 10 14 -1 8 11 12 13 15 16 17 18 19 20 21 22 23 25 26 27 28 29 30 31 32 33 34 35 36 37 38 39 40 41 42 43 44 45 46 47 48 49 50 51 52 53 54 55 56 57 58 59 60 61 62 63 64 65 66 67 68 69 70 71 72 73 74 75 76 77 78 79 80 81 82 83 84 85 86 87 88 89 90 91 92 93 94 95 96 97 98 99 output 1 2 3 4 5 3 12 78 9 3 79 27 80 27 29 9 10
3 4 5 6 7 24 9 5 10 14 -1 8 11 12 13 15 16 17 18 19 20 21 22 23 25 26 27 28 29 30 31 32 33 34 35 36 37 38 39 40 41 42 43 44 45 46 47 48 49 50 51 52 53 54 55 56 57 58 59 60 61 62 63 64 65 66 67 68 69 70 71 72 73 74 75 76 77 78 79 80 81 82 83 84 85 86 87 88 89 90 91 92 93 94 95 96 97 98 99 output 1 40 19 2 3 21 4 5 6 7 3 9 10
3 4 5 6 7 5 8 9 10 5 12 24 10 5 13 25 10 14 -1 11 15 16 17 18 19 20 21 22 23 26 27 28 29 30 31 32 33 34 35 36 37 38 39 40 41 42 43 44 45 46 47 48 49 50 51 52 53 54 55 56 57 58 59 60 61 62 63 64 65 66 67 68 69 70 71 72 73 74 75 76 77 78 79 80 81 82 83 84 85 86 87 88 89 90 91 92 93 94 95 96 97 98 99 output 1 2 3 4 5 3 8 12 9 3 7 11 9 3 8 16 9 18
3 40 18 4 5 20 6 7 5 8 9 10 14 -1 11 12 13 15 16 17 19 21 22 23 24 25 26 27 28 29 30 31 32 33 34 35 36 37 38 39 41 42 43 44 45 46 47 48 49 50 51 52 53 54 55 56 57 58 59 60 61 62 63 64 65 66 67 68 69 70 71 72 73 74 75 76 77 78 79 80 81 82 83 84 85 86 87 88 89 90 91 92 93 94 95 96 97 98 99 output 44 7 8 5 10 11 12 5 69 28 81 82 28 30 12 13
3 4 5 6 7 5 8 9 10 5 12 11 10 14 30 31 32 18 11 20 33 34 35 36 -1 13 15 16 17 19 21 22 23 24 25 26 27 28 29 37 38 39 40 41 42 43 44 45 46 47 48 49 50 51 52 53 54 55 56 57 58 59 60 61 62 63 64 65 66 67 68 69 70 71 72 73 74 75 76 77 78 79 80 81 82 83 84 85 86 87 88 89 90 91 92 93 94 95 96 97 98 99 output 1 2 3 4 5 12 7 8 9 12 11 3 9 14 15 16 17 18 43 18 12 20 20 21 22 23 24
3 4 5 6 7 24 9 11 10 11 12 5 10 14 -1 8 13 15 16 17 18 19 20 21 22 23 25 26 27 28 29 30 31 32 33 34 35 36 37 38 39 40 41 42 43 44 45 46 47 48 49 50 51 52 53 54 55 56 57 58 59 60 61 62 63 64 65 66 67 68 69 70 71 72 73 74 75 76 77 78 79 80 81 82 83 84 85 86 87 88 89 90 91 92 93 94 95 96 97 98 99 output 1 2 3 4 5 3 7 6 9 3 11 27 9 14
3 4 5 6 7 24 9 5 10 14 -1 8 11 12 13 15 16 17 18 19 20 21 22 23 25 26 27 28 29 30 31 32 33 34 35 36 37 38 39 40 41 42 43 44 45 46 47 48 49 50 51 52 53 54 55 56 57 58 59 60 61 62 63 64 65 66 67 68 69 70 71 72 73 74 75 76 77 78 79 80 81 82 83 84 85 86 87 88 89 90 91 92 93 94 95 96 97 98 99 output 1 2 3 4 5 3 12 6 9 10
3 4 5 6 7 5 8 9 10 5 12 24 10 14 -1 11 13 15 16 17 18 19 20 21 22 23 25 26 27 28 29 30 31 32 33 34 35 36 37 38 39 40 41 42 43 44 45 46 47 48 49 50 51 52 53 54 55 56 57 58 59 60 61 62 63 64 65 66 67 68 69 70 71 72 73 74 75 76 77 78 79 80 81 82 83 84 85 86 87 88 89 90 91 92 93 94 95 96 97 98 99 output 46 4 5 12 8 3 9 3 7 11 9 14
3 4 5 6 7 24 9 5 10 14 -1 8 11 12 13 15 16 17 18 19 20 21 22 23 25 26 27 28 29 30 31 32 33 34 35 36 37 38 39 40 41 42 43 44 45 46 47 48 49 50 51 52 53 54 55 56 57 58 59 60 61 62 63 64 65 66 67 68 69 70 71 72 73 74 75 76 77 78 79 80 81 82 83 84 85 86 87 88 89 90 91 92 93 94 95 96 97 98 99 output 1 2 3 4 5 3 7 6 9 10
3 4 5 6 7 5 8 9 10 5 12 24 10 14 -1 11 13 15 16 17 18 19 20 21 22 23 25 26 27 28 29 30 31 32 33 34 35 36 37 38 39 40 41 42 43 44 45 46 47 48 49 50 51 52 53 54 55 56 57 58 59 60 61 62 63 64 65 66 67 68 69 70 71 72 73 74 75 76 77 78 79 80 81 82 83 84 85 86 87 88 89 90 91 92 93 94 95 96 97 98 99 output 46 4 5 3 8 12 9 3 7 11 9 14
3 4 5 6 7 24 9 5 10 14 -1 8 11 12 13 15 16 17 18 19 20 21 22 23 25 26 27 28 29 30 31 32 33 34 35 36 37 38 39 40 41 42 43 44 45 46 47 48 49 50 51 52 53 54 55 56 57 58 59 60 61 62 63 64 65 66 67 68 69 70 71 72 73 74 75 76 77 78 79 80 81 82 83 84 85 86 87 88 89 90 91 92 93 94 95 96 97 98 99 output 44 4 5 6 7 3 9 10
3 4 5 6 7 24 9 5 10 14 -1 8 11 12 13 15 16 17 18 19 20 21 22 23 25 26 27 28 29 30 31 32 33 34 35 36 37 38 39 40 41 42 43 44 45 46 47 48 49 50 51 52 53 54 55 56 57 58 59 60 61 62 63 64 65 66 67 68 69 70 71 72 73 74 75 76 77 78 79 80 81 82 83 84 85 86 87 88 89 90 91 92 93 94 95 96 97 98 99 output 1 40 19 2 3 21 4 5 6 7 3 9 10
3 4 5 6 7 24 9 11 10 11 12 5 10 14 -1 8 13 15 16 17 18 19 20 21 22 23 25 26 27 28 29 30 31 32 33 34 35 36 37 38 39 40 41 42 43 44 45 46 47 48 49 50 51 52 53 54 55 56 57 58 59 60 61 62 63 64 65 66 67 68 69 70 71 72 73 74 75 76 77 78 79 80 81 82 83 84 85 86 87 88 89 90 91 92 93 94 95 96 97 98 99 output 46 4 5 6 7 3 9 27 7 8 9 20 21 3 24 8 23 14
3 4 5 6 7 5 8 9 10 5 12 24 10 14 -1 11 13 15 16 17 18 19 20 21 22 23 25 26 27 28 29 30 31 32 33 34 35 36 37 38 39 40 41 42 43 44 45 46 47 48 49 50 51 52 53 54 55 56 57 58 59 60 61 62 63 64 65 66 67 68 69 70 71 72 73 74 75 76 77 78 79 80 81 82 83 84 85 86 87 88 89 90 91 92 93 94 95 96 97 98 99 output 1 2 3 4 5 12 8 16 9 16 11 3 9 14
3 4 5 6 7 5 8 9 10 5 12 24 10 14 -1 11 13 15 16 17 18 19 20 21 22 23 25 26 27 28 29 30 31 32 33 34 35 36 37 38 39 40 41 42 43 44 45 46 47 48 49 50 51 52 53 54 55 56 57 58 59 60 61 62 63 64 65 66 67 68 69 70 71 72 73 74 75 76 77 78 79 80 81 82 83 84 85 86 87 88 89 90 91 92 93 94 95 96 97 98 99 output 1 2 3 4 5 3 8 12 9 3 11 16 9 14 32 33 34 21 16 23 35 36 37 38
3 4 5 6 7 5 8 9 10 11 12 11 10 11 13 11 10 14 -1 15 16 17 18 19 20 21 22 23 24 25 26 27 28 29 30 31 32 33 34 35 36 37 38 39 40 41 42 43 44 45 46 47 48 49 50 51 52 53 54 55 56 57 58 59 60 61 62 63 64 65 66 67 68 69 70 71 72 73 74 75 76 77 78 79 80 81 82 83 84 85 86 87 88 89 90 91 92 93 94 95 96 97 98 99 output 1 2 3 4 5 29 8 10 9 3 7 11 9 5 3 8 20 9 18 21 5 3 28 20 9 18 22 23 20 26 10 25 9 18
3 4 5 6 7 5 8 9 10 7 5 12 24 10 14 16 7 5 13 25 10 14 14 16 7 5 12 25 10 14 14 -1 11 15 17 18 19 20 21 22 23 26 27 28 29 30 31 32 33 34 35 36 37 38 39 40 41 42 43 44 45 46 47 48 49 50 51 52 53 54 55 56 57 58 59 60 61 62 63 64 65 66 67 68 69 70 71 72 73 74 75 76 77 78 79 80 81 82 83 84 85 86 87 88 89 90 91 92 93 94 95 96 97 98 99 output 1 2 3 4 5 3 8 13 9 5 3 12 20 9 15 16 5 3 19 33 9 33 41 20 9 15 15
3 4 5 6 7 5 8 9 10 5 12 11 10 14 30 31 32 18 11 20 33 34 35 36 -1 13 15 16 17 19 21 22 23 24 25 26 27 28 29 37 38 39 40 41 42 43 44 45 46 47 48 49 50 51 52 53 54 55 56 57 58 59 60 61 62 63 64 65 66 67 68 69 70 71 72 73 74 75 76 77 78 79 80 81 82 83 84 85 86 87 88 89 90 91 92 93 94 95 96 97 98 99 output 1 2 3 4 5 3 7 8 9 3 11 12 9 29 18 12 69 86 20 14
3 4 5 6 7 5 8 9 10 7 5 12 24 10 14 16 7 5 13 25 10 14 14 16 7 5 12 25 10 14 14 -1 11 15 17 18 19 20 21 22 23 26 27 28 29 30 31 32 33 34 35 36 37 38 39 40 41 42 43 44 45 46 47 48 49 50 51 52 53 54 55 56 57 58 59 60 61 62 63 64 65 66 67 68 69 70 71 72 73 74 75 76 77 78 79 80 81 82 83 84 85 86 87 88 89 90 91 92 93 94 95 96 97 98 99 output 1 2 3 4 5 3 8 13 9 5 3 12 20 9 15 16 5 3 19 33 9 33 41 20 9 15 15
3 4 5 6 7 5 8 9 10 5 12 11 10 14 30 31 32 18 11 20 33 34 35 36 -1 13 15 16 17 19 21 22 23 24 25 26 27 28 29 37 38 39 40 41 42 43 44 45 46 47 48 49 50 51 52 53 54 55 56 57 58 59 60 61 62 63 64 65 66 67 68 69 70 71 72 73 74 75 76 77 78 79 80 81 82 83 84 85 86 87 88 89 90 91 92 93 94 95 96 97 98 99 output 1 2 3 4 5 3 7 8 9 3 11 12 9 14 87 16 3 88 18 43 18 12 20 31 89 20
3 4 5 6 7 5 8 9 10 5 12 11 10 14 30 31 32 18 11 20 33 34 35 36 -1 13 15 16 17 19 21 22 23 24 25 26 27 28 29 37 38 39 40 41 42 43 44 45 46 47 48 49 50 51 52 53 54 55 56 57 58 59 60 61 62 63 64 65 66 67 68 69 70 71 72 73 74 75 76 77 78 79 80 81 82 83 84 85 86 87 88 89 90 91 92 93 94 95 96 97 98 99 output 1 2 3 4 5 3 7 8 9 3 11 12 9 14 15 16 17 18 43 18 12 20 20 21 22 23 24
3 4 5 6 7 5 8 24 10 5 9 11 10 14 -1 12 13 15 16 17 18 19 20 21 22 23 25 26 27 28 29 30 31 32 33 34 35 36 37 38 39 40 41 42 43 44 45 46 47 48 49 50 51 52 53 54 55 56 57 58 59 60 61 62 63 64 65 66 67 68 69 70 71 72 73 74 75 76 77 78 79 80 81 82 83 84 85 86 87 88 89 90 91 92 93 94 95 96 97 98 99 output 1 2 3 4 5 12 7 8 9 12 11 3 9 14
3 4 5 6 7 5 8 9 10 5 12 24 10 14 -1 11 13 15 16 17 18 19 20 21 22 23 25 26 27 28 29 30 31 32 33 34 35 36 37 38 39 40 41 42 43 44 45 46 47 48 49 50 51 52 53 54 55 56 57 58 59 60 61 62 63 64 65 66 67 68 69 70 71 72 73 74 75 76 77 78 79 80 81 82 83 84 85 86 87 88 89 90 91 92 93 94 95 96 97 98 99 output 1 2 3 4 5 12 8 16 9 3 7 52 9 3 8 16 9 20 21 3 28 12 23 14
3 4 5 6 7 24 9 5 10 14 -1 8 11 12 13 15 16 17 18 19 20 21 22 23 25 26 27 28 29 30 31 32 33 34 35 36 37 38 39 40 41 42 43 44 45 46 47 48 49 50 51 52 53 54 55 56 57 58 59 60 61 62 63 64 65 66 67 68 69 70 71 72 73 74 75 76 77 78 79 80 81 82 83 84 85 86 87 88 89 90 91 92 93 94 95 96 97 98 99 output 1 40 19 2 3 21 4 5 3 7 6 9 10
3 4 5 6 7 5 8 9 10 7 5 12 24 10 14 16 7 5 12 25 10 14 14 -1 11 13 15 17 18 19 20 21 22 23 26 27 28 29 30 31 32 33 34 35 36 37 38 39 40 41 42 43 44 45 46 47 48 49 50 51 52 53 54 55 56 57 58 59 60 61 62 63 64 65 66 67 68 69 70 71 72 73 74 75 76 77 78 79 80 81 82 83 84 85 86 87 88 89 90 91 92 93 94 95 96 97 98 99 output 1 2 3 4 5 3 7 8 9 3 12 13 9 3 26 20 9 15
3 40 18 4 5 20 6 7 5 8 9 10 14 -1 11 12 13 15 16 17 19 21 22 23 24 25 26 27 28 29 30 31 32 33 34 35 36 37 38 39 41 42 43 44 45 46 47 48 49 50 51 52 53 54 55 56 57 58 59 60 61 62 63 64 65 66 67 68 69 70 71 72 73 74 75 76 77 78 79 80 81 82 83 84 85 86 87 88 89 90 91 92 93 94 95 96 97 98 99 output 1 4 5 7 8 15 11 5 12 15 69 28 87 88 28 30 12 13
3 4 5 6 7 5 8 9 10 7 5 12 11 10 14 16 7 5 13 11 10 14 14 -1 15 17 18 19 20 21 22 23 24 25 26 27 28 29 30 31 32 33 34 35 36 37 38 39 40 41 42 43 44 45 46 47 48 49 50 51 52 53 54 55 56 57 58 59 60 61 62 63 64 65 66 67 68 69 70 71 72 73 74 75 76 77 78 79 80 81 82 83 84 85 86 87 88 89 90 91 92 93 94 95 96 97 98 99 output 1 2 3 4 5 3 7 8 9 5 3 12 13 9 15 16 5 3 19 13 9 15 15 39 40 41 27 13 29 42 43 44 45
3 4 5 6 7 24 9 5 10 14 -1 8 11 12 13 15 16 17 18 19 20 21 22 23 25 26 27 28 29 30 31 32 33 34 35 36 37 38 39 40 41 42 43 44 45 46 47 48 49 50 51 52 53 54 55 56 57 58 59 60 61 62 63 64 65 66 67 68 69 70 71 72 73 74 75 76 77 78 79 80 81 82 83 84 85 86 87 88 89 90 91 92 93 94 95 96 97 98 99 output 1 40 19 2 3 21 4 5 3 12 6 9 10
3 4 5 6 7 5 8 9 10 5 12 24 10 14 -1 11 13 15 16 17 18 19 20 21 22 23 25 26 27 28 29 30 31 32 33 34 35 36 37 38 39 40 41 42 43 44 45 46 47 48 49 50 51 52 53 54 55 56 57 58 59 60 61 62 63 64 65 66 67 68 69 70 71 72 73 74 75 76 77 78 79 80 81 82 83 84 85 86 87 88 89 90 91 92 93 94 95 96 97 98 99 output 1 2 3 4 5 12 8 16 9 16 11 3 9 14
3 4 5 6 7 5 8 9 10 5 12 24 10 14 -1 11 13 15 16 17 18 19 20 21 22 23 25 26 27 28 29 30 31 32 33 34 35 36 37 38 39 40 41 42 43 44 45 46 47 48 49 50 51 52 53 54 55 56 57 58 59 60 61 62 63 64 65 66 67 68 69 70 71 72 73 74 75 76 77 78 79 80 81 82 83 84 85 86 87 88 89 90 91 92 93 94 95 96 97 98 99 output 46 4 5 12 8 3 9 27 8 16 9 20 21 3 68 16 23 14
3 4 5 6 7 5 8 9 10 5 12 11 10 14 30 31 32 18 11 20 33 34 35 36 -1 13 15 16 17 19 21 22 23 24 25 26 27 28 29 37 38 39 40 41 42 43 44 45 46 47 48 49 50 51 52 53 54 55 56 57 58 59 60 61 62 63 64 65 66 67 68 69 70 71 72 73 74 75 76 77 78 79 80 81 82 83 84 85 86 87 88 89 90 91 92 93 94 95 96 97 98 99 output 1 2 3 4 5 3 7 8 9 3 11 12 9 29 18 12 31 92 20 9 14
3 4 5 6 7 5 8 9 10 5 12 24 10 5 13 11 10 14 30 31 32 18 11 20 33 34 35 36 -1 15 16 17 19 21 22 23 25 26 27 28 29 37 38 39 40 41 42 43 44 45 46 47 48 49 50 51 52 53 54 55 56 57 58 59 60 61 62 63 64 65 66 67 68 69 70 71 72 73 74 75 76 77 78 79 80 81 82 83 84 85 86 87 88 89 90 91 92 93 94 95 96 97 98 99 output 1 2 3 4 5 3 7 8 9 3 11 12 9 3 15 16 9 32 22 95 22 16 24 53 96 24 18
3 4 5 6 7 24 9 5 10 14 -1 8 11 12 13 15 16 17 18 19 20 21 22 23 25 26 27 28 29 30 31 32 33 34 35 36 37 38 39 40 41 42 43 44 45 46 47 48 49 50 51 52 53 54 55 56 57 58 59 60 61 62 63 64 65 66 67 68 69 70 71 72 73 74 75 76 77 78 79 80 81 82 83 84 85 86 87 88 89 90 91 92 93 94 95 96 97 98 99 output 1 40 19 2 3 21 4 5 3 7 6 9 10
3 4 5 6 7 5 8 9 10 5 12 24 10 14 -1 11 13 15 16 17 18 19 20 21 22 23 25 26 27 28 29 30 31 32 33 34 35 36 37 38 39 40 41 42 43 44 45 46 47 48 49 50 51 52 53 54 55 56 57 58 59 60 61 62 63 64 65 66 67 68 69 70 71 72 73 74 75 76 77 78 79 80 81 82 83 84 85 86 87 88 89 90 91 92 93 94 95 96 97 98 99 output 1 2 3 4 5 12 8 3 9 3 7 11 9 14
3 4 5 6 7 24 9 5 10 14 -1 8 11 12 13 15 16 17 18 19 20 21 22 23 25 26 27 28 29 30 31 32 33 34 35 36 37 38 39 40 41 42 43 44 45 46 47 48 49 50 51 52 53 54 55 56 57 58 59 60 61 62 63 64 65 66 67 68 69 70 71 72 73 74 75 76 77 78 79 80 81 82 83 84 85 86 87 88 89 90 91 92 93 94 95 96 97 98 99 output 1 40 19 2 3 21 4 5 6 7 3 9 10
3 4 5 6 7 24 9 11 10 11 12 5 10 14 -1 8 13 15 16 17 18 19 20 21 22 23 25 26 27 28 29 30 31 32 33 34 35 36 37 38 39 40 41 42 43 44 45 46 47 48 49 50 51 52 53 54 55 56 57 58 59 60 61 62 63 64 65 66 67 68 69 70 71 72 73 74 75 76 77 78 79 80 81 82 83 84 85 86 87 88 89 90 91 92 93 94 95 96 97 98 99 output 1 2 3 4 5 6 7 3 9 3 11 27 9 14
3 4 5 6 7 24 9 11 10 11 12 5 10 14 -1 8 13 15 16 17 18 19 20 21 22 23 25 26 27 28 29 30 31 32 33 34 35 36 37 38 39 40 41 42 43 44 45 46 47 48 49 50 51 52 53 54 55 56 57 58 59 60 61 62 63 64 65 66 67 68 69 70 71 72 73 74 75 76 77 78 79 80 81 82 83 84 85 86 87 88 89 90 91 92 93 94 95 96 97 98 99 output 1 2 3 4 5 3 7 6 9 3 11 38 9 14
3 4 5 6 7 5 8 9 10 7 5 12 11 10 14 16 7 5 13 11 10 14 14 16 7 11 23 11 10 15 23 24 10 14 14 -1 17 18 19 20 21 22 25 26 27 28 29 30 31 32 33 34 35 36 37 38 39 40 41 42 43 44 45 46 47 48 49 50 51 52 53 54 55 56 57 58 59 60 61 62 63 64 65 66 67 68 69 70 71 72 73 74 75 76 77 78 79 80 81 82 83 84 85 86 87 88 89 90 91 92 93 94 95 96 97 98 99 output 1 2 3 4 5 3 7 8 9 13 7 12 9 5 13 19 3 9 15 16 5 13 19 30 9 30 63 3 9 15 15 102 49 3 103 38 58 38 13 40 41 110 40
3 4 5 6 7 5 8 24 10 5 9 11 10 14 -1 12 13 15 16 17 18 19 20 21 22 23 25 26 27 28 29 30 31 32 33 34 35 36 37 38 39 40 41 42 43 44 45 46 47 48 49 50 51 52 53 54 55 56 57 58 59 60 61 62 63 64 65 66 67 68 69 70 71 72 73 74 75 76 77 78 79 80 81 82 83 84 85 86 87 88 89 90 91 92 93 94 95 96 97 98 99 output 1 2 3 4 5 3 7 8 9 3 11 12 9 14 32 33 34 21 12 23 35 36 37 38
3 4 5 6 7 5 8 9 10 5 12 24 10 5 13 11 10 14 30 31 32 18 11 20 33 34 35 36 -1 15 16 17 19 21 22 23 25 26 27 28 29 37 38 39 40 41 42 43 44 45 46 47 48 49 50 51 52 53 54 55 56 57 58 59 60 61 62 63 64 65 66 67 68 69 70 71 72 73 74 75 76 77 78 79 80 81 82 83 84 85 86 87 88 89 90 91 92 93 94 95 96 97 98 99 output 1 2 3 4 5 3 7 8 9 3 11 12 9 3 15 16 9 32 22 16 53 39 98 39 99 72 16 100 39 101 39 99 24 18
3 4 5 6 7 24 9 5 10 14 -1 8 11 12 13 15 16 17 18 19 20 21 22 23 25 26 27 28 29 30 31 32 33 34 35 36 37 38 39 40 41 42 43 44 45 46 47 48 49 50 51 52 53 54 55 56 57 58 59 60 61 62 63 64 65 66 67 68 69 70 71 72 73 74 75 76 77 78 79 80 81 82 83 84 85 86 87 88 89 90 91 92 93 94 95 96 97 98 99 output 44 4 5 6 7 27 97 27 29 9 10
3 4 5 6 7 24 9 5 10 14 -1 8 11 12 13 15 16 17 18 19 20 21 22 23 25 26 27 28 29 30 31 32 33 34 35 36 37 38 39 40 41 42 43 44 45 46 47 48 49 50 51 52 53 54 55 56 57 58 59 60 61 62 63 64 65 66 67 68 69 70 71 72 73 74 75 76 77 78 79 80 81 82 83 84 85 86 87 88 89 90 91 92 93 94 95 96 97 98 99 output 44 4 5 6 7 3 9 3 69 13 9 18 19 37 19 38 27 98 27 21 21 10
3 4 5 6 7 5 8 9 10 5 12 24 10 14 -1 11 13 15 16 17 18 19 20 21 22 23 25 26 27 28 29 30 31 32 33 34 35 36 37 38 39 40 41 42 43 44 45 46 47 48 49 50 51 52 53 54 55 56 57 58 59 60 61 62 63 64 65 66 67 68 69 70 71 72 73 74 75 76 77 78 79 80 81 82 83 84 85 86 87 88 89 90 91 92 93 94 95 96 97 98 99 output 1 2 3 4 5 12 8 16 9 16 11 3 9 14
3 4 5 6 7 5 8 9 10 5 12 24 10 5 13 11 10 14 30 31 32 18 11 20 33 34 35 36 -1 15 16 17 19 21 22 23 25 26 27 28 29 37 38 39 40 41 42 43 44 45 46 47 48 49 50 51 52 53 54 55 56 57 58 59 60 61 62 63 64 65 66 67 68 69 70 71 72 73 74 75 76 77 78 79 80 81 82 83 84 85 86 87 88 89 90 91 92 93 94 95 96 97 98 99 output 1 2 3 4 5 3 7 8 9 3 11 12 9 3 15 16 9 32 22 16 34 104 24 18
3 4 5 6 7 5 8 9 10 5 12 24 10 14 -1 11 13 15 16 17 18 19 20 21 22 23 25 26 27 28 29 30 31 32 33 34 35 36 37 38 39 40 41 42 43 44 45 46 47 48 49 50 51 52 53 54 55 56 57 58 59 60 61 62 63 64 65 66 67 68 69 70 71 72 73 74 75 76 77 78 79 80 81 82 83 84 85 86 87 88 89 90 91 92 93 94 95 96 97 98 99 output 1 2 3 4 5 3 8 12 9 3 11 16 9 14 32 33 34 21 16 23 35 36 37 38
3 4 5 6 7 5 8 9 10 11 8 12 10 11 13 11 10 14 -1 15 16 17 18 19 20 21 22 23 24 25 26 27 28 29 30 31 32 33 34 35 36 37 38 39 40 41 42 43 44 45 46 47 48 49 50 51 52 53 54 55 56 57 58 59 60 61 62 63 64 65 66 67 68 69 70 71 72 73 74 75 76 77 78 79 80 81 82 83 84 85 86 87 88 89 90 91 92 93 94 95 96 97 98 99 output 1 2 3 4 5 3 7 8 9 10 7 12 9 3 15 10 9 10 28 29 9 18
3 4 5 6 7 5 8 9 10 5 12 24 10 14 -1 11 13 15 16 17 18 19 20 21 22 23 25 26 27 28 29 30 31 32 33 34 35 36 37 38 39 40 41 42 43 44 45 46 47 48 49 50 51 52 53 54 55 56 57 58 59 60 61 62 63 64 65 66 67 68 69 70 71 72 73 74 75 76 77 78 79 80 81 82 83 84 85 86 87 88 89 90 91 92 93 94 95 96 97 98 99 output 1 2 3 4 5 12 8 16 9 16 11 3 9 14
3 4 5 6 7 5 8 9 10 5 12 24 10 14 -1 11 13 15 16 17 18 19 20 21 22 23 25 26 27 28 29 30 31 32 33 34 35 36 37 38 39 40 41 42 43 44 45 46 47 48 49 50 51 52 53 54 55 56 57 58 59 60 61 62 63 64 65 66 67 68 69 70 71 72 73 74 75 76 77 78 79 80 81 82 83 84 85 86 87 88 89 90 91 92 93 94 95 96 97 98 99 output 1 2 3 4 5 12 8 16 9 16 11 3 9 14
3 4 5 6 7 5 8 9 10 5 12 24 10 5 13 11 10 14 30 31 32 18 11 20 33 34 35 36 -1 15 16 17 19 21 22 23 25 26 27 28 29 37 38 39 40 41 42 43 44 45 46 47 48 49 50 51 52 53 54 55 56 57 58 59 60 61 62 63 64 65 66 67 68 69 70 71 72 73 74 75 76 77 78 79 80 81 82 83 84 85 86 87 88 89 90 91 92 93 94 95 96 97 98 99 output 1 2 3 4 5 3 8 16 9 16 11 12 9 3 15 30 9 18 19 20 21 22 30 24 25 26 27 28
3 4 5 6 7 24 9 5 10 14 -1 8 11 12 13 15 16 17 18 19 20 21 22 23 25 26 27 28 29 30 31 32 33 34 35 36 37 38 39 40 41 42 43 44 45 46 47 48 49 50 51 52 53 54 55 56 57 58 59 60 61 62 63 64 65 66 67 68 69 70 71 72 73 74 75 76 77 78 79 80 81 82 83 84 85 86 87 88 89 90 91 92 93 94 95 96 97 98 99 output 1 2 3 4 5 3 7 6 9 10
3 4 5 6 7 5 8 9 10 5 12 24 10 14 -1 11 13 15 16 17 18 19 20 21 22 23 25 26 27 28 29 30 31 32 33 34 35 36 37 38 39 40 41 42 43 44 45 46 47 48 49 50 51 52 53 54 55 56 57 58 59 60 61 62 63 64 65 66 67 68 69 70 71 72 73 74 75 76 77 78 79 80 81 82 83 84 85 86 87 88 89 90 91 92 93 94 95 96 97 98 99 output 1 2 42 21 3 23 4 5 3 8 12 9 3 11 27 9 14
3 4 5 6 7 5 8 9 10 5 12 24 10 14 -1 11 13 15 16 17 18 19 20 21 22 23 25 26 27 28 29 30 31 32 33 34 35 36 37 38 39 40 41 42 43 44 45 46 47 48 49 50 51 52 53 54 55 56 57 58 59 60 61 62 63 64 65 66 67 68 69 70 71 72 73 74 75 76 77 78 79 80 81 82 83 84 85 86 87 88 89 90 91 92 93 94 95 96 97 98 99 output 1 2 3 4 5 12 8 16 9 16 11 3 9 14
