3 4 5 6 7 8 9 10 7 11 12 13 10 7 14 15 13 16 17 10 7 18 15 13 16 16 -1 19 20 21 22 23 24 25 26 27 28 29 30 31 32 33 34 35 36 37 38 39 40 41 42 43 44 45 46 47 48 49 50 51 52 53 54 55 56 57 58 59 60 61 62 63 64 65 66 67 68 69 70 71 72 73 74 75 76 77 78 79 80 81 82 83 84 85 86 87 88 89 90 91 92 93 94 95 96 97 98 99 100 101 102 103 104 output 1 4 5 7 8 5 11 28 12 16 15 5 12 16 10 22 12 18 29 30 31 3 2 3 16 6 6 32 33 34 35
3 6 7 9 10 19 12 7 13 16 -1 4 5 8 11 14 15 17 18 20 21 22 23 24 25 26 27 28 29 30 31 32 33 34 35 36 37 38 39 40 41 42 43 44 45 46 47 48 49 50 51 52 53 54 55 56 57 58 59 60 61 62 63 64 65 66 67 68 69 70 71 72 73 74 75 76 77 78 79 80 81 82 83 84 85 86 87 88 89 90 91 92 93 94 95 96 97 98 99 100 101 102 103 104 output 1 12 13 2 3 14 4 5 6 7 3 9 10
3 6 7 9 10 7 11 12 13 7 14 19 13 16 -1 4 5 8 15 17 18 20 21 22 23 24 25 26 27 28 29 30 31 32 33 34 35 36 37 38 39 40 41 42 43 44 45 46 47 48 49 50 51 52 53 54 55 56 57 58 59 60 61 62 63 64 65 66 67 68 69 70 71 72 73 74 75 76 77 78 79 80 81 82 83 84 85 86 87 88 89 90 91 92 93 94 95 96 97 98 99 100 101 102 103 104 output 1 2 3 4 5 12 8 3 9 3 7 11 9 14
27 9 10 19 12 28 13 16 -1 3 4 5 6 7 8 11 14 15 17 18 20 21 22 23 24 25 26 29 30 31 32 33 34 35 36 37 38 39 40 41 42 43 44 45 46 47 48 49 50 51 52 53 54 55 56 57 58 59 60 61 62 63 64 65 66 67 68 69 70 71 72 73 74 75 76 77 78 79 80 81 82 83 84 85 86 87 88 89 90 91 92 93 94 95 96 97 98 99 100 101 102 103 104 output 10 13 14 2 3 4 5 14 7 8
3 6 7 9 10 7 11 12 13 7 14 19 13 7 18 29 16 16 -1 4 5 8 15 17 20 21 22 23 24 25 26 27 28 30 31 32 33 34 35 36 37 38 39 40 41 42 43 44 45 46 47 48 49 50 51 52 53 54 55 56 57 58 59 60 61 62 63 64 65 66 67 68 69 70 71 72 73 74 75 76 77 78 79 80 81 82 83 84 85 86 87 88 89 90 91 92 93 94 95 96 97 98 99 100 101 102 103 104 output 1 2 3 4 5 3 7 16 9 5 3 8 12 9 17 24 5 3 11 33 34 33 35 9 17 17
3 6 7 9 10 7 11 12 13 10 7 14 19 13 16 17 10 7 18 15 13 16 16 -1 4 5 8 20 21 22 23 24 25 26 27 28 29 30 31 32 33 34 35 36 37 38 39 40 41 42 43 44 45 46 47 48 49 50 51 52 53 54 55 56 57 58 59 60 61 62 63 64 65 66 67 68 69 70 71 72 73 74 75 76 77 78 79 80 81 82 83 84 85 86 87 88 89 90 91 92 93 94 95 96 97 98 99 100 101 102 103 104 output 1 3 4 5 3 7 8 9 3 12 13 9 3 19 37 9 15
3 6 7 9 10 7 11 12 13 7 14 15 13 16 20 21 22 5 15 8 23 24 25 26 -1 4 17 18 19 27 28 29 30 31 32 33 34 35 36 37 38 39 40 41 42 43 44 45 46 47 48 49 50 51 52 53 54 55 56 57 58 59 60 61 62 63 64 65 66 67 68 69 70 71 72 73 74 75 76 77 78 79 80 81 82 83 84 85 86 87 88 89 90 91 92 93 94 95 96 97 98 99 100 101 102 103 104 output 30 4 5 35 8 3 9 36 8 3 9 14
3 6 7 9 10 19 12 7 13 16 -1 4 5 8 11 14 15 17 18 20 21 22 23 24 25 26 27 28 29 30 31 32 33 34 35 36 37 38 39 40 41 42 43 44 45 46 47 48 49 50 51 52 53 54 55 56 57 58 59 60 61 62 63 64 65 66 67 68 69 70 71 72 73 74 75 76 77 78 79 80 81 82 83 84 85 86 87 88 89 90 91 92 93 94 95 96 97 98 99 100 101 102 103 104 output 1 2 3 4 5 3 7 6 9 10
3 6 7 9 10 19 12 7 13 16 -1 4 5 8 11 14 15 17 18 20 21 22 23 24 25 26 27 28 29 30 31 32 33 34 35 36 37 38 39 40 41 42 43 44 45 46 47 48 49 50 51 52 53 54 55 56 57 58 59 60 61 62 63 64 65 66 67 68 69 70 71 72 73 74 75 76 77 78 79 80 81 82 83 84 85 86 87 88 89 90 91 92 93 94 95 96 97 98 99 100 101 102 103 104 output 1 2 3 4 5 3 7 6 9 10
3 6 7 9 10 7 11 12 13 15 14 19 13 15 18 15 13 15 34 19 13 16 -1 4 5 8 17 20 21 22 23 24 25 26 27 28 29 30 31 32 33 35 36 37 38 39 40 41 42 43 44 45 46 47 48 49 50 51 52 53 54 55 56 57 58 59 60 61 62 63 64 65 66 67 68 69 70 71 72 73 74 75 76 77 78 79 80 81 82 83 84 85 86 87 88 89 90 91 92 93 94 95 96 97 98 99 100 101 102 103 104 output 1 2 3 4 5 3 7 8 9 5 3 11 10 9 22 27 5 3 15 10 9 22 12 19 10 9 22
3 6 7 9 10 19 12 7 13 16 -1 4 5 8 11 14 15 17 18 20 21 22 23 24 25 26 27 28 29 30 31 32 33 34 35 36 37 38 39 40 41 42 43 44 45 46 47 48 49 50 51 52 53 54 55 56 57 58 59 60 61 62 63 64 65 66 67 68 69 70 71 72 73 74 75 76 77 78 79 80 81 82 83 84 85 86 87 88 89 90 91 92 93 94 95 96 97 98 99 100 101 102 103 104 output 27 4 5 35 5 6 7 3 9 10 36 13 37 13 3 14 14 10
3 6 7 9 10 7 11 12 13 10 7 14 19 13 16 17 10 7 18 15 13 15 34 19 13 15 38 19 16 16 -1 4 5 8 20 21 22 23 24 25 26 27 28 29 30 31 32 33 35 36 37 39 40 41 42 43 44 45 46 47 48 49 50 51 52 53 54 55 56 57 58 59 60 61 62 63 64 65 66 67 68 69 70 71 72 73 74 75 76 77 78 79 80 81 82 83 84 85 86 87 88 89 90 91 92 93 94 95 96 97 98 99 100 101 102 103 104 output 1 2 3 4 5 3 7 8 9 5 3 12 13 9 15 16 5 3 19 13 9 15 16 5 3 19 20 9 20 27 13 9 15 16 5 3 52 13 9 15 15
3 4 5 6 7 8 9 10 7 11 12 13 10 7 14 15 13 15 18 19 13 16 -1 17 20 21 22 23 24 25 26 27 28 29 30 31 32 33 34 35 36 37 38 39 40 41 42 43 44 45 46 47 48 49 50 51 52 53 54 55 56 57 58 59 60 61 62 63 64 65 66 67 68 69 70 71 72 73 74 75 76 77 78 79 80 81 82 83 84 85 86 87 88 89 90 91 92 93 94 95 96 97 98 99 100 101 102 103 104 output 1 4 5 7 8 16 10 11 12 16 15 20 12 16 19 45 12 16 39 5 12 22 25 26 46 3 45 6 28 29 30 31
3 4 5 6 7 8 9 10 7 12 7 13 16 20 21 22 5 15 8 23 24 25 26 -1 11 14 17 18 19 27 28 29 30 31 32 33 34 35 36 37 38 39 40 41 42 43 44 45 46 47 48 49 50 51 52 53 54 55 56 57 58 59 60 61 62 63 64 65 66 67 68 69 70 71 72 73 74 75 76 77 78 79 80 81 82 83 84 85 86 87 88 89 90 91 92 93 94 95 96 97 98 99 100 101 102 103 104 output 1 4 5 7 8 45 3 46 6 47 10 5 12 13
3 6 7 9 10 19 12 7 13 7 14 29 13 16 -1 4 5 8 11 15 17 18 20 21 22 23 24 25 26 27 28 30 31 32 33 34 35 36 37 38 39 40 41 42 43 44 45 46 47 48 49 50 51 52 53 54 55 56 57 58 59 60 61 62 63 64 65 66 67 68 69 70 71 72 73 74 75 76 77 78 79 80 81 82 83 84 85 86 87 88 89 90 91 92 93 94 95 96 97 98 99 100 101 102 103 104 output 1 2 3 4 5 3 7 6 9 3 11 6 9 14
3 6 7 9 10 7 11 12 13 10 7 14 15 13 16 17 10 7 18 15 13 16 16 -1 4 5 8 19 20 21 22 23 24 25 26 27 28 29 30 31 32 33 34 35 36 37 38 39 40 41 42 43 44 45 46 47 48 49 50 51 52 53 54 55 56 57 58 59 60 61 62 63 64 65 66 67 68 69 70 71 72 73 74 75 76 77 78 79 80 81 82 83 84 85 86 87 88 89 90 91 92 93 94 95 96 97 98 99 100 101 102 103 104 output 1 2 3 4 5 3 7 8 9 3 12 28 9 3 19 13 9 45 26 13 53 54 27 9 15
3 6 7 9 10 19 12 15 13 15 14 7 13 16 -1 4 5 8 11 17 18 20 21 22 23 24 25 26 27 28 29 30 31 32 33 34 35 36 37 38 39 40 41 42 43 44 45 46 47 48 49 50 51 52 53 54 55 56 57 58 59 60 61 62 63 64 65 66 67 68 69 70 71 72 73 74 75 76 77 78 79 80 81 82 83 84 85 86 87 88 89 90 91 92 93 94 95 96 97 98 99 100 101 102 103 104 output 29 4 5 6 7 3 9 3 11 8 9 14
27 9 10 19 12 28 13 16 -1 3 4 5 6 7 8 11 14 15 17 18 20 21 22 23 24 25 26 29 30 31 32 33 34 35 36 37 38 39 40 41 42 43 44 45 46 47 48 49 50 51 52 53 54 55 56 57 58 59 60 61 62 63 64 65 66 67 68 69 70 71 72 73 74 75 76 77 78 79 80 81 82 83 84 85 86 87 88 89 90 91 92 93 94 95 96 97 98 99 100 101 102 103 104 output 10 13 14 2 3 4 5 14 7 8
3 6 7 9 10 19 12 15 13 15 14 7 13 16 -1 4 5 8 11 17 18 20 21 22 23 24 25 26 27 28 29 30 31 32 33 34 35 36 37 38 39 40 41 42 43 44 45 46 47 48 49 50 51 52 53 54 55 56 57 58 59 60 61 62 63 64 65 66 67 68 69 70 71 72 73 74 75 76 77 78 79 80 81 82 83 84 85 86 87 88 89 90 91 92 93 94 95 96 97 98 99 100 101 102 103 104 output 1 2 16 17 3 18 4 5 6 7 8 9 3 7 8 9 14
3 4 5 6 7 8 9 10 7 11 12 13 16 -1 14 15 17 18 19 20 21 22 23 24 25 26 27 28 29 30 31 32 33 34 35 36 37 38 39 40 41 42 43 44 45 46 47 48 49 50 51 52 53 54 55 56 57 58 59 60 61 62 63 64 65 66 67 68 69 70 71 72 73 74 75 76 77 78 79 80 81 82 83 84 85 86 87 88 89 90 91 92 93 94 95 96 97 98 99 100 101 102 103 104 output 1 5 7 8 46 11 5 12 13
3 6 7 9 10 7 11 12 13 7 14 19 13 16 -1 4 5 8 15 17 18 20 21 22 23 24 25 26 27 28 29 30 31 32 33 34 35 36 37 38 39 40 41 42 43 44 45 46 47 48 49 50 51 52 53 54 55 56 57 58 59 60 61 62 63 64 65 66 67 68 69 70 71 72 73 74 75 76 77 78 79 80 81 82 83 84 85 86 87 88 89 90 91 92 93 94 95 96 97 98 99 100 101 102 103 104 output 1 3 4 5 3 7 8 9 12 11 3 9 14
3 6 7 9 10 19 12 7 13 16 -1 4 5 8 11 14 15 17 18 20 21 22 23 24 25 26 27 28 29 30 31 32 33 34 35 36 37 38 39 40 41 42 43 44 45 46 47 48 49 50 51 52 53 54 55 56 57 58 59 60 61 62 63 64 65 66 67 68 69 70 71 72 73 74 75 76 77 78 79 80 81 82 83 84 85 86 87 88 89 90 91 92 93 94 95 96 97 98 99 100 101 102 103 104 output 1 2 3 4 5 3 7 6 9 10
3 4 5 6 7 8 9 10 7 11 12 13 10 7 14 15 13 16 -1 17 18 19 20 21 22 23 24 25 26 27 28 29 30 31 32 33 34 35 36 37 38 39 40 41 42 43 44 45 46 47 48 49 50 51 52 53 54 55 56 57 58 59 60 61 62 63 64 65 66 67 68 69 70 71 72 73 74 75 76 77 78 79 80 81 82 83 84 85 86 87 88 89 90 91 92 93 94 95 96 97 98 99 100 101 102 103 104 output 1 2 3 4 5 6 7 8 5 10 11 12 8 5 15 22 18 20 8 5 15 16 12 39 50 3 51 31 52 31 53 31 54 31 6 12 18 18
3 6 7 9 10 19 12 15 13 15 14 7 13 16 -1 4 5 8 11 17 18 20 21 22 23 24 25 26 27 28 29 30 31 32 33 34 35 36 37 38 39 40 41 42 43 44 45 46 47 48 49 50 51 52 53 54 55 56 57 58 59 60 61 62 63 64 65 66 67 68 69 70 71 72 73 74 75 76 77 78 79 80 81 82 83 84 85 86 87 88 89 90 91 92 93 94 95 96 97 98 99 100 101 102 103 104 output 1 2 3 4 5 6 11 8 9 8 7 3 9 14
3 6 7 9 10 7 11 12 13 10 7 14 19 13 16 17 10 7 18 15 13 15 34 19 13 16 -1 4 5 8 20 21 22 23 24 25 26 27 28 29 30 31 32 33 35 36 37 38 39 40 41 42 43 44 45 46 47 48 49 50 51 52 53 54 55 56 57 58 59 60 61 62 63 64 65 66 67 68 69 70 71 72 73 74 75 76 77 78 79 80 81 82 83 84 85 86 87 88 89 90 91 92 93 94 95 96 97 98 99 100 101 102 103 104 output 1 2 3 4 5 3 7 8 9 5 3 12 13 9 15 16 5 3 49 13 9 15 16 5 5 3 19 20 9 15 16 5 3 62 20 9 15 5 20 23 13 9 15 16 5 20 48 13 9 15 15 15
3 6 7 9 10 7 11 12 13 10 7 14 15 13 16 17 10 7 18 15 13 16 16 -1 4 5 8 19 20 21 22 23 24 25 26 27 28 29 30 31 32 33 34 35 36 37 38 39 40 41 42 43 44 45 46 47 48 49 50 51 52 53 54 55 56 57 58 59 60 61 62 63 64 65 66 67 68 69 70 71 72 73 74 75 76 77 78 79 80 81 82 83 84 85 86 87 88 89 90 91 92 93 94 95 96 97 98 99 100 101 102 103 104 output 1 2 3 4 5 3 7 8 9 5 3 12 28 9 15 16 5 3 19 13 9 45 26 56 26 57 37 62 37 27 27 15 15
3 6 7 9 10 19 12 7 13 16 -1 4 5 8 11 14 15 17 18 20 21 22 23 24 25 26 27 28 29 30 31 32 33 34 35 36 37 38 39 40 41 42 43 44 45 46 47 48 49 50 51 52 53 54 55 56 57 58 59 60 61 62 63 64 65 66 67 68 69 70 71 72 73 74 75 76 77 78 79 80 81 82 83 84 85 86 87 88 89 90 91 92 93 94 95 96 97 98 99 100 101 102 103 104 output 27 4 5 6 7 3 9 10
3 6 7 9 10 7 11 12 13 15 14 19 13 15 18 15 13 15 34 7 13 16 20 21 22 5 40 8 23 24 25 26 -1 4 17 27 28 29 30 31 32 33 35 36 37 38 39 41 42 43 44 45 46 47 48 49 50 51 52 53 54 55 56 57 58 59 60 61 62 63 64 65 66 67 68 69 70 71 72 73 74 75 76 77 78 79 80 81 82 83 84 85 86 87 88 89 90 91 92 93 94 95 96 97 98 99 100 101 102 103 104 output 1 2 3 4 5 5 3 7 8 9 22 35 5 3 7 11 9 22 3 15 12 9 3 19 10 9 44 26 10 51 61 28 22
3 6 7 9 10 7 11 12 13 10 7 14 19 13 16 17 10 7 18 15 13 16 16 -1 4 5 8 20 21 22 23 24 25 26 27 28 29 30 31 32 33 34 35 36 37 38 39 40 41 42 43 44 45 46 47 48 49 50 51 52 53 54 55 56 57 58 59 60 61 62 63 64 65 66 67 68 69 70 71 72 73 74 75 76 77 78 79 80 81 82 83 84 85 86 87 88 89 90 91 92 93 94 95 96 97 98 99 100 101 102 103 104 output 1 2 3 4 5 3 7 8 9 5 3 12 13 9 15 16 5 13 19 3 9 15 15
3 4 5 6 7 8 9 10 7 11 12 13 10 7 14 15 13 15 34 19 13 16 -1 17 18 20 21 22 23 24 25 26 27 28 29 30 31 32 33 35 36 37 38 39 40 41 42 43 44 45 46 47 48 49 50 51 52 53 54 55 56 57 58 59 60 61 62 63 64 65 66 67 68 69 70 71 72 73 74 75 76 77 78 79 80 81 82 83 84 85 86 87 88 89 90 91 92 93 94 95 96 97 98 99 100 101 102 103 104 output 1 4 5 7 8 5 10 11 12 16 15 5 12 16 10 25 12 16 19 20 12 22
3 6 7 9 10 7 11 12 13 7 14 19 13 16 -1 4 5 8 15 17 18 20 21 22 23 24 25 26 27 28 29 30 31 32 33 34 35 36 37 38 39 40 41 42 43 44 45 46 47 48 49 50 51 52 53 54 55 56 57 58 59 60 61 62 63 64 65 66 67 68 69 70 71 72 73 74 75 76 77 78 79 80 81 82 83 84 85 86 87 88 89 90 91 92 93 94 95 96 97 98 99 100 101 102 103 104 output 1 16 17 2 3 18 4 5 3 7 8 9 12 11 3 9 14
3 6 7 9 10 7 11 12 13 15 14 19 13 15 11 29 13 15 34 19 13 16 -1 4 5 8 17 18 20 21 22 23 24 25 26 27 28 30 31 32 33 35 36 37 38 39 40 41 42 43 44 45 46 47 48 49 50 51 52 53 54 55 56 57 58 59 60 61 62 63 64 65 66 67 68 69 70 71 72 73 74 75 76 77 78 79 80 81 82 83 84 85 86 87 88 89 90 91 92 93 94 95 96 97 98 99 100 101 102 103 104 output 1 2 3 4 5 3 7 8 9 3 11 10 9 5 3 19 12 9 22 27 5 3 45 12 9 22 27 5 3 28 12 9 22 22 29 30 31 25 10 26 32 33 34 35
3 4 5 6 7 8 9 10 7 11 12 13 10 7 14 15 13 16 -1 17 18 19 20 21 22 23 24 25 26 27 28 29 30 31 32 33 34 35 36 37 38 39 40 41 42 43 44 45 46 47 48 49 50 51 52 53 54 55 56 57 58 59 60 61 62 63 64 65 66 67 68 69 70 71 72 73 74 75 76 77 78 79 80 81 82 83 84 85 86 87 88 89 90 91 92 93 94 95 96 97 98 99 100 101 102 103 104 output 1 4 5 7 8 16 10 11 12 8 16 15 43 12 18 20 8 16 21 43 12 18 39 3 58 3 43 6 47 59 6 12 16 37 5 12 18
3 6 7 9 10 19 12 7 13 16 -1 4 5 8 11 14 15 17 18 20 21 22 23 24 25 26 27 28 29 30 31 32 33 34 35 36 37 38 39 40 41 42 43 44 45 46 47 48 49 50 51 52 53 54 55 56 57 58 59 60 61 62 63 64 65 66 67 68 69 70 71 72 73 74 75 76 77 78 79 80 81 82 83 84 85 86 87 88 89 90 91 92 93 94 95 96 97 98 99 100 101 102 103 104 output 27 4 5 6 7 29 9 10
3 6 7 9 10 19 12 7 13 7 14 29 13 16 -1 4 5 8 11 15 17 18 20 21 22 23 24 25 26 27 28 30 31 32 33 34 35 36 37 38 39 40 41 42 43 44 45 46 47 48 49 50 51 52 53 54 55 56 57 58 59 60 61 62 63 64 65 66 67 68 69 70 71 72 73 74 75 76 77 78 79 80 81 82 83 84 85 86 87 88 89 90 91 92 93 94 95 96 97 98 99 100 101 102 103 104 output 1 2 3 4 5 6 11 3 9 3 7 12 9 14
3 6 7 9 10 7 11 12 13 10 7 14 19 13 16 17 10 7 18 15 13 16 16 -1 4 5 8 20 21 22 23 24 25 26 27 28 29 30 31 32 33 34 35 36 37 38 39 40 41 42 43 44 45 46 47 48 49 50 51 52 53 54 55 56 57 58 59 60 61 62 63 64 65 66 67 68 69 70 71 72 73 74 75 76 77 78 79 80 81 82 83 84 85 86 87 88 89 90 91 92 93 94 95 96 97 98 99 100 101 102 103 104 output 1 2 3 4 5 3 7 8 9 3 12 20 9 13 12 20 9 44 26 3 65 13 27 15
27 9 10 19 12 28 13 16 -1 3 4 5 6 7 8 11 14 15 17 18 20 21 22 23 24 25 26 29 30 31 32 33 34 35 36 37 38 39 40 41 42 43 44 45 46 47 48 49 50 51 52 53 54 55 56 57 58 59 60 61 62 63 64 65 66 67 68 69 70 71 72 73 74 75 76 77 78 79 80 81 82 83 84 85 86 87 88 89 90 91 92 93 94 95 96 97 98 99 100 101 102 103 104 output 10 13 14 2 3 4 5 14 7 8
3 6 7 9 10 7 11 19 13 7 12 15 13 16 20 21 22 5 15 8 23 24 25 26 -1 4 14 17 18 27 28 29 30 31 32 33 34 35 36 37 38 39 40 41 42 43 44 45 46 47 48 49 50 51 52 53 54 55 56 57 58 59 60 61 62 63 64 65 66 67 68 69 70 71 72 73 74 75 76 77 78 79 80 81 82 83 84 85 86 87 88 89 90 91 92 93 94 95 96 97 98 99 100 101 102 103 104 output 1 2 3 4 5 3 7 8 9 3 11 31 61 31 34 9 14
3 4 5 6 7 8 9 10 7 11 19 13 16 -1 12 14 15 17 18 20 21 22 23 24 25 26 27 28 29 30 31 32 33 34 35 36 37 38 39 40 41 42 43 44 45 46 47 48 49 50 51 52 53 54 55 56 57 58 59 60 61 62 63 64 65 66 67 68 69 70 71 72 73 74 75 76 77 78 79 80 81 82 83 84 85 86 87 88 89 90 91 92 93 94 95 96 97 98 99 100 101 102 103 104 output 1 4 5 7 8 5 10 11 12 13
3 6 7 9 10 7 11 12 13 10 7 14 19 13 16 17 10 7 14 19 13 16 16 -1 4 5 8 15 18 20 21 22 23 24 25 26 27 28 29 30 31 32 33 34 35 36 37 38 39 40 41 42 43 44 45 46 47 48 49 50 51 52 53 54 55 56 57 58 59 60 61 62 63 64 65 66 67 68 69 70 71 72 73 74 75 76 77 78 79 80 81 82 83 84 85 86 87 88 89 90 91 92 93 94 95 96 97 98 99 100 101 102 103 104 output 1 2 3 4 5 3 7 8 9 5 3 12 13 9 15 16 5 3 12 39 9 15 15
3 6 7 9 10 19 12 15 13 15 14 7 13 16 -1 4 5 8 11 17 18 20 21 22 23 24 25 26 27 28 29 30 31 32 33 34 35 36 37 38 39 40 41 42 43 44 45 46 47 48 49 50 51 52 53 54 55 56 57 58 59 60 61 62 63 64 65 66 67 68 69 70 71 72 73 74 75 76 77 78 79 80 81 82 83 84 85 86 87 88 89 90 91 92 93 94 95 96 97 98 99 100 101 102 103 104 output 1 2 17 3 18 4 5 6 7 8 9 31 7 42 9 14
3 6 7 9 10 19 12 7 13 16 -1 4 5 8 11 14 15 17 18 20 21 22 23 24 25 26 27 28 29 30 31 32 33 34 35 36 37 38 39 40 41 42 43 44 45 46 47 48 49 50 51 52 53 54 55 56 57 58 59 60 61 62 63 64 65 66 67 68 69 70 71 72 73 74 75 76 77 78 79 80 81 82 83 84 85 86 87 88 89 90 91 92 93 94 95 96 97 98 99 100 101 102 103 104 output 1 2 3 4 5 3 7 6 9 10
3 6 7 9 10 7 11 12 13 7 14 15 13 16 20 21 22 5 15 8 23 24 25 26 -1 4 17 18 19 27 28 29 30 31 32 33 34 35 36 37 38 39 40 41 42 43 44 45 46 47 48 49 50 51 52 53 54 55 56 57 58 59 60 61 62 63 64 65 66 67 68 69 70 71 72 73 74 75 76 77 78 79 80 81 82 83 84 85 86 87 88 89 90 91 92 93 94 95 96 97 98 99 100 101 102 103 104 output 1 2 3 4 5 3 7 8 9 3 11 12 9 39 50 18 51 31 62 31 20 9 14
3 6 7 9 10 7 11 12 13 7 14 19 13 16 -1 4 5 8 15 17 18 20 21 22 23 24 25 26 27 28 29 30 31 32 33 34 35 36 37 38 39 40 41 42 43 44 45 46 47 48 49 50 51 52 53 54 55 56 57 58 59 60 61 62 63 64 65 66 67 68 69 70 71 72 73 74 75 76 77 78 79 80 81 82 83 84 85 86 87 88 89 90 91 92 93 94 95 96 97 98 99 100 101 102 103 104 output 1 16 17 2 3 18 4 5 3 7 8 9 3 11 12 9 14
3 6 7 9 10 7 11 12 13 7 14 19 13 16 -1 4 5 8 15 17 18 20 21 22 23 24 25 26 27 28 29 30 31 32 33 34 35 36 37 38 39 40 41 42 43 44 45 46 47 48 49 50 51 52 53 54 55 56 57 58 59 60 61 62 63 64 65 66 67 68 69 70 71 72 73 74 75 76 77 78 79 80 81 82 83 84 85 86 87 88 89 90 91 92 93 94 95 96 97 98 99 100 101 102 103 104 output 1 2 3 4 5 19 11 12 9 19 8 3 9 14 22 23 43 17 3 18 25 26 27 28
27 9 10 19 12 28 13 16 -1 3 4 5 6 7 8 11 14 15 17 18 20 21 22 23 24 25 26 29 30 31 32 33 34 35 36 37 38 39 40 41 42 43 44 45 46 47 48 49 50 51 52 53 54 55 56 57 58 59 60 61 62 63 64 65 66 67 68 69 70 71 72 73 74 75 76 77 78 79 80 81 82 83 84 85 86 87 88 89 90 91 92 93 94 95 96 97 98 99 100 101 102 103 104 output 10 13 14 2 3 4 5 14 7 8
3 4 5 6 7 8 9 10 7 11 12 13 7 14 15 13 15 34 19 13 16 -1 17 18 20 21 22 23 24 25 26 27 28 29 30 31 32 33 35 36 37 38 39 40 41 42 43 44 45 46 47 48 49 50 51 52 53 54 55 56 57 58 59 60 61 62 63 64 65 66 67 68 69 70 71 72 73 74 75 76 77 78 79 80 81 82 83 84 85 86 87 88 89 90 91 92 93 94 95 96 97 98 99 100 101 102 103 104 output 1 4 5 7 8 5 10 11 12 5 14 15 12 5 24 44 12 40 3 15 64 44 6 12 21
3 4 5 6 7 8 9 10 7 11 12 13 16 -1 14 15 17 18 19 20 21 22 23 24 25 26 27 28 29 30 31 32 33 34 35 36 37 38 39 40 41 42 43 44 45 46 47 48 49 50 51 52 53 54 55 56 57 58 59 60 61 62 63 64 65 66 67 68 69 70 71 72 73 74 75 76 77 78 79 80 81 82 83 84 85 86 87 88 89 90 91 92 93 94 95 96 97 98 99 100 101 102 103 104 output 1 4 5 7 8 5 11 28 61 28 12 13
3 6 7 9 10 19 12 7 13 16 -1 4 5 8 11 14 15 17 18 20 21 22 23 24 25 26 27 28 29 30 31 32 33 34 35 36 37 38 39 40 41 42 43 44 45 46 47 48 49 50 51 52 53 54 55 56 57 58 59 60 61 62 63 64 65 66 67 68 69 70 71 72 73 74 75 76 77 78 79 80 81 82 83 84 85 86 87 88 89 90 91 92 93 94 95 96 97 98 99 100 101 102 103 104 output 27 4 5 6 15 7 9 10
3 6 7 9 10 19 12 7 13 7 14 29 13 16 -1 4 5 8 11 15 17 18 20 21 22 23 24 25 26 27 28 30 31 32 33 34 35 36 37 38 39 40 41 42 43 44 45 46 47 48 49 50 51 52 53 54 55 56 57 58 59 60 61 62 63 64 65 66 67 68 69 70 71 72 73 74 75 76 77 78 79 80 81 82 83 84 85 86 87 88 89 90 91 92 93 94 95 96 97 98 99 100 101 102 103 104 output 1 2 3 4 5 3 7 6 9 3 11 12 9 14
3 6 7 9 10 7 12 19 13 15 14 19 13 15 18 29 13 15 34 19 13 15 34 19 13 16 -1 4 5 8 11 17 20 21 22 23 24 25 26 27 28 30 31 32 33 35 36 37 38 39 40 41 42 43 44 45 46 47 48 49 50 51 52 53 54 55 56 57 58 59 60 61 62 63 64 65 66 67 68 69 70 71 72 73 74 75 76 77 78 79 80 81 82 83 84 85 86 87 88 89 90 91 92 93 94 95 96 97 98 99 100 101 102 103 104 output 1 2 3 4 5 3 31 7 9 3 11 8 9 5 3 15 16 9 26 32 5 3 15 10 9 10 49 16 9 26 26
3 4 5 6 7 8 9 10 7 11 12 13 10 7 14 15 13 16 -1 17 18 19 20 21 22 23 24 25 26 27 28 29 30 31 32 33 34 35 36 37 38 39 40 41 42 43 44 45 46 47 48 49 50 51 52 53 54 55 56 57 58 59 60 61 62 63 64 65 66 67 68 69 70 71 72 73 74 75 76 77 78 79 80 81 82 83 84 85 86 87 88 89 90 91 92 93 94 95 96 97 98 99 100 101 102 103 104 output 1 4 5 7 8 5 10 11 12 8 5 15 16 12 18 20 8 5 21 16 12 18 39 3 16 47 65 6 18
3 6 7 9 10 19 12 7 13 7 11 29 13 16 -1 4 5 8 14 15 17 18 20 21 22 23 24 25 26 27 28 30 31 32 33 34 35 36 37 38 39 40 41 42 43 44 45 46 47 48 49 50 51 52 53 54 55 56 57 58 59 60 61 62 63 64 65 66 67 68 69 70 71 72 73 74 75 76 77 78 79 80 81 82 83 84 85 86 87 88 89 90 91 92 93 94 95 96 97 98 99 100 101 102 103 104 output 1 2 3 4 5 3 11 12 9 3 7 6 9 14
3 6 7 9 10 19 12 7 13 16 -1 4 5 8 11 14 15 17 18 20 21 22 23 24 25 26 27 28 29 30 31 32 33 34 35 36 37 38 39 40 41 42 43 44 45 46 47 48 49 50 51 52 53 54 55 56 57 58 59 60 61 62 63 64 65 66 67 68 69 70 71 72 73 74 75 76 77 78 79 80 81 82 83 84 85 86 87 88 89 90 91 92 93 94 95 96 97 98 99 100 101 102 103 104 output 27 4 5 6 15 29 9 10
27 9 10 19 12 28 13 16 -1 3 4 5 6 7 8 11 14 15 17 18 20 21 22 23 24 25 26 29 30 31 32 33 34 35 36 37 38 39 40 41 42 43 44 45 46 47 48 49 50 51 52 53 54 55 56 57 58 59 60 61 62 63 64 65 66 67 68 69 70 71 72 73 74 75 76 77 78 79 80 81 82 83 84 85 86 87 88 89 90 91 92 93 94 95 96 97 98 99 100 101 102 103 104 output 1 2 3 4 5 14 7 8
3 6 7 9 10 7 11 12 13 7 14 19 13 7 18 15 13 36 5 15 40 8 16 16 -1 4 17 20 21 22 23 24 25 26 27 28 29 30 31 32 33 34 35 37 38 39 41 42 43 44 45 46 47 48 49 50 51 52 53 54 55 56 57 58 59 60 61 62 63 64 65 66 67 68 69 70 71 72 73 74 75 76 77 78 79 80 81 82 83 84 85 86 87 88 89 90 91 92 93 94 95 96 97 98 99 100 101 102 103 104 output 1 2 3 4 5 3 7 8 9 3 11 12 9 3 15 16 9 18 19 69 19 16 22 70 71 22 23
3 6 7 9 10 19 12 15 13 15 14 7 13 16 -1 4 5 8 11 17 18 20 21 22 23 24 25 26 27 28 29 30 31 32 33 34 35 36 37 38 39 40 41 42 43 44 45 46 47 48 49 50 51 52 53 54 55 56 57 58 59 60 61 62 63 64 65 66 67 68 69 70 71 72 73 74 75 76 77 78 79 80 81 82 83 84 85 86 87 88 89 90 91 92 93 94 95 96 97 98 99 100 101 102 103 104 output 1 2 3 4 5 8 7 6 9 8 11 3 9 14
3 6 7 9 10 7 11 12 13 10 7 14 15 13 16 17 10 7 18 15 13 16 16 20 21 22 5 15 8 23 24 25 26 -1 4 19 27 28 29 30 31 32 33 34 35 36 37 38 39 40 41 42 43 44 45 46 47 48 49 50 51 52 53 54 55 56 57 58 59 60 61 62 63 64 65 66 67 68 69 70 71 72 73 74 75 76 77 78 79 80 81 82 83 84 85 86 87 88 89 90 91 92 93 94 95 96 97 98 99 100 101 102 103 104 output 1 2 3 4 5 3 76 38 77 38 41 9 5 3 8 36 9 15 16 5 3 7 12 9 15 15
3 6 7 9 10 7 11 12 13 7 14 15 13 16 20 21 22 5 15 8 23 24 25 26 -1 4 17 18 19 27 28 29 30 31 32 33 34 35 36 37 38 39 40 41 42 43 44 45 46 47 48 49 50 51 52 53 54 55 56 57 58 59 60 61 62 63 64 65 66 67 68 69 70 71 72 73 74 75 76 77 78 79 80 81 82 83 84 85 86 87 88 89 90 91 92 93 94 95 96 97 98 99 100 101 102 103 104 output 1 2 3 4 5 3 7 8 9 3 11 12 9 14 15 16 17 18 12 20 21 24 23 24
3 4 5 6 7 8 9 10 7 11 12 13 16 -1 14 15 17 18 19 20 21 22 23 24 25 26 27 28 29 30 31 32 33 34 35 36 37 38 39 40 41 42 43 44 45 46 47 48 49 50 51 52 53 54 55 56 57 58 59 60 61 62 63 64 65 66 67 68 69 70 71 72 73 74 75 76 77 78 79 80 81 82 83 84 85 86 87 88 89 90 91 92 93 94 95 96 97 98 99 100 101 102 103 104 output 1 4 5 7 8 5 11 68 69 68 31 12 13
3 6 7 9 10 19 12 7 13 10 7 14 19 13 16 17 10 7 14 29 13 16 16 -1 4 5 8 11 15 18 20 21 22 23 24 25 26 27 28 30 31 32 33 34 35 36 37 38 39 40 41 42 43 44 45 46 47 48 49 50 51 52 53 54 55 56 57 58 59 60 61 62 63 64 65 66 67 68 69 70 71 72 73 74 75 76 77 78 79 80 81 82 83 84 85 86 87 88 89 90 91 92 93 94 95 96 97 98 99 100 101 102 103 104 output 38 4 5 5 6 7 20 9 15 16 5 6 7 3 9 3 30 20 9 15 15
3 6 7 9 10 7 11 12 13 10 7 14 19 13 16 17 10 7 18 15 13 15 34 19 13 16 -1 4 5 8 20 21 22 23 24 25 26 27 28 29 30 31 32 33 35 36 37 38 39 40 41 42 43 44 45 46 47 48 49 50 51 52 53 54 55 56 57 58 59 60 61 62 63 64 65 66 67 68 69 70 71 72 73 74 75 76 77 78 79 80 81 82 83 84 85 86 87 88 89 90 91 92 93 94 95 96 97 98 99 100 101 102 103 104 output 1 2 3 4 5 3 7 8 9 3 12 20 9 5 20 19 13 15 16 5 20 19 50 9 50 48 13 15 15
3 4 5 6 7 8 9 10 7 11 12 13 16 -1 14 15 17 18 19 20 21 22 23 24 25 26 27 28 29 30 31 32 33 34 35 36 37 38 39 40 41 42 43 44 45 46 47 48 49 50 51 52 53 54 55 56 57 58 59 60 61 62 63 64 65 66 67 68 69 70 71 72 73 74 75 76 77 78 79 80 81 82 83 84 85 86 87 88 89 90 91 92 93 94 95 96 97 98 99 100 101 102 103 104 output 1 4 5 7 8 5 11 28 70 71 72 28 31 12 13
3 6 7 9 10 7 11 12 13 7 14 19 13 7 18 15 13 16 20 21 22 5 15 8 23 24 25 26 -1 4 17 27 28 29 30 31 32 33 34 35 36 37 38 39 40 41 42 43 44 45 46 47 48 49 50 51 52 53 54 55 56 57 58 59 60 61 62 63 64 65 66 67 68 69 70 71 72 73 74 75 76 77 78 79 80 81 82 83 84 85 86 87 88 89 90 91 92 93 94 95 96 97 98 99 100 101 102 103 104 output 1 2 3 4 5 3 7 8 9 3 11 12 9 3 15 16 9 41 22 16 69 78 22 33 79 33 24 24 18
3 6 7 9 10 7 11 12 13 7 14 15 13 7 18 15 13 16 20 21 22 5 15 8 23 24 25 26 -1 4 17 19 27 28 29 30 31 32 33 34 35 36 37 38 39 40 41 42 43 44 45 46 47 48 49 50 51 52 53 54 55 56 57 58 59 60 61 62 63 64 65 66 67 68 69 70 71 72 73 74 75 76 77 78 79 80 81 82 83 84 85 86 87 88 89 90 91 92 93 94 95 96 97 98 99 100 101 102 103 104 output 1 2 3 4 5 3 7 8 9 5 3 11 34 81 34 82 9 18 31 5 3 11 34 83 34 82 9 18 18
3 6 7 9 10 7 11 12 13 7 14 15 13 16 20 21 22 5 15 8 23 24 25 26 -1 4 17 18 19 27 28 29 30 31 32 33 34 35 36 37 38 39 40 41 42 43 44 45 46 47 48 49 50 51 52 53 54 55 56 57 58 59 60 61 62 63 64 65 66 67 68 69 70 71 72 73 74 75 76 77 78 79 80 81 82 83 84 85 86 87 88 89 90 91 92 93 94 95 96 97 98 99 100 101 102 103 104 output 1 2 3 4 5 3 7 8 9 3 11 31 81 31 9 14
3 6 7 9 10 7 11 12 13 7 14 19 13 7 18 15 13 16 20 21 22 5 15 8 23 24 25 26 -1 4 17 27 28 29 30 31 32 33 34 35 36 37 38 39 40 41 42 43 44 45 46 47 48 49 50 51 52 53 54 55 56 57 58 59 60 61 62 63 64 65 66 67 68 69 70 71 72 73 74 75 76 77 78 79 80 81 82 83 84 85 86 87 88 89 90 91 92 93 94 95 96 97 98 99 100 101 102 103 104 output 1 2 3 4 5 12 8 16 9 3 7 11 9 3 8 45 9 41 22 45 84 16 24 9 18 19 20 21 22 45 24 25 26 27 28
3 6 7 9 10 7 12 19 13 7 14 19 13 16 -1 4 5 8 11 15 17 18 20 21 22 23 24 25 26 27 28 29 30 31 32 33 34 35 36 37 38 39 40 41 42 43 44 45 46 47 48 49 50 51 52 53 54 55 56 57 58 59 60 61 62 63 64 65 66 67 68 69 70 71 72 73 74 75 76 77 78 79 80 81 82 83 84 85 86 87 88 89 90 91 92 93 94 95 96 97 98 99 100 101 102 103 104 output 1 2 3 4 5 3 7 8 9 3 11 32 9 14
3 6 7 9 10 19 12 15 13 15 14 7 13 16 -1 4 5 8 11 17 18 20 21 22 23 24 25 26 27 28 29 30 31 32 33 34 35 36 37 38 39 40 41 42 43 44 45 46 47 48 49 50 51 52 53 54 55 56 57 58 59 60 61 62 63 64 65 66 67 68 69 70 71 72 73 74 75 76 77 78 79 80 81 82 83 84 85 86 87 88 89 90 91 92 93 94 95 96 97 98 99 100 101 102 103 104 output 29 4 5 6 7 3 9 31 7 8 9 38 17 3 46 8 18 14
3 6 7 9 10 19 12 7 13 7 14 29 13 16 -1 4 5 8 11 15 17 18 20 21 22 23 24 25 26 27 28 30 31 32 33 34 35 36 37 38 39 40 41 42 43 44 45 46 47 48 49 50 51 52 53 54 55 56 57 58 59 60 61 62 63 64 65 66 67 68 69 70 71 72 73 74 75 76 77 78 79 80 81 82 83 84 85 86 87 88 89 90 91 92 93 94 95 96 97 98 99 100 101 102 103 104 output 30 4 5 6 7 3 9 6 11 20 9 38 17 3 62 20 18 14
3 6 7 9 10 19 12 15 13 15 14 7 13 16 -1 4 5 8 11 17 18 20 21 22 23 24 25 26 27 28 29 30 31 32 33 34 35 36 37 38 39 40 41 42 43 44 45 46 47 48 49 50 51 52 53 54 55 56 57 58 59 60 61 62 63 64 65 66 67 68 69 70 71 72 73 74 75 76 77 78 79 80 81 82 83 84 85 86 87 88 89 90 91 92 93 94 95 96 97 98 99 100 101 102 103 104 output 1 2 3 4 5 3 7 6 9 3 11 8 9 14 22 23 8 25 26 27 28
3 6 7 9 10 7 11 12 13 7 14 15 13 16 20 21 22 5 15 8 23 24 25 26 -1 4 17 18 19 27 28 29 30 31 32 33 34 35 36 37 38 39 40 41 42 43 44 45 46 47 48 49 50 51 52 53 54 55 56 57 58 59 60 61 62 63 64 65 66 67 68 69 70 71 72 73 74 75 76 77 78 79 80 81 82 83 84 85 86 87 88 89 90 91 92 93 94 95 96 97 98 99 100 101 102 103 104 output 1 2 3 4 5 3 7 8 9 3 11 12 9 14 15 16 44 18 12 20 21 22 23 24
3 4 5 6 7 8 9 10 7 11 12 13 10 7 14 15 13 16 17 10 7 18 15 13 16 16 -1 19 20 21 22 23 24 25 26 27 28 29 30 31 32 33 34 35 36 37 38 39 40 41 42 43 44 45 46 47 48 49 50 51 52 53 54 55 56 57 58 59 60 61 62 63 64 65 66 67 68 69 70 71 72 73 74 75 76 77 78 79 80 81 82 83 84 85 86 87 88 89 90 91 92 93 94 95 96 97 98 99 100 101 102 103 104 output 1 4 5 7 8 5 10 11 12 8 5 15 16 12 18 19 8 5 22 16 12 18 45 56 3 57 37 89 37 6 12 18
3 4 5 6 7 8 9 10 7 11 12 13 10 7 14 15 13 16 -1 17 18 19 20 21 22 23 24 25 26 27 28 29 30 31 32 33 34 35 36 37 38 39 40 41 42 43 44 45 46 47 48 49 50 51 52 53 54 55 56 57 58 59 60 61 62 63 64 65 66 67 68 69 70 71 72 73 74 75 76 77 78 79 80 81 82 83 84 85 86 87 88 89 90 91 92 93 94 95 96 97 98 99 100 101 102 103 104 output 1 4 5 7 8 5 10 11 12 16 10 15 12 16 21 5 12 18 23 24 25 3 2 3 4 3 16 6 6 6 26 27 28 29
3 6 7 9 10 7 11 12 13 15 14 19 13 15 18 29 13 16 -1 4 5 8 17 20 21 22 23 24 25 26 27 28 30 31 32 33 34 35 36 37 38 39 40 41 42 43 44 45 46 47 48 49 50 51 52 53 54 55 56 57 58 59 60 61 62 63 64 65 66 67 68 69 70 71 72 73 74 75 76 77 78 79 80 81 82 83 84 85 86 87 88 89 90 91 92 93 94 95 96 97 98 99 100 101 102 103 104 output 1 2 3 4 5 3 7 8 9 3 11 10 9 12 11 43 9 39 21 10 63 43 84 3 60 12 22 9 18
3 6 7 9 10 19 12 7 13 16 -1 4 5 8 11 14 15 17 18 20 21 22 23 24 25 26 27 28 29 30 31 32 33 34 35 36 37 38 39 40 41 42 43 44 45 46 47 48 49 50 51 52 53 54 55 56 57 58 59 60 61 62 63 64 65 66 67 68 69 70 71 72 73 74 75 76 77 78 79 80 81 82 83 84 85 86 87 88 89 90 91 92 93 94 95 96 97 98 99 100 101 102 103 104 output 27 4 5 6 15 7 9 10
3 6 7 9 10 19 12 15 13 15 14 7 13 16 -1 4 5 8 11 17 18 20 21 22 23 24 25 26 27 28 29 30 31 32 33 34 35 36 37 38 39 40 41 42 43 44 45 46 47 48 49 50 51 52 53 54 55 56 57 58 59 60 61 62 63 64 65 66 67 68 69 70 71 72 73 74 75 76 77 78 79 80 81 82 83 84 85 86 87 88 89 90 91 92 93 94 95 96 97 98 99 100 101 102 103 104 output 1 2 3 4 5 8 7 6 9 8 11 3 9 14
3 6 7 9 10 19 12 7 13 16 -1 4 5 8 11 14 15 17 18 20 21 22 23 24 25 26 27 28 29 30 31 32 33 34 35 36 37 38 39 40 41 42 43 44 45 46 47 48 49 50 51 52 53 54 55 56 57 58 59 60 61 62 63 64 65 66 67 68 69 70 71 72 73 74 75 76 77 78 79 80 81 82 83 84 85 86 87 88 89 90 91 92 93 94 95 96 97 98 99 100 101 102 103 104 output 1 2 3 4 5 3 7 6 9 10
3 6 7 9 10 7 12 19 13 10 7 14 19 13 16 17 10 7 18 15 13 15 34 19 13 16 16 -1 4 5 8 11 20 21 22 23 24 25 26 27 28 29 30 31 32 33 35 36 37 38 39 40 41 42 43 44 45 46 47 48 49 50 51 52 53 54 55 56 57 58 59 60 61 62 63 64 65 66 67 68 69 70 71 72 73 74 75 76 77 78 79 80 81 82 83 84 85 86 87 88 89 90 91 92 93 94 95 96 97 98 99 100 101 102 103 104 output 1 2 3 20 4 5 3 32 7 9 5 3 12 8 9 15 16 5 3 12 20 9 20 23 8 9 15 15
3 6 7 9 10 7 11 12 13 10 7 14 19 13 16 17 10 7 14 15 13 16 16 -1 4 5 8 18 20 21 22 23 24 25 26 27 28 29 30 31 32 33 34 35 36 37 38 39 40 41 42 43 44 45 46 47 48 49 50 51 52 53 54 55 56 57 58 59 60 61 62 63 64 65 66 67 68 69 70 71 72 73 74 75 76 77 78 79 80 81 82 83 84 85 86 87 88 89 90 91 92 93 94 95 96 97 98 99 100 101 102 103 104 output 1 2 3 4 5 3 7 8 9 3 12 13 9 3 28 38 9 15
3 4 5 6 7 8 9 10 7 11 12 13 10 7 14 15 13 16 17 10 7 18 15 13 16 16 -1 19 20 21 22 23 24 25 26 27 28 29 30 31 32 33 34 35 36 37 38 39 40 41 42 43 44 45 46 47 48 49 50 51 52 53 54 55 56 57 58 59 60 61 62 63 64 65 66 67 68 69 70 71 72 73 74 75 76 77 78 79 80 81 82 83 84 85 86 87 88 89 90 91 92 93 94 95 96 97 98 99 100 101 102 103 104 output 1 4 5 7 8 5 11 28 12 16 15 5 12 16 10 22 12 18 29 30 31 3 2 3 16 6 6 32 33 34 35
3 4 5 6 7 8 9 10 7 11 12 13 7 14 15 13 16 20 21 22 5 15 8 23 24 25 26 -1 17 18 19 27 28 29 30 31 32 33 34 35 36 37 38 39 40 41 42 43 44 45 46 47 48 49 50 51 52 53 54 55 56 57 58 59 60 61 62 63 64 65 66 67 68 69 70 71 72 73 74 75 76 77 78 79 80 81 82 83 84 85 86 87 88 89 90 91 92 93 94 95 96 97 98 99 100 101 102 103 104 output 1 4 5 7 8 5 10 11 12 5 14 33 87 33 12 17
3 6 7 9 10 19 12 15 13 15 14 7 13 16 -1 4 5 8 11 17 18 20 21 22 23 24 25 26 27 28 29 30 31 32 33 34 35 36 37 38 39 40 41 42 43 44 45 46 47 48 49 50 51 52 53 54 55 56 57 58 59 60 61 62 63 64 65 66 67 68 69 70 71 72 73 74 75 76 77 78 79 80 81 82 83 84 85 86 87 88 89 90 91 92 93 94 95 96 97 98 99 100 101 102 103 104 output 1 2 3 4 5 6 7 3 9 3 11 8 9 14 22 23 43 17 8 18 25 26 27 28
3 6 7 9 10 19 12 7 13 7 11 14 13 16 -1 4 5 8 15 17 18 20 21 22 23 24 25 26 27 28 29 30 31 32 33 34 35 36 37 38 39 40 41 42 43 44 45 46 47 48 49 50 51 52 53 54 55 56 57 58 59 60 61 62 63 64 65 66 67 68 69 70 71 72 73 74 75 76 77 78 79 80 81 82 83 84 85 86 87 88 89 90 91 92 93 94 95 96 97 98 99 100 101 102 103 104 output 1 2 3 4 5 6 12 19 9 3 11 7 9 3 85 19 9 14
3 6 7 9 10 7 11 12 13 10 7 14 15 13 16 17 10 7 18 15 13 16 16 -1 4 5 8 19 20 21 22 23 24 25 26 27 28 29 30 31 32 33 34 35 36 37 38 39 40 41 42 43 44 45 46 47 48 49 50 51 52 53 54 55 56 57 58 59 60 61 62 63 64 65 66 67 68 69 70 71 72 73 74 75 76 77 78 79 80 81 82 83 84 85 86 87 88 89 90 91 92 93 94 95 96 97 98 99 100 101 102 103 104 output 1 2 25 26 3 27 4 5 3 7 8 9 3 12 13 9 13 19 28 9 15
3 6 7 9 10 7 12 19 13 10 7 14 19 13 16 17 10 7 18 15 13 15 34 19 13 16 16 -1 4 5 8 11 20 21 22 23 24 25 26 27 28 29 30 31 32 33 35 36 37 38 39 40 41 42 43 44 45 46 47 48 49 50 51 52 53 54 55 56 57 58 59 60 61 62 63 64 65 66 67 68 69 70 71 72 73 74 75 76 77 78 79 80 81 82 83 84 85 86 87 88 89 90 91 92 93 94 95 96 97 98 99 100 101 102 103 104 output 1 2 3 4 5 3 32 7 9 5 3 12 8 9 15 16 5 3 19 8 9 15 16 5 3 96 8 9 15 15
3 6 7 9 10 7 11 19 13 7 12 15 13 16 20 21 22 5 15 8 23 24 25 26 -1 4 14 17 18 27 28 29 30 31 32 33 34 35 36 37 38 39 40 41 42 43 44 45 46 47 48 49 50 51 52 53 54 55 56 57 58 59 60 61 62 63 64 65 66 67 68 69 70 71 72 73 74 75 76 77 78 79 80 81 82 83 84 85 86 87 88 89 90 91 92 93 94 95 96 97 98 99 100 101 102 103 104 output 1 2 3 4 5 3 7 8 9 3 11 12 9 14 15 16 44 18 12 20 21 22 23 24
3 6 7 9 10 19 12 15 13 15 14 7 13 16 -1 4 5 8 11 17 18 20 21 22 23 24 25 26 27 28 29 30 31 32 33 34 35 36 37 38 39 40 41 42 43 44 45 46 47 48 49 50 51 52 53 54 55 56 57 58 59 60 61 62 63 64 65 66 67 68 69 70 71 72 73 74 75 76 77 78 79 80 81 82 83 84 85 86 87 88 89 90 91 92 93 94 95 96 97 98 99 100 101 102 103 104 output 1 2 3 4 5 3 7 6 9 3 11 87 9 14
3 6 7 9 10 7 11 12 13 7 14 19 13 7 18 29 16 16 -1 4 5 8 15 17 20 21 22 23 24 25 26 27 28 30 31 32 33 34 35 36 37 38 39 40 41 42 43 44 45 46 47 48 49 50 51 52 53 54 55 56 57 58 59 60 61 62 63 64 65 66 67 68 69 70 71 72 73 74 75 76 77 78 79 80 81 82 83 84 85 86 87 88 89 90 91 92 93 94 95 96 97 98 99 100 101 102 103 104 output 1 2 3 4 5 5 3 7 8 9 3 11 12 9 17 24 5 3 7 16 9 17 17
3 6 7 9 10 7 11 12 13 7 14 19 13 16 -1 4 5 8 15 17 18 20 21 22 23 24 25 26 27 28 29 30 31 32 33 34 35 36 37 38 39 40 41 42 43 44 45 46 47 48 49 50 51 52 53 54 55 56 57 58 59 60 61 62 63 64 65 66 67 68 69 70 71 72 73 74 75 76 77 78 79 80 81 82 83 84 85 86 87 88 89 90 91 92 93 94 95 96 97 98 99 100 101 102 103 104 output 1 16 17 2 3 18 4 5 3 7 8 9 3 11 12 9 14
3 6 7 9 10 7 11 12 13 10 7 14 15 13 16 17 10 7 18 15 13 16 16 -1 4 5 8 19 20 21 22 23 24 25 26 27 28 29 30 31 32 33 34 35 36 37 38 39 40 41 42 43 44 45 46 47 48 49 50 51 52 53 54 55 56 57 58 59 60 61 62 63 64 65 66 67 68 69 70 71 72 73 74 75 76 77 78 79 80 81 82 83 84 85 86 87 88 89 90 91 92 93 94 95 96 97 98 99 100 101 102 103 104 output 1 2 3 4 5 3 7 8 9 3 12 13 9 13 7 28 9 3 19 49 9 15 29 30 31 26 49 27 32 33 34 35
3 4 5 6 7 8 9 10 7 11 12 13 10 7 14 19 16 16 17 10 7 18 15 13 15 34 19 13 16 -1 20 21 22 23 24 25 26 27 28 29 30 31 32 33 35 36 37 38 39 40 41 42 43 44 45 46 47 48 49 50 51 52 53 54 55 56 57 58 59 60 61 62 63 64 65 66 67 68 69 70 71 72 73 74 75 76 77 78 79 80 81 82 83 84 85 86 87 88 89 90 91 92 93 94 95 96 97 98 99 100 101 102 103 104 output 1 2 3 4 5 6 7 8 5 10 11 12 8 5 15 16 12 17 19 8 5 26 23 12 46 3 57 3 58 39 96 39 6 6 12 17 8 5 22 40 17 19 8 5 48 39 97 39 42 12 17 17
3 6 7 9 10 7 11 12 13 10 7 14 15 13 16 17 10 7 18 15 13 16 16 -1 4 5 8 19 20 21 22 23 24 25 26 27 28 29 30 31 32 33 34 35 36 37 38 39 40 41 42 43 44 45 46 47 48 49 50 51 52 53 54 55 56 57 58 59 60 61 62 63 64 65 66 67 68 69 70 71 72 73 74 75 76 77 78 79 80 81 82 83 84 85 86 87 88 89 90 91 92 93 94 95 96 97 98 99 100 101 102 103 104 output 1 2 3 4 5 3 7 8 9 3 12 28 9 3 19 13 9 15 29 30 31 26 13 27 34 35
3 4 5 6 7 8 9 10 7 11 12 13 16 -1 14 15 17 18 19 20 21 22 23 24 25 26 27 28 29 30 31 32 33 34 35 36 37 38 39 40 41 42 43 44 45 46 47 48 49 50 51 52 53 54 55 56 57 58 59 60 61 62 63 64 65 66 67 68 69 70 71 72 73 74 75 76 77 78 79 80 81 82 83 84 85 86 87 88 89 90 91 92 93 94 95 96 97 98 99 100 101 102 103 104 output 1 4 5 7 8 16 11 5 12 13 20 21 22 3 2 3 4 16 6 6 23 24 25 26
3 6 7 9 10 7 11 12 13 10 7 14 19 13 16 17 10 7 18 15 13 16 16 -1 4 5 8 20 21 22 23 24 25 26 27 28 29 30 31 32 33 34 35 36 37 38 39 40 41 42 43 44 45 46 47 48 49 50 51 52 53 54 55 56 57 58 59 60 61 62 63 64 65 66 67 68 69 70 71 72 73 74 75 76 77 78 79 80 81 82 83 84 85 86 87 88 89 90 91 92 93 94 95 96 97 98 99 100 101 102 103 104 output 1 2 3 4 5 3 7 8 9 5 3 12 13 9 15 16 5 3 19 36 96 36 39 9 15 15
3 6 7 9 10 7 11 12 7 14 19 13 7 14 15 13 16 -1 4 5 8 17 18 20 21 22 23 24 25 26 27 28 29 30 31 32 33 34 35 36 37 38 39 40 41 42 43 44 45 46 47 48 49 50 51 52 53 54 55 56 57 58 59 60 61 62 63 64 65 66 67 68 69 70 71 72 73 74 75 76 77 78 79 80 81 82 83 84 85 86 87 88 89 90 91 92 93 94 95 96 97 98 99 100 101 102 103 104 output 1 2 3 4 5 3 7 8 11 10 15 12 3 10 15 12 17
3 6 7 9 10 7 11 12 13 15 14 19 13 15 11 29 13 15 34 19 13 16 -1 4 5 8 17 18 20 21 22 23 24 25 26 27 28 30 31 32 33 35 36 37 38 39 40 41 42 43 44 45 46 47 48 49 50 51 52 53 54 55 56 57 58 59 60 61 62 63 64 65 66 67 68 69 70 71 72 73 74 75 76 77 78 79 80 81 82 83 84 85 86 87 88 89 90 91 92 93 94 95 96 97 98 99 100 101 102 103 104 output 1 2 3 4 5 10 7 8 9 10 11 12 9 10 28 16 9 10 19 3 9 3 7 45 9 22
3 6 7 9 10 7 11 12 13 7 14 19 13 16 17 10 7 18 15 13 16 16 -1 4 5 8 20 21 22 23 24 25 26 27 28 29 30 31 32 33 34 35 36 37 38 39 40 41 42 43 44 45 46 47 48 49 50 51 52 53 54 55 56 57 58 59 60 61 62 63 64 65 66 67 68 69 70 71 72 73 74 75 76 77 78 79 80 81 82 83 84 85 86 87 88 89 90 91 92 93 94 95 96 97 98 99 100 101 102 103 104 output 1 3 4 5 19 7 8 9 19 11 3 9 3 7 12 9 14 27 28 29 25 24 25 2 19 26 26 30 31 32 33
3 4 5 6 7 8 9 10 7 11 12 13 10 7 14 15 13 16 17 10 7 18 15 13 16 16 -1 19 20 21 22 23 24 25 26 27 28 29 30 31 32 33 34 35 36 37 38 39 40 41 42 43 44 45 46 47 48 49 50 51 52 53 54 55 56 57 58 59 60 61 62 63 64 65 66 67 68 69 70 71 72 73 74 75 76 77 78 79 80 81 82 83 84 85 86 87 88 89 90 91 92 93 94 95 96 97 98 99 100 101 102 103 104 output 1 4 5 7 8 5 10 11 12 8 5 15 37 98 99 100 37 12 18 19 8 5 22 28 12 18 18
3 6 7 9 10 19 12 7 13 7 14 29 13 16 -1 4 5 8 11 15 17 18 20 21 22 23 24 25 26 27 28 30 31 32 33 34 35 36 37 38 39 40 41 42 43 44 45 46 47 48 49 50 51 52 53 54 55 56 57 58 59 60 61 62 63 64 65 66 67 68 69 70 71 72 73 74 75 76 77 78 79 80 81 82 83 84 85 86 87 88 89 90 91 92 93 94 95 96 97 98 99 100 101 102 103 104 output 30 4 5 6 7 3 9 12 7 20 9 38 17 3 81 20 18 14
3 4 5 6 7 8 9 10 7 11 12 13 7 14 15 13 16 20 21 22 5 15 8 23 24 25 26 -1 17 18 19 27 28 29 30 31 32 33 34 35 36 37 38 39 40 41 42 43 44 45 46 47 48 49 50 51 52 53 54 55 56 57 58 59 60 61 62 63 64 65 66 67 68 69 70 71 72 73 74 75 76 77 78 79 80 81 82 83 84 85 86 87 88 89 90 91 92 93 94 95 96 97 98 99 100 101 102 103 104 output 1 4 5 7 8 5 10 11 12 5 14 15 12 41 3 15 49 97 6 12 17
3 6 7 9 10 7 11 12 13 10 7 14 15 13 16 17 10 7 18 15 13 16 16 -1 4 5 8 19 20 21 22 23 24 25 26 27 28 29 30 31 32 33 34 35 36 37 38 39 40 41 42 43 44 45 46 47 48 49 50 51 52 53 54 55 56 57 58 59 60 61 62 63 64 65 66 67 68 69 70 71 72 73 74 75 76 77 78 79 80 81 82 83 84 85 86 87 88 89 90 91 92 93 94 95 96 97 98 99 100 101 102 103 104 output 1 2 3 4 5 3 7 8 9 3 12 28 9 3 19 13 9 45 26 102 26 13 27 73 103 27 15
3 6 7 9 10 19 12 7 13 7 14 29 13 16 -1 4 5 8 11 15 17 18 20 21 22 23 24 25 26 27 28 30 31 32 33 34 35 36 37 38 39 40 41 42 43 44 45 46 47 48 49 50 51 52 53 54 55 56 57 58 59 60 61 62 63 64 65 66 67 68 69 70 71 72 73 74 75 76 77 78 79 80 81 82 83 84 85 86 87 88 89 90 91 92 93 94 95 96 97 98 99 100 101 102 103 104 output 1 2 3 4 5 3 7 6 9 3 11 12 9 14
3 6 7 9 10 19 12 7 13 16 -1 4 5 8 11 14 15 17 18 20 21 22 23 24 25 26 27 28 29 30 31 32 33 34 35 36 37 38 39 40 41 42 43 44 45 46 47 48 49 50 51 52 53 54 55 56 57 58 59 60 61 62 63 64 65 66 67 68 69 70 71 72 73 74 75 76 77 78 79 80 81 82 83 84 85 86 87 88 89 90 91 92 93 94 95 96 97 98 99 100 101 102 103 104 output 1 12 13 2 3 14 4 5 3 7 6 9 10
3 6 7 9 10 19 12 15 13 15 14 7 13 16 -1 4 5 8 11 17 18 20 21 22 23 24 25 26 27 28 29 30 31 32 33 34 35 36 37 38 39 40 41 42 43 44 45 46 47 48 49 50 51 52 53 54 55 56 57 58 59 60 61 62 63 64 65 66 67 68 69 70 71 72 73 74 75 76 77 78 79 80 81 82 83 84 85 86 87 88 89 90 91 92 93 94 95 96 97 98 99 100 101 102 103 104 output 1 2 3 4 5 6 7 3 9 3 19 11 9 14
27 9 10 19 12 28 13 16 -1 3 4 5 6 7 8 11 14 15 17 18 20 21 22 23 24 25 26 29 30 31 32 33 34 35 36 37 38 39 40 41 42 43 44 45 46 47 48 49 50 51 52 53 54 55 56 57 58 59 60 61 62 63 64 65 66 67 68 69 70 71 72 73 74 75 76 77 78 79 80 81 82 83 84 85 86 87 88 89 90 91 92 93 94 95 96 97 98 99 100 101 102 103 104 output 10 13 14 2 3 4 5 14 7 8
3 6 7 9 10 19 12 7 13 16 -1 4 5 8 11 14 15 17 18 20 21 22 23 24 25 26 27 28 29 30 31 32 33 34 35 36 37 38 39 40 41 42 43 44 45 46 47 48 49 50 51 52 53 54 55 56 57 58 59 60 61 62 63 64 65 66 67 68 69 70 71 72 73 74 75 76 77 78 79 80 81 82 83 84 85 86 87 88 89 90 91 92 93 94 95 96 97 98 99 100 101 102 103 104 output 1 12 13 2 3 14 4 5 6 7 3 9 10
3 6 7 9 10 19 12 15 13 15 14 7 13 16 -1 4 5 8 11 17 18 20 21 22 23 24 25 26 27 28 29 30 31 32 33 34 35 36 37 38 39 40 41 42 43 44 45 46 47 48 49 50 51 52 53 54 55 56 57 58 59 60 61 62 63 64 65 66 67 68 69 70 71 72 73 74 75 76 77 78 79 80 81 82 83 84 85 86 87 88 89 90 91 92 93 94 95 96 97 98 99 100 101 102 103 104 output 1 2 3 4 5 3 7 6 9 3 11 28 9 14
3 4 5 6 7 8 9 10 7 11 12 13 10 7 14 15 13 15 34 19 13 16 -1 17 18 20 21 22 23 24 25 26 27 28 29 30 31 32 33 35 36 37 38 39 40 41 42 43 44 45 46 47 48 49 50 51 52 53 54 55 56 57 58 59 60 61 62 63 64 65 66 67 68 69 70 71 72 73 74 75 76 77 78 79 80 81 82 83 84 85 86 87 88 89 90 91 92 93 94 95 96 97 98 99 100 101 102 103 104 output 1 4 5 7 8 5 10 11 12 16 10 15 12 8 16 25 5 12 22 24 8 16 25 45 12 45 43 5 12 22 22 100 27 5 101 3 2 3 16 6 49 102 6
3 6 7 9 10 7 11 12 13 10 7 14 19 13 16 17 10 7 14 15 13 16 16 -1 4 5 8 18 20 21 22 23 24 25 26 27 28 29 30 31 32 33 34 35 36 37 38 39 40 41 42 43 44 45 46 47 48 49 50 51 52 53 54 55 56 57 58 59 60 61 62 63 64 65 66 67 68 69 70 71 72 73 74 75 76 77 78 79 80 81 82 83 84 85 86 87 88 89 90 91 92 93 94 95 96 97 98 99 100 101 102 103 104 output 1 2 3 4 5 3 7 8 9 5 3 12 13 9 15 16 5 3 12 38 9 15 15
3 6 7 9 10 7 11 12 13 10 7 14 15 13 16 17 10 7 18 15 13 16 16 -1 4 5 8 19 20 21 22 23 24 25 26 27 28 29 30 31 32 33 34 35 36 37 38 39 40 41 42 43 44 45 46 47 48 49 50 51 52 53 54 55 56 57 58 59 60 61 62 63 64 65 66 67 68 69 70 71 72 73 74 75 76 77 78 79 80 81 82 83 84 85 86 87 88 89 90 91 92 93 94 95 96 97 98 99 100 101 102 103 104 output 1 2 3 4 5 3 7 8 9 3 12 28 9 3 19 13 9 45 26 13 73 37 107 37 108 90 13 109 37 110 37 108 27 15
3 6 7 9 10 19 12 7 13 16 -1 4 5 8 11 14 15 17 18 20 21 22 23 24 25 26 27 28 29 30 31 32 33 34 35 36 37 38 39 40 41 42 43 44 45 46 47 48 49 50 51 52 53 54 55 56 57 58 59 60 61 62 63 64 65 66 67 68 69 70 71 72 73 74 75 76 77 78 79 80 81 82 83 84 85 86 87 88 89 90 91 92 93 94 95 96 97 98 99 100 101 102 103 104 output 27 4 5 6 7 28 102 28 31 9 10
3 6 7 9 10 19 12 7 13 16 -1 4 5 8 11 14 15 17 18 20 21 22 23 24 25 26 27 28 29 30 31 32 33 34 35 36 37 38 39 40 41 42 43 44 45 46 47 48 49 50 51 52 53 54 55 56 57 58 59 60 61 62 63 64 65 66 67 68 69 70 71 72 73 74 75 76 77 78 79 80 81 82 83 84 85 86 87 88 89 90 91 92 93 94 95 96 97 98 99 100 101 102 103 104 output 27 4 5 6 7 3 9 3 83 17 9 36 13 47 13 48 28 103 28 14 14 10
3 6 7 9 10 7 11 12 13 10 7 14 15 13 16 17 10 7 18 15 13 16 16 -1 4 5 8 19 20 21 22 23 24 25 26 27 28 29 30 31 32 33 34 35 36 37 38 39 40 41 42 43 44 45 46 47 48 49 50 51 52 53 54 55 56 57 58 59 60 61 62 63 64 65 66 67 68 69 70 71 72 73 74 75 76 77 78 79 80 81 82 83 84 85 86 87 88 89 90 91 92 93 94 95 96 97 98 99 100 101 102 103 104 output 1 2 3 4 5 3 7 8 9 3 12 28 9 3 19 13 9 45 26 13 53 113 27 15
3 6 7 9 10 7 11 12 13 15 11 14 13 10 7 18 15 13 15 34 19 13 16 -1 4 5 8 17 20 21 22 23 24 25 26 27 28 29 30 31 32 33 35 36 37 38 39 40 41 42 43 44 45 46 47 48 49 50 51 52 53 54 55 56 57 58 59 60 61 62 63 64 65 66 67 68 69 70 71 72 73 74 75 76 77 78 79 80 81 82 83 84 85 86 87 88 89 90 91 92 93 94 95 96 97 98 99 100 101 102 103 104 output 1 2 3 4 5 3 7 8 9 10 7 12 9 3 16 10 9 10 20 21 9 23
3 6 7 9 10 7 11 12 13 7 14 19 13 7 18 15 13 16 20 21 22 5 15 8 23 24 25 26 -1 4 17 27 28 29 30 31 32 33 34 35 36 37 38 39 40 41 42 43 44 45 46 47 48 49 50 51 52 53 54 55 56 57 58 59 60 61 62 63 64 65 66 67 68 69 70 71 72 73 74 75 76 77 78 79 80 81 82 83 84 85 86 87 88 89 90 91 92 93 94 95 96 97 98 99 100 101 102 103 104 output 1 2 3 4 5 3 8 16 9 16 11 12 9 3 15 45 9 18 19 20 21 22 45 24 25 26 27 28
3 6 7 9 10 19 12 7 13 16 -1 4 5 8 11 14 15 17 18 20 21 22 23 24 25 26 27 28 29 30 31 32 33 34 35 36 37 38 39 40 41 42 43 44 45 46 47 48 49 50 51 52 53 54 55 56 57 58 59 60 61 62 63 64 65 66 67 68 69 70 71 72 73 74 75 76 77 78 79 80 81 82 83 84 85 86 87 88 89 90 91 92 93 94 95 96 97 98 99 100 101 102 103 104 output 1 2 3 4 5 3 7 6 9 10
3 6 7 9 10 7 12 19 13 7 14 19 13 16 -1 4 5 8 11 15 17 18 20 21 22 23 24 25 26 27 28 29 30 31 32 33 34 35 36 37 38 39 40 41 42 43 44 45 46 47 48 49 50 51 52 53 54 55 56 57 58 59 60 61 62 63 64 65 66 67 68 69 70 71 72 73 74 75 76 77 78 79 80 81 82 83 84 85 86 87 88 89 90 91 92 93 94 95 96 97 98 99 100 101 102 103 104 output 1 2 16 17 3 18 4 5 3 7 8 9 3 11 32 9 14
