3 4 5 6 7 5 8 9 10 5 11 12 10 5 13 14 10 15 16 17 18 19 19 19 14 20 20 21 22 23 24 -1 25 26 27 28 29 30 31 32 33 34 35 36 37 38 39 40 41 42 43 44 45 46 47 48 49 50 51 52 53 54 55 56 57 58 59 60 61 62 63 64 65 66 67 68 69 70 71 72 73 74 75 76 77 78 79 80 81 82 83 84 85 86 87 88 89 90 91 92 93 94 95 96 97 98 99 100 101 102 output 1 2 3 4 5 3 8 12 9 16 11 3 9 16 7 15 9 18 19 20 21 22 33 22 16 26 26 28 29 30 31
3 4 5 6 7 12 9 5 10 15 -1 8 11 13 14 16 17 18 19 20 21 22 23 24 25 26 27 28 29 30 31 32 33 34 35 36 37 38 39 40 41 42 43 44 45 46 47 48 49 50 51 52 53 54 55 56 57 58 59 60 61 62 63 64 65 66 67 68 69 70 71 72 73 74 75 76 77 78 79 80 81 82 83 84 85 86 87 88 89 90 91 92 93 94 95 96 97 98 99 100 101 102 output 1 25 19 2 3 20 4 5 6 7 3 9 10
3 4 5 6 7 5 8 12 10 15 -1 9 11 13 14 16 17 18 19 20 21 22 23 24 25 26 27 28 29 30 31 32 33 34 35 36 37 38 39 40 41 42 43 44 45 46 47 48 49 50 51 52 53 54 55 56 57 58 59 60 61 62 63 64 65 66 67 68 69 70 71 72 73 74 75 76 77 78 79 80 81 82 83 84 85 86 87 88 89 90 91 92 93 94 95 96 97 98 99 100 101 102 output 1 25 19 2 3 20 4 5 3 7 8 9 10
3 4 5 6 7 5 8 9 10 5 11 12 10 15 -1 13 14 16 17 18 19 20 21 22 23 24 25 26 27 28 29 30 31 32 33 34 35 36 37 38 39 40 41 42 43 44 45 46 47 48 49 50 51 52 53 54 55 56 57 58 59 60 61 62 63 64 65 66 67 68 69 70 71 72 73 74 75 76 77 78 79 80 81 82 83 84 85 86 87 88 89 90 91 92 93 94 95 96 97 98 99 100 101 102 output 1 2 3 4 5 12 8 3 9 3 7 11 9 14
3 4 5 6 7 5 8 9 10 5 11 12 10 15 -1 13 14 16 17 18 19 20 21 22 23 24 25 26 27 28 29 30 31 32 33 34 35 36 37 38 39 40 41 42 43 44 45 46 47 48 49 50 51 52 53 54 55 56 57 58 59 60 61 62 63 64 65 66 67 68 69 70 71 72 73 74 75 76 77 78 79 80 81 82 83 84 85 86 87 88 89 90 91 92 93 94 95 96 97 98 99 100 101 102 output 1 2 3 4 5 3 7 28 9 5 3 8 12 9 14 29 5 3 11 30 31 30 32 9 14 14
3 4 5 6 7 5 8 9 10 5 11 14 10 15 16 17 18 19 19 25 14 20 20 21 22 23 24 -1 12 13 26 27 28 29 30 31 32 33 34 35 36 37 38 39 40 41 42 43 44 45 46 47 48 49 50 51 52 53 54 55 56 57 58 59 60 61 62 63 64 65 66 67 68 69 70 71 72 73 74 75 76 77 78 79 80 81 82 83 84 85 86 87 88 89 90 91 92 93 94 95 96 97 98 99 100 101 102 output 1 2 3 4 5 3 7 8 9 3 11 12 9 14 15 16 17 18 12 22 24 25 26 27
3 4 5 6 7 5 8 9 10 5 11 14 10 15 16 17 18 19 19 19 20 20 21 22 23 24 -1 12 13 25 26 27 28 29 30 31 32 33 34 35 36 37 38 39 40 41 42 43 44 45 46 47 48 49 50 51 52 53 54 55 56 57 58 59 60 61 62 63 64 65 66 67 68 69 70 71 72 73 74 75 76 77 78 79 80 81 82 83 84 85 86 87 88 89 90 91 92 93 94 95 96 97 98 99 100 101 102 output 36 4 5 37 8 3 9 38 8 3 9 14
3 4 5 6 7 12 9 5 10 15 -1 8 11 13 14 16 17 18 19 20 21 22 23 24 25 26 27 28 29 30 31 32 33 34 35 36 37 38 39 40 41 42 43 44 45 46 47 48 49 50 51 52 53 54 55 56 57 58 59 60 61 62 63 64 65 66 67 68 69 70 71 72 73 74 75 76 77 78 79 80 81 82 83 84 85 86 87 88 89 90 91 92 93 94 95 96 97 98 99 100 101 102 output 1 2 3 4 5 3 7 6 9 10
3 4 5 6 7 12 9 5 10 15 -1 8 11 13 14 16 17 18 19 20 21 22 23 24 25 26 27 28 29 30 31 32 33 34 35 36 37 38 39 40 41 42 43 44 45 46 47 48 49 50 51 52 53 54 55 56 57 58 59 60 61 62 63 64 65 66 67 68 69 70 71 72 73 74 75 76 77 78 79 80 81 82 83 84 85 86 87 88 89 90 91 92 93 94 95 96 97 98 99 100 101 102 output 1 2 3 4 5 3 7 6 9 10
3 4 5 6 7 5 8 9 10 5 11 12 10 5 13 26 10 15 -1 14 16 17 18 19 20 21 22 23 24 25 27 28 29 30 31 32 33 34 35 36 37 38 39 40 41 42 43 44 45 46 47 48 49 50 51 52 53 54 55 56 57 58 59 60 61 62 63 64 65 66 67 68 69 70 71 72 73 74 75 76 77 78 79 80 81 82 83 84 85 86 87 88 89 90 91 92 93 94 95 96 97 98 99 100 101 102 output 1 2 3 4 5 3 7 8 9 5 3 11 20 9 18 31 5 3 15 20 9 18 12 38 20 9 18
3 4 5 6 7 12 9 5 10 15 -1 8 11 13 14 16 17 18 19 20 21 22 23 24 25 26 27 28 29 30 31 32 33 34 35 36 37 38 39 40 41 42 43 44 45 46 47 48 49 50 51 52 53 54 55 56 57 58 59 60 61 62 63 64 65 66 67 68 69 70 71 72 73 74 75 76 77 78 79 80 81 82 83 84 85 86 87 88 89 90 91 92 93 94 95 96 97 98 99 100 101 102 output 31 4 5 35 5 6 7 3 9 10 36 19 37 19 3 20 20 10
3 4 5 6 7 5 8 9 10 7 5 11 12 10 15 27 7 5 13 14 10 14 34 12 10 15 27 7 5 38 12 10 15 15 -1 16 17 18 19 20 21 22 23 24 25 26 28 29 30 31 32 33 35 36 37 39 40 41 42 43 44 45 46 47 48 49 50 51 52 53 54 55 56 57 58 59 60 61 62 63 64 65 66 67 68 69 70 71 72 73 74 75 76 77 78 79 80 81 82 83 84 85 86 87 88 89 90 91 92 93 94 95 96 97 98 99 100 101 102 output 1 2 3 4 5 3 7 8 9 5 3 12 13 9 15 16 5 3 19 13 9 15 16 5 3 19 20 9 20 30 13 9 15 16 5 3 56 13 9 15 15
3 4 5 6 7 5 8 9 10 5 11 12 10 5 13 26 10 15 -1 14 16 17 18 19 20 21 22 23 24 25 27 28 29 30 31 32 33 34 35 36 37 38 39 40 41 42 43 44 45 46 47 48 49 50 51 52 53 54 55 56 57 58 59 60 61 62 63 64 65 66 67 68 69 70 71 72 73 74 75 76 77 78 79 80 81 82 83 84 85 86 87 88 89 90 91 92 93 94 95 96 97 98 99 100 101 102 output 1 2 3 4 5 20 7 8 9 20 11 12 9 20 15 44 9 20 38 3 9 18 21 22 45 24 44 25 26 27 28 29
3 4 5 6 7 14 9 5 10 14 42 28 43 44 28 30 10 15 -1 8 11 12 13 16 17 18 19 20 21 22 23 24 25 26 27 29 31 32 33 34 35 36 37 38 39 40 41 45 46 47 48 49 50 51 52 53 54 55 56 57 58 59 60 61 62 63 64 65 66 67 68 69 70 71 72 73 74 75 76 77 78 79 80 81 82 83 84 85 86 87 88 89 90 91 92 93 94 95 96 97 98 99 100 101 102 output 1 2 3 4 5 48 27 14 28 49 7 3 9 18
3 4 5 6 7 5 8 9 10 5 11 12 10 5 13 26 10 15 -1 14 16 17 18 19 20 21 22 23 24 25 27 28 29 30 31 32 33 34 35 36 37 38 39 40 41 42 43 44 45 46 47 48 49 50 51 52 53 54 55 56 57 58 59 60 61 62 63 64 65 66 67 68 69 70 71 72 73 74 75 76 77 78 79 80 81 82 83 84 85 86 87 88 89 90 91 92 93 94 95 96 97 98 99 100 101 102 output 1 2 3 4 5 3 7 8 9 5 3 11 12 9 18 31 5 3 11 20 9 20 38 12 9 18 18
3 4 5 6 7 5 8 9 10 5 11 12 10 15 -1 13 14 16 17 18 19 20 21 22 23 24 25 26 27 28 29 30 31 32 33 34 35 36 37 38 39 40 41 42 43 44 45 46 47 48 49 50 51 52 53 54 55 56 57 58 59 60 61 62 63 64 65 66 67 68 69 70 71 72 73 74 75 76 77 78 79 80 81 82 83 84 85 86 87 88 89 90 91 92 93 94 95 96 97 98 99 100 101 102 output 1 2 3 4 5 3 7 8 9 3 11 12 9 3 16 17 9 38 21 17 48 49 22 9 14
3 4 5 6 7 5 8 9 10 5 11 14 10 15 16 17 18 19 25 25 14 20 20 21 22 23 24 -1 12 13 26 27 28 29 30 31 32 33 34 35 36 37 38 39 40 41 42 43 44 45 46 47 48 49 50 51 52 53 54 55 56 57 58 59 60 61 62 63 64 65 66 67 68 69 70 71 72 73 74 75 76 77 78 79 80 81 82 83 84 85 86 87 88 89 90 91 92 93 94 95 96 97 98 99 100 101 102 output 1 2 3 4 5 3 7 8 9 3 11 12 9 14 15 16 17 18 12 22 24 25 26 27
3 4 5 6 7 12 9 14 10 14 11 5 10 15 -1 8 13 16 17 18 19 20 21 22 23 24 25 26 27 28 29 30 31 32 33 34 35 36 37 38 39 40 41 42 43 44 45 46 47 48 49 50 51 52 53 54 55 56 57 58 59 60 61 62 63 64 65 66 67 68 69 70 71 72 73 74 75 76 77 78 79 80 81 82 83 84 85 86 87 88 89 90 91 92 93 94 95 96 97 98 99 100 101 102 output 33 4 5 6 7 3 9 3 11 8 9 14
3 4 5 6 7 12 9 14 10 14 11 5 10 15 -1 8 13 16 17 18 19 20 21 22 23 24 25 26 27 28 29 30 31 32 33 34 35 36 37 38 39 40 41 42 43 44 45 46 47 48 49 50 51 52 53 54 55 56 57 58 59 60 61 62 63 64 65 66 67 68 69 70 71 72 73 74 75 76 77 78 79 80 81 82 83 84 85 86 87 88 89 90 91 92 93 94 95 96 97 98 99 100 101 102 output 1 2 27 21 3 22 4 5 6 7 8 9 3 7 8 9 14
3 4 5 6 7 14 9 5 10 15 -1 8 11 12 13 16 17 18 19 20 21 22 23 24 25 26 27 28 29 30 31 32 33 34 35 36 37 38 39 40 41 42 43 44 45 46 47 48 49 50 51 52 53 54 55 56 57 58 59 60 61 62 63 64 65 66 67 68 69 70 71 72 73 74 75 76 77 78 79 80 81 82 83 84 85 86 87 88 89 90 91 92 93 94 95 96 97 98 99 100 101 102 output 1 3 4 5 48 7 3 9 10
3 4 5 6 7 5 8 9 10 5 11 12 10 15 -1 13 14 16 17 18 19 20 21 22 23 24 25 26 27 28 29 30 31 32 33 34 35 36 37 38 39 40 41 42 43 44 45 46 47 48 49 50 51 52 53 54 55 56 57 58 59 60 61 62 63 64 65 66 67 68 69 70 71 72 73 74 75 76 77 78 79 80 81 82 83 84 85 86 87 88 89 90 91 92 93 94 95 96 97 98 99 100 101 102 output 1 3 4 5 3 7 8 9 12 11 3 9 14
3 4 5 6 7 12 9 5 10 15 -1 8 11 13 14 16 17 18 19 20 21 22 23 24 25 26 27 28 29 30 31 32 33 34 35 36 37 38 39 40 41 42 43 44 45 46 47 48 49 50 51 52 53 54 55 56 57 58 59 60 61 62 63 64 65 66 67 68 69 70 71 72 73 74 75 76 77 78 79 80 81 82 83 84 85 86 87 88 89 90 91 92 93 94 95 96 97 98 99 100 101 102 output 1 2 3 4 5 3 7 6 9 10
3 4 5 6 7 5 8 9 10 5 11 12 10 5 13 14 10 15 16 17 18 19 19 19 14 20 20 21 22 23 24 -1 25 26 27 28 29 30 31 32 33 34 35 36 37 38 39 40 41 42 43 44 45 46 47 48 49 50 51 52 53 54 55 56 57 58 59 60 61 62 63 64 65 66 67 68 69 70 71 72 73 74 75 76 77 78 79 80 81 82 83 84 85 86 87 88 89 90 91 92 93 94 95 96 97 98 99 100 101 102 output 1 33 22 2 3 26 4 5 3 7 8 9 5 3 11 12 18 35 5 3 11 16 9 44 57 22 58 36 59 36 60 36 61 36 26 9 18 18
3 4 5 6 7 12 9 5 10 15 -1 8 11 13 14 16 17 18 19 20 21 22 23 24 25 26 27 28 29 30 31 32 33 34 35 36 37 38 39 40 41 42 43 44 45 46 47 48 49 50 51 52 53 54 55 56 57 58 59 60 61 62 63 64 65 66 67 68 69 70 71 72 73 74 75 76 77 78 79 80 81 82 83 84 85 86 87 88 89 90 91 92 93 94 95 96 97 98 99 100 101 102 output 1 2 3 4 5 6 7 3 9 3 12 26 9 10
3 4 5 6 7 12 9 14 10 14 11 5 10 15 -1 8 13 16 17 18 19 20 21 22 23 24 25 26 27 28 29 30 31 32 33 34 35 36 37 38 39 40 41 42 43 44 45 46 47 48 49 50 51 52 53 54 55 56 57 58 59 60 61 62 63 64 65 66 67 68 69 70 71 72 73 74 75 76 77 78 79 80 81 82 83 84 85 86 87 88 89 90 91 92 93 94 95 96 97 98 99 100 101 102 output 1 2 3 4 5 6 11 8 9 8 7 3 9 14
3 4 5 6 7 5 8 9 10 7 5 11 12 10 15 27 7 5 13 12 10 14 34 12 10 15 27 7 5 38 12 10 15 15 -1 16 17 18 19 20 21 22 23 24 25 26 28 29 30 31 32 33 35 36 37 39 40 41 42 43 44 45 46 47 48 49 50 51 52 53 54 55 56 57 58 59 60 61 62 63 64 65 66 67 68 69 70 71 72 73 74 75 76 77 78 79 80 81 82 83 84 85 86 87 88 89 90 91 92 93 94 95 96 97 98 99 100 101 102 output 1 2 3 4 5 3 7 8 9 5 3 12 13 9 15 16 5 3 56 13 9 15 16 5 5 3 19 22 9 15 16 5 3 71 22 9 15 5 22 23 13 9 15 16 5 22 30 13 9 15 15 15
3 4 5 6 7 5 8 9 10 5 11 12 10 5 13 14 10 15 16 17 18 19 19 14 20 21 22 23 24 -1 25 26 27 28 29 30 31 32 33 34 35 36 37 38 39 40 41 42 43 44 45 46 47 48 49 50 51 52 53 54 55 56 57 58 59 60 61 62 63 64 65 66 67 68 69 70 71 72 73 74 75 76 77 78 79 80 81 82 83 84 85 86 87 88 89 90 91 92 93 94 95 96 97 98 99 100 101 102 output 1 2 3 4 5 3 7 8 9 5 3 11 12 9 18 33 5 3 15 16 9 42 22 55 22 56 34 61 34 25 25 18 18
3 4 5 6 7 12 9 5 10 15 -1 8 11 13 14 16 17 18 19 20 21 22 23 24 25 26 27 28 29 30 31 32 33 34 35 36 37 38 39 40 41 42 43 44 45 46 47 48 49 50 51 52 53 54 55 56 57 58 59 60 61 62 63 64 65 66 67 68 69 70 71 72 73 74 75 76 77 78 79 80 81 82 83 84 85 86 87 88 89 90 91 92 93 94 95 96 97 98 99 100 101 102 output 31 4 5 6 7 3 9 10
3 4 5 6 7 5 8 9 10 5 11 12 10 5 13 14 10 15 -1 16 17 18 19 20 21 22 23 24 25 26 27 28 29 30 31 32 33 34 35 36 37 38 39 40 41 42 43 44 45 46 47 48 49 50 51 52 53 54 55 56 57 58 59 60 61 62 63 64 65 66 67 68 69 70 71 72 73 74 75 76 77 78 79 80 81 82 83 84 85 86 87 88 89 90 91 92 93 94 95 96 97 98 99 100 101 102 output 1 2 3 4 5 5 3 7 8 9 18 31 5 3 7 11 9 18 3 15 12 9 3 38 16 9 40 23 16 50 60 24 18
3 4 5 6 7 5 8 9 10 5 11 12 10 5 13 26 10 15 -1 14 16 17 18 19 20 21 22 23 24 25 27 28 29 30 31 32 33 34 35 36 37 38 39 40 41 42 43 44 45 46 47 48 49 50 51 52 53 54 55 56 57 58 59 60 61 62 63 64 65 66 67 68 69 70 71 72 73 74 75 76 77 78 79 80 81 82 83 84 85 86 87 88 89 90 91 92 93 94 95 96 97 98 99 100 101 102 output 1 2 3 4 5 3 7 8 9 5 3 11 12 9 18 31 5 12 15 3 9 18 18
3 4 5 6 7 5 8 9 10 14 11 12 10 14 13 5 10 14 34 5 10 15 -1 16 17 18 19 20 21 22 23 24 25 26 27 28 29 30 31 32 33 35 36 37 38 39 40 41 42 43 44 45 46 47 48 49 50 51 52 53 54 55 56 57 58 59 60 61 62 63 64 65 66 67 68 69 70 71 72 73 74 75 76 77 78 79 80 81 82 83 84 85 86 87 88 89 90 91 92 93 94 95 96 97 98 99 100 101 102 output 1 2 3 4 5 3 7 8 9 10 11 3 9 10 7 15 9 10 19 12 9 22
3 4 5 6 7 5 8 9 10 5 11 12 10 15 -1 13 14 16 17 18 19 20 21 22 23 24 25 26 27 28 29 30 31 32 33 34 35 36 37 38 39 40 41 42 43 44 45 46 47 48 49 50 51 52 53 54 55 56 57 58 59 60 61 62 63 64 65 66 67 68 69 70 71 72 73 74 75 76 77 78 79 80 81 82 83 84 85 86 87 88 89 90 91 92 93 94 95 96 97 98 99 100 101 102 output 1 27 21 2 3 22 4 5 3 7 8 9 12 11 3 9 14
3 4 5 6 7 5 8 9 10 5 11 12 10 5 13 26 10 15 -1 14 16 17 18 19 20 21 22 23 24 25 27 28 29 30 31 32 33 34 35 36 37 38 39 40 41 42 43 44 45 46 47 48 49 50 51 52 53 54 55 56 57 58 59 60 61 62 63 64 65 66 67 68 69 70 71 72 73 74 75 76 77 78 79 80 81 82 83 84 85 86 87 88 89 90 91 92 93 94 95 96 97 98 99 100 101 102 output 1 2 3 4 5 3 7 8 9 3 11 20 9 5 3 38 12 9 18 31 5 3 42 12 9 18 31 5 3 15 12 9 18 18 21 22 23 24 20 25 26 27 28 29
3 4 5 6 7 5 8 9 10 5 11 14 10 14 11 14 10 14 34 5 10 15 -1 12 13 16 17 18 19 20 21 22 23 24 25 26 27 28 29 30 31 32 33 35 36 37 38 39 40 41 42 43 44 45 46 47 48 49 50 51 52 53 54 55 56 57 58 59 60 61 62 63 64 65 66 67 68 69 70 71 72 73 74 75 76 77 78 79 80 81 82 83 84 85 86 87 88 89 90 91 92 93 94 95 96 97 98 99 100 101 102 output 1 2 3 4 5 12 7 8 9 5 12 11 49 9 22 37 5 12 25 49 9 22 45 29 66 29 49 30 55 67 30 9 12 19 3 9 22
3 4 5 6 7 12 9 5 10 15 -1 8 11 13 14 16 17 18 19 20 21 22 23 24 25 26 27 28 29 30 31 32 33 34 35 36 37 38 39 40 41 42 43 44 45 46 47 48 49 50 51 52 53 54 55 56 57 58 59 60 61 62 63 64 65 66 67 68 69 70 71 72 73 74 75 76 77 78 79 80 81 82 83 84 85 86 87 88 89 90 91 92 93 94 95 96 97 98 99 100 101 102 output 31 4 5 6 7 26 9 10
3 4 5 6 7 12 9 5 10 5 11 26 10 15 -1 8 13 14 16 17 18 19 20 21 22 23 24 25 27 28 29 30 31 32 33 34 35 36 37 38 39 40 41 42 43 44 45 46 47 48 49 50 51 52 53 54 55 56 57 58 59 60 61 62 63 64 65 66 67 68 69 70 71 72 73 74 75 76 77 78 79 80 81 82 83 84 85 86 87 88 89 90 91 92 93 94 95 96 97 98 99 100 101 102 output 1 2 3 4 5 6 11 3 9 3 7 12 9 14
3 4 5 6 7 5 8 9 10 5 11 12 10 5 13 26 10 15 -1 14 16 17 18 19 20 21 22 23 24 25 27 28 29 30 31 32 33 34 35 36 37 38 39 40 41 42 43 44 45 46 47 48 49 50 51 52 53 54 55 56 57 58 59 60 61 62 63 64 65 66 67 68 69 70 71 72 73 74 75 76 77 78 79 80 81 82 83 84 85 86 87 88 89 90 91 92 93 94 95 96 97 98 99 100 101 102 output 1 2 3 4 5 3 7 8 9 3 11 20 9 12 11 20 9 40 24 3 63 12 25 18
3 4 5 6 7 5 8 9 10 5 11 12 10 5 13 26 10 15 -1 14 16 17 18 19 20 21 22 23 24 25 27 28 29 30 31 32 33 34 35 36 37 38 39 40 41 42 43 44 45 46 47 48 49 50 51 52 53 54 55 56 57 58 59 60 61 62 63 64 65 66 67 68 69 70 71 72 73 74 75 76 77 78 79 80 81 82 83 84 85 86 87 88 89 90 91 92 93 94 95 96 97 98 99 100 101 102 output 1 2 3 4 5 3 7 8 9 5 3 11 12 9 18 31 5 3 11 16 9 18 18
3 4 5 6 7 12 9 12 10 14 11 5 10 15 -1 8 13 16 17 18 19 20 21 22 23 24 25 26 27 28 29 30 31 32 33 34 35 36 37 38 39 40 41 42 43 44 45 46 47 48 49 50 51 52 53 54 55 56 57 58 59 60 61 62 63 64 65 66 67 68 69 70 71 72 73 74 75 76 77 78 79 80 81 82 83 84 85 86 87 88 89 90 91 92 93 94 95 96 97 98 99 100 101 102 output 1 2 21 3 22 4 5 6 7 10 9 28 7 42 9 14
3 4 5 6 7 12 9 5 10 15 -1 8 11 13 14 16 17 18 19 20 21 22 23 24 25 26 27 28 29 30 31 32 33 34 35 36 37 38 39 40 41 42 43 44 45 46 47 48 49 50 51 52 53 54 55 56 57 58 59 60 61 62 63 64 65 66 67 68 69 70 71 72 73 74 75 76 77 78 79 80 81 82 83 84 85 86 87 88 89 90 91 92 93 94 95 96 97 98 99 100 101 102 output 1 2 3 4 5 3 7 6 9 10
3 4 5 6 7 5 8 9 10 5 11 14 10 15 16 17 18 19 19 25 14 20 20 21 22 23 24 -1 12 13 26 27 28 29 30 31 32 33 34 35 36 37 38 39 40 41 42 43 44 45 46 47 48 49 50 51 52 53 54 55 56 57 58 59 60 61 62 63 64 65 66 67 68 69 70 71 72 73 74 75 76 77 78 79 80 81 82 83 84 85 86 87 88 89 90 91 92 93 94 95 96 97 98 99 100 101 102 output 1 2 3 4 5 3 7 8 9 3 11 12 9 14 15 16 17 18 12 22 24 25 26 27
3 4 5 6 7 5 8 9 10 5 11 14 10 15 16 17 18 19 19 20 20 21 22 23 24 -1 12 13 25 26 27 28 29 30 31 32 33 34 35 36 37 38 39 40 41 42 43 44 45 46 47 48 49 50 51 52 53 54 55 56 57 58 59 60 61 62 63 64 65 66 67 68 69 70 71 72 73 74 75 76 77 78 79 80 81 82 83 84 85 86 87 88 89 90 91 92 93 94 95 96 97 98 99 100 101 102 output 1 2 3 4 5 3 7 8 9 3 11 12 9 40 53 18 54 32 64 32 20 9 14
3 4 5 6 7 5 8 9 10 5 11 14 10 15 16 17 18 19 19 25 14 20 20 21 22 23 24 -1 12 13 26 27 28 29 30 31 32 33 34 35 36 37 38 39 40 41 42 43 44 45 46 47 48 49 50 51 52 53 54 55 56 57 58 59 60 61 62 63 64 65 66 67 68 69 70 71 72 73 74 75 76 77 78 79 80 81 82 83 84 85 86 87 88 89 90 91 92 93 94 95 96 97 98 99 100 101 102 output 1 2 3 4 5 3 7 8 9 3 11 12 9 14 15 16 17 18 12 22 24 25 26 27
3 4 5 6 7 5 8 9 10 5 11 12 10 15 -1 13 14 16 17 18 19 20 21 22 23 24 25 26 27 28 29 30 31 32 33 34 35 36 37 38 39 40 41 42 43 44 45 46 47 48 49 50 51 52 53 54 55 56 57 58 59 60 61 62 63 64 65 66 67 68 69 70 71 72 73 74 75 76 77 78 79 80 81 82 83 84 85 86 87 88 89 90 91 92 93 94 95 96 97 98 99 100 101 102 output 1 27 21 2 3 22 4 5 3 7 8 9 3 11 12 9 14
3 4 5 6 7 5 9 12 10 5 11 61 62 61 30 10 15 -1 8 13 14 16 17 18 19 20 21 22 23 24 25 26 27 28 29 31 32 33 34 35 36 37 38 39 40 41 42 43 44 45 46 47 48 49 50 51 52 53 54 55 56 57 58 59 60 63 64 65 66 67 68 69 70 71 72 73 74 75 76 77 78 79 80 81 82 83 84 85 86 87 88 89 90 91 92 93 94 95 96 97 98 99 100 101 102 output 1 2 3 4 5 21 11 8 9 21 7 3 9 17 22 23 46 25 3 26 27 28 29 30
3 4 5 6 7 5 8 9 10 5 11 12 10 5 13 14 10 15 16 17 18 19 19 14 20 21 22 23 24 -1 25 26 27 28 29 30 31 32 33 34 35 36 37 38 39 40 41 42 43 44 45 46 47 48 49 50 51 52 53 54 55 56 57 58 59 60 61 62 63 64 65 66 67 68 69 70 71 72 73 74 75 76 77 78 79 80 81 82 83 84 85 86 87 88 89 90 91 92 93 94 95 96 97 98 99 100 101 102 output 1 2 3 4 5 3 7 8 9 3 11 12 9 3 15 16 9 18 19 20 21 22 16 25 26 27 28 29
3 4 5 6 7 5 8 9 10 5 11 14 10 14 13 40 10 15 16 17 18 19 19 19 19 14 20 20 21 22 23 24 -1 12 25 26 27 28 29 30 31 32 33 34 35 36 37 38 39 41 42 43 44 45 46 47 48 49 50 51 52 53 54 55 56 57 58 59 60 61 62 63 64 65 66 67 68 69 70 71 72 73 74 75 76 77 78 79 80 81 82 83 84 85 86 87 88 89 90 91 92 93 94 95 96 97 98 99 100 101 102 output 1 2 3 4 5 3 7 8 9 3 11 12 9 3 15 16 9 46 22 12 72 16 27 9 18
3 25 19 4 5 20 6 7 5 8 9 10 15 -1 11 12 13 14 16 17 18 21 22 23 24 26 27 28 29 30 31 32 33 34 35 36 37 38 39 40 41 42 43 44 45 46 47 48 49 50 51 52 53 54 55 56 57 58 59 60 61 62 63 64 65 66 67 68 69 70 71 72 73 74 75 76 77 78 79 80 81 82 83 84 85 86 87 88 89 90 91 92 93 94 95 96 97 98 99 100 101 102 output 1 4 5 7 8 5 11 28 64 28 12 13
3 4 5 6 7 12 9 5 10 15 -1 8 11 13 14 16 17 18 19 20 21 22 23 24 25 26 27 28 29 30 31 32 33 34 35 36 37 38 39 40 41 42 43 44 45 46 47 48 49 50 51 52 53 54 55 56 57 58 59 60 61 62 63 64 65 66 67 68 69 70 71 72 73 74 75 76 77 78 79 80 81 82 83 84 85 86 87 88 89 90 91 92 93 94 95 96 97 98 99 100 101 102 output 31 4 5 6 12 7 9 10
3 4 5 6 7 12 9 5 10 5 9 26 10 15 -1 8 11 13 14 16 17 18 19 20 21 22 23 24 25 27 28 29 30 31 32 33 34 35 36 37 38 39 40 41 42 43 44 45 46 47 48 49 50 51 52 53 54 55 56 57 58 59 60 61 62 63 64 65 66 67 68 69 70 71 72 73 74 75 76 77 78 79 80 81 82 83 84 85 86 87 88 89 90 91 92 93 94 95 96 97 98 99 100 101 102 output 1 2 3 4 5 3 7 6 9 3 17 12 9 14
3 4 5 6 7 5 9 12 10 7 5 11 26 10 15 27 7 5 13 14 10 14 34 26 10 15 15 -1 8 16 17 18 19 20 21 22 23 24 25 28 29 30 31 32 33 35 36 37 38 39 40 41 42 43 44 45 46 47 48 49 50 51 52 53 54 55 56 57 58 59 60 61 62 63 64 65 66 67 68 69 70 71 72 73 74 75 76 77 78 79 80 81 82 83 84 85 86 87 88 89 90 91 92 93 94 95 96 97 98 99 100 101 102 output 1 2 3 4 5 3 29 7 9 3 12 8 9 5 3 19 13 9 15 16 5 3 19 20 9 20 49 13 9 15 15
3 4 5 6 7 5 8 9 10 5 11 14 10 14 13 5 10 15 16 17 18 19 19 19 14 20 20 21 22 23 24 -1 12 25 26 27 28 29 30 31 32 33 34 35 36 37 38 39 40 41 42 43 44 45 46 47 48 49 50 51 52 53 54 55 56 57 58 59 60 61 62 63 64 65 66 67 68 69 70 71 72 73 74 75 76 77 78 79 80 81 82 83 84 85 86 87 88 89 90 91 92 93 94 95 96 97 98 99 100 101 102 output 1 2 3 4 5 3 7 8 9 5 3 11 12 9 18 36 5 3 15 12 9 18 45 22 12 55 74 26 18
3 4 5 6 7 12 9 5 10 15 -1 8 11 13 14 16 17 18 19 20 21 22 23 24 25 26 27 28 29 30 31 32 33 34 35 36 37 38 39 40 41 42 43 44 45 46 47 48 49 50 51 52 53 54 55 56 57 58 59 60 61 62 63 64 65 66 67 68 69 70 71 72 73 74 75 76 77 78 79 80 81 82 83 84 85 86 87 88 89 90 91 92 93 94 95 96 97 98 99 100 101 102 output 1 2 3 4 5 3 12 26 9 3 7 6 9 10
3 4 5 6 7 12 9 5 10 15 -1 8 11 13 14 16 17 18 19 20 21 22 23 24 25 26 27 28 29 30 31 32 33 34 35 36 37 38 39 40 41 42 43 44 45 46 47 48 49 50 51 52 53 54 55 56 57 58 59 60 61 62 63 64 65 66 67 68 69 70 71 72 73 74 75 76 77 78 79 80 81 82 83 84 85 86 87 88 89 90 91 92 93 94 95 96 97 98 99 100 101 102 output 31 4 5 6 12 26 9 10
3 4 5 6 7 12 9 5 10 15 -1 8 11 13 14 16 17 18 19 20 21 22 23 24 25 26 27 28 29 30 31 32 33 34 35 36 37 38 39 40 41 42 43 44 45 46 47 48 49 50 51 52 53 54 55 56 57 58 59 60 61 62 63 64 65 66 67 68 69 70 71 72 73 74 75 76 77 78 79 80 81 82 83 84 85 86 87 88 89 90 91 92 93 94 95 96 97 98 99 100 101 102 output 31 4 5 6 7 3 9 10
3 4 5 6 7 5 8 9 10 5 11 12 10 15 -1 13 14 16 17 18 19 20 21 22 23 24 25 26 27 28 29 30 31 32 33 34 35 36 37 38 39 40 41 42 43 44 45 46 47 48 49 50 51 52 53 54 55 56 57 58 59 60 61 62 63 64 65 66 67 68 69 70 71 72 73 74 75 76 77 78 79 80 81 82 83 84 85 86 87 88 89 90 91 92 93 94 95 96 97 98 99 100 101 102 output 1 2 3 4 5 3 7 8 9 3 11 12 9 3 16 17 9 38 21 68 21 17 22 69 70 22 14
3 4 5 6 7 12 9 14 10 14 11 5 10 15 -1 8 13 16 17 18 19 20 21 22 23 24 25 26 27 28 29 30 31 32 33 34 35 36 37 38 39 40 41 42 43 44 45 46 47 48 49 50 51 52 53 54 55 56 57 58 59 60 61 62 63 64 65 66 67 68 69 70 71 72 73 74 75 76 77 78 79 80 81 82 83 84 85 86 87 88 89 90 91 92 93 94 95 96 97 98 99 100 101 102 output 1 2 3 4 5 8 7 6 9 8 11 3 9 14
3 4 5 6 7 5 8 9 10 5 11 14 10 15 16 17 18 19 19 19 19 14 20 20 21 22 23 24 -1 12 13 25 26 27 28 29 30 31 32 33 34 35 36 37 38 39 40 41 42 43 44 45 46 47 48 49 50 51 52 53 54 55 56 57 58 59 60 61 62 63 64 65 66 67 68 69 70 71 72 73 74 75 76 77 78 79 80 81 82 83 84 85 86 87 88 89 90 91 92 93 94 95 96 97 98 99 100 101 102 output 1 2 3 4 5 3 7 8 9 3 11 12 9 14 15 16 17 18 12 23 25 28 27 28
3 4 5 6 7 12 9 5 10 15 -1 8 11 13 14 16 17 18 19 20 21 22 23 24 25 26 27 28 29 30 31 32 33 34 35 36 37 38 39 40 41 42 43 44 45 46 47 48 49 50 51 52 53 54 55 56 57 58 59 60 61 62 63 64 65 66 67 68 69 70 71 72 73 74 75 76 77 78 79 80 81 82 83 84 85 86 87 88 89 90 91 92 93 94 95 96 97 98 99 100 101 102 output 1 2 3 4 5 3 7 61 69 61 30 9 10
3 4 5 6 7 12 9 5 10 5 11 26 10 5 11 70 10 15 -1 8 13 14 16 17 18 19 20 21 22 23 24 25 27 28 29 30 31 32 33 34 35 36 37 38 39 40 41 42 43 44 45 46 47 48 49 50 51 52 53 54 55 56 57 58 59 60 61 62 63 64 65 66 67 68 69 71 72 73 74 75 76 77 78 79 80 81 82 83 84 85 86 87 88 89 90 91 92 93 94 95 96 97 98 99 100 101 102 output 37 4 5 5 6 7 12 9 18 33 5 6 7 3 9 3 21 12 9 18 18
3 4 5 6 7 5 8 9 10 14 11 12 10 14 13 26 10 14 34 5 10 5 34 12 10 -1 15 16 17 18 19 20 21 22 23 24 25 27 28 29 30 31 32 33 35 36 37 38 39 40 41 42 43 44 45 46 47 48 49 50 51 52 53 54 55 56 57 58 59 60 61 62 63 64 65 66 67 68 69 70 71 72 73 74 75 76 77 78 79 80 81 82 83 84 85 86 87 88 89 90 91 92 93 94 95 96 97 98 99 100 101 102 output 1 2 3 4 5 3 7 8 9 3 11 10 9 5 10 15 12 27 38 5 10 15 50 9 50 48 12 27 27
3 25 19 4 5 20 6 7 5 8 9 10 15 -1 11 12 13 14 16 17 18 21 22 23 24 26 27 28 29 30 31 32 33 34 35 36 37 38 39 40 41 42 43 44 45 46 47 48 49 50 51 52 53 54 55 56 57 58 59 60 61 62 63 64 65 66 67 68 69 70 71 72 73 74 75 76 77 78 79 80 81 82 83 84 85 86 87 88 89 90 91 92 93 94 95 96 97 98 99 100 101 102 output 1 4 5 7 8 5 11 28 71 72 73 28 30 12 13
3 4 5 6 7 5 8 9 10 5 11 12 10 5 13 14 10 15 16 17 18 19 19 19 14 20 20 21 22 23 24 -1 25 26 27 28 29 30 31 32 33 34 35 36 37 38 39 40 41 42 43 44 45 46 47 48 49 50 51 52 53 54 55 56 57 58 59 60 61 62 63 64 65 66 67 68 69 70 71 72 73 74 75 76 77 78 79 80 81 82 83 84 85 86 87 88 89 90 91 92 93 94 95 96 97 98 99 100 101 102 output 1 2 3 4 5 3 7 8 9 3 11 12 9 3 15 16 9 44 22 16 75 82 22 36 83 36 26 26 18
3 4 5 6 7 5 8 9 10 5 11 14 10 14 11 40 10 15 16 17 18 19 19 19 19 14 20 20 21 22 23 24 -1 12 13 25 26 27 28 29 30 31 32 33 34 35 36 37 38 39 41 42 43 44 45 46 47 48 49 50 51 52 53 54 55 56 57 58 59 60 61 62 63 64 65 66 67 68 69 70 71 72 73 74 75 76 77 78 79 80 81 82 83 84 85 86 87 88 89 90 91 92 93 94 95 96 97 98 99 100 101 102 output 1 2 3 4 5 3 7 8 9 5 3 11 39 86 39 87 9 18 38 5 3 11 39 88 39 87 9 18 18
3 4 5 6 7 5 8 9 10 5 11 14 10 15 16 17 18 19 25 25 14 20 20 21 22 23 24 -1 12 13 26 27 28 29 30 31 32 33 34 35 36 37 38 39 40 41 42 43 44 45 46 47 48 49 50 51 52 53 54 55 56 57 58 59 60 61 62 63 64 65 66 67 68 69 70 71 72 73 74 75 76 77 78 79 80 81 82 83 84 85 86 87 88 89 90 91 92 93 94 95 96 97 98 99 100 101 102 output 1 2 3 4 5 3 7 8 9 3 11 33 84 33 9 14
3 4 5 6 7 5 8 9 10 5 11 12 10 5 13 14 10 15 16 17 18 19 14 20 21 22 23 24 -1 25 26 27 28 29 30 31 32 33 34 35 36 37 38 39 40 41 42 43 44 45 46 47 48 49 50 51 52 53 54 55 56 57 58 59 60 61 62 63 64 65 66 67 68 69 70 71 72 73 74 75 76 77 78 79 80 81 82 83 84 85 86 87 88 89 90 91 92 93 94 95 96 97 98 99 100 101 102 output 1 2 3 4 5 12 8 16 9 3 7 11 9 3 8 45 9 41 22 45 85 16 24 9 18 19 20 21 22 45 24 25 26 27 28
3 4 5 6 7 12 9 5 10 5 9 26 10 15 -1 8 11 13 14 16 17 18 19 20 21 22 23 24 25 27 28 29 30 31 32 33 34 35 36 37 38 39 40 41 42 43 44 45 46 47 48 49 50 51 52 53 54 55 56 57 58 59 60 61 62 63 64 65 66 67 68 69 70 71 72 73 74 75 76 77 78 79 80 81 82 83 84 85 86 87 88 89 90 91 92 93 94 95 96 97 98 99 100 101 102 output 34 4 5 6 7 3 9 12 7 19 9 39 23 3 49 19 24 14
3 4 5 6 7 12 9 5 10 5 11 26 10 15 -1 8 13 14 16 17 18 19 20 21 22 23 24 25 27 28 29 30 31 32 33 34 35 36 37 38 39 40 41 42 43 44 45 46 47 48 49 50 51 52 53 54 55 56 57 58 59 60 61 62 63 64 65 66 67 68 69 70 71 72 73 74 75 76 77 78 79 80 81 82 83 84 85 86 87 88 89 90 91 92 93 94 95 96 97 98 99 100 101 102 output 33 4 5 6 7 3 9 6 11 18 9 38 22 3 65 18 23 14
3 4 5 6 7 12 9 14 10 14 11 5 10 15 -1 8 13 16 17 18 19 20 21 22 23 24 25 26 27 28 29 30 31 32 33 34 35 36 37 38 39 40 41 42 43 44 45 46 47 48 49 50 51 52 53 54 55 56 57 58 59 60 61 62 63 64 65 66 67 68 69 70 71 72 73 74 75 76 77 78 79 80 81 82 83 84 85 86 87 88 89 90 91 92 93 94 95 96 97 98 99 100 101 102 output 1 2 3 4 5 3 7 6 9 3 11 8 9 14 18 19 8 23 24 25 26
3 4 5 6 7 5 8 9 10 5 11 14 10 15 16 17 18 19 19 25 14 20 20 21 22 23 24 -1 12 13 26 27 28 29 30 31 32 33 34 35 36 37 38 39 40 41 42 43 44 45 46 47 48 49 50 51 52 53 54 55 56 57 58 59 60 61 62 63 64 65 66 67 68 69 70 71 72 73 74 75 76 77 78 79 80 81 82 83 84 85 86 87 88 89 90 91 92 93 94 95 96 97 98 99 100 101 102 output 1 2 3 4 5 3 7 8 9 3 11 12 9 14 15 16 46 18 12 22 24 25 26 27
3 4 5 6 7 5 8 9 10 5 11 12 10 15 -1 13 14 16 17 18 19 20 21 22 23 24 25 26 27 28 29 30 31 32 33 34 35 36 37 38 39 40 41 42 43 44 45 46 47 48 49 50 51 52 53 54 55 56 57 58 59 60 61 62 63 64 65 66 67 68 69 70 71 72 73 74 75 76 77 78 79 80 81 82 83 84 85 86 87 88 89 90 91 92 93 94 95 96 97 98 99 100 101 102 output 1 2 3 4 5 3 7 8 3 11 12 9 14
3 4 5 6 7 5 8 9 10 5 11 12 10 14 13 14 10 15 16 17 18 19 19 19 14 20 20 21 22 23 24 -1 25 26 27 28 29 30 31 32 33 34 35 36 37 38 39 40 41 42 43 44 45 46 47 48 49 50 51 52 53 54 55 56 57 58 59 60 61 62 63 64 65 66 67 68 69 70 71 72 73 74 75 76 77 78 79 80 81 82 83 84 85 86 87 88 89 90 91 92 93 94 95 96 97 98 99 100 101 102 output 1 2 3 4 5 3 7 8 9 5 3 11 14 9 18 35 5 3 15 14 9 18 44 57 22 58 36 89 36 26 9 18
3 4 5 6 7 5 8 9 10 5 11 14 10 14 13 5 10 15 16 17 18 19 19 19 19 14 20 20 20 21 22 23 24 -1 12 25 26 27 28 29 30 31 32 33 34 35 36 37 38 39 40 41 42 43 44 45 46 47 48 49 50 51 52 53 54 55 56 57 58 59 60 61 62 63 64 65 66 67 68 69 70 71 72 73 74 75 76 77 78 79 80 81 82 83 84 85 86 87 88 89 90 91 92 93 94 95 96 97 98 99 100 101 102 output 1 2 3 4 5 3 7 8 9 12 7 11 9 12 15 3 9 18 19 20 21 22 36 22 2 22 12 27 27 27 30 31 32 33
3 4 5 6 7 5 8 9 10 5 11 12 10 5 11 26 10 15 -1 13 14 16 17 18 19 20 21 22 23 24 25 27 28 29 30 31 32 33 34 35 36 37 38 39 40 41 42 43 44 45 46 47 48 49 50 51 52 53 54 55 56 57 58 59 60 61 62 63 64 65 66 67 68 69 70 71 72 73 74 75 76 77 78 79 80 81 82 83 84 85 86 87 88 89 90 91 92 93 94 95 96 97 98 99 100 101 102 output 1 2 3 4 5 3 7 8 9 3 11 21 9 12 11 45 9 41 25 21 68 45 87 3 64 12 26 9 18
3 4 5 6 7 5 8 9 10 5 11 14 10 15 16 17 18 19 19 19 19 14 20 20 21 22 23 24 -1 12 13 25 26 27 28 29 30 31 32 33 34 35 36 37 38 39 40 41 42 43 44 45 46 47 48 49 50 51 52 53 54 55 56 57 58 59 60 61 62 63 64 65 66 67 68 69 70 71 72 73 74 75 76 77 78 79 80 81 82 83 84 85 86 87 88 89 90 91 92 93 94 95 96 97 98 99 100 101 102 output 1 2 3 4 5 3 7 8 9 3 11 12 9 14 15 16 17 18 12 23 25 26 27 28
3 4 5 6 7 12 9 5 10 15 -1 8 11 13 14 16 17 18 19 20 21 22 23 24 25 26 27 28 29 30 31 32 33 34 35 36 37 38 39 40 41 42 43 44 45 46 47 48 49 50 51 52 53 54 55 56 57 58 59 60 61 62 63 64 65 66 67 68 69 70 71 72 73 74 75 76 77 78 79 80 81 82 83 84 85 86 87 88 89 90 91 92 93 94 95 96 97 98 99 100 101 102 output 31 4 5 6 12 7 9 10
3 4 5 6 7 12 9 14 10 14 11 5 10 15 -1 8 13 16 17 18 19 20 21 22 23 24 25 26 27 28 29 30 31 32 33 34 35 36 37 38 39 40 41 42 43 44 45 46 47 48 49 50 51 52 53 54 55 56 57 58 59 60 61 62 63 64 65 66 67 68 69 70 71 72 73 74 75 76 77 78 79 80 81 82 83 84 85 86 87 88 89 90 91 92 93 94 95 96 97 98 99 100 101 102 output 1 2 3 4 5 8 7 6 9 8 11 3 9 14
3 4 5 6 7 12 9 5 10 15 -1 8 11 13 14 16 17 18 19 20 21 22 23 24 25 26 27 28 29 30 31 32 33 34 35 36 37 38 39 40 41 42 43 44 45 46 47 48 49 50 51 52 53 54 55 56 57 58 59 60 61 62 63 64 65 66 67 68 69 70 71 72 73 74 75 76 77 78 79 80 81 82 83 84 85 86 87 88 89 90 91 92 93 94 95 96 97 98 99 100 101 102 output 1 2 3 4 5 3 7 6 9 10
3 4 5 6 7 5 8 9 10 5 11 12 10 5 13 26 10 15 -1 14 16 17 18 19 20 21 22 23 24 25 27 28 29 30 31 32 33 34 35 36 37 38 39 40 41 42 43 44 45 46 47 48 49 50 51 52 53 54 55 56 57 58 59 60 61 62 63 64 65 66 67 68 69 70 71 72 73 74 75 76 77 78 79 80 81 82 83 84 85 86 87 88 89 90 91 92 93 94 95 96 97 98 99 100 101 102 output 1 2 3 20 4 5 3 7 8 9 5 3 11 12 9 18 31 5 3 11 20 9 20 38 12 9 18 18
3 4 5 6 7 5 8 9 10 5 11 12 10 5 11 26 10 15 -1 13 14 16 17 18 19 20 21 22 23 24 25 27 28 29 30 31 32 33 34 35 36 37 38 39 40 41 42 43 44 45 46 47 48 49 50 51 52 53 54 55 56 57 58 59 60 61 62 63 64 65 66 67 68 69 70 71 72 73 74 75 76 77 78 79 80 81 82 83 84 85 86 87 88 89 90 91 92 93 94 95 96 97 98 99 100 101 102 output 1 2 3 4 5 3 7 8 9 3 11 12 9 3 20 16 9 18
3 4 5 6 7 5 8 9 10 5 11 12 10 5 13 14 10 15 16 17 18 19 19 19 14 20 20 21 22 23 24 -1 25 26 27 28 29 30 31 32 33 34 35 36 37 38 39 40 41 42 43 44 45 46 47 48 49 50 51 52 53 54 55 56 57 58 59 60 61 62 63 64 65 66 67 68 69 70 71 72 73 74 75 76 77 78 79 80 81 82 83 84 85 86 87 88 89 90 91 92 93 94 95 96 97 98 99 100 101 102 output 1 2 3 4 5 3 8 12 9 16 11 3 9 16 7 15 9 18 19 20 21 22 33 22 16 26 26 28 29 30 31
3 4 5 6 7 5 8 9 10 5 11 14 10 15 16 17 18 19 25 25 14 14 20 20 21 22 23 24 -1 12 13 26 27 28 29 30 31 32 33 34 35 36 37 38 39 40 41 42 43 44 45 46 47 48 49 50 51 52 53 54 55 56 57 58 59 60 61 62 63 64 65 66 67 68 69 70 71 72 73 74 75 76 77 78 79 80 81 82 83 84 85 86 87 88 89 90 91 92 93 94 95 96 97 98 99 100 101 102 output 1 2 3 4 5 3 7 8 9 3 11 34 89 34 9 14
3 4 5 6 7 12 9 14 10 14 11 5 10 15 -1 8 13 16 17 18 19 20 21 22 23 24 25 26 27 28 29 30 31 32 33 34 35 36 37 38 39 40 41 42 43 44 45 46 47 48 49 50 51 52 53 54 55 56 57 58 59 60 61 62 63 64 65 66 67 68 69 70 71 72 73 74 75 76 77 78 79 80 81 82 83 84 85 86 87 88 89 90 91 92 93 94 95 96 97 98 99 100 101 102 output 1 2 3 4 5 6 7 3 9 3 11 8 9 14 18 19 43 21 8 22 23 24 25 26
3 4 5 6 7 5 8 9 10 5 11 12 10 15 -1 13 14 16 17 18 19 20 21 22 23 24 25 26 27 28 29 30 31 32 33 34 35 36 37 38 39 40 41 42 43 44 45 46 47 48 49 50 51 52 53 54 55 56 57 58 59 60 61 62 63 64 65 66 67 68 69 70 71 72 73 74 75 76 77 78 79 80 81 82 83 84 85 86 87 88 89 90 91 92 93 94 95 96 97 98 99 100 101 102 output 1 2 3 4 5 12 11 17 9 3 7 8 9 3 44 17 9 14
3 4 5 6 7 5 8 9 10 5 11 12 10 5 13 14 10 15 16 17 18 19 19 14 20 21 22 23 24 -1 25 26 27 28 29 30 31 32 33 34 35 36 37 38 39 40 41 42 43 44 45 46 47 48 49 50 51 52 53 54 55 56 57 58 59 60 61 62 63 64 65 66 67 68 69 70 71 72 73 74 75 76 77 78 79 80 81 82 83 84 85 86 87 88 89 90 91 92 93 94 95 96 97 98 99 100 101 102 output 1 2 31 22 3 25 4 5 3 7 8 9 3 11 16 9 16 15 12 9 18
3 4 5 6 7 5 8 9 10 5 11 12 10 5 13 26 10 15 -1 14 16 17 18 19 20 21 22 23 24 25 27 28 29 30 31 32 33 34 35 36 37 38 39 40 41 42 43 44 45 46 47 48 49 50 51 52 53 54 55 56 57 58 59 60 61 62 63 64 65 66 67 68 69 70 71 72 73 74 75 76 77 78 79 80 81 82 83 84 85 86 87 88 89 90 91 92 93 94 95 96 97 98 99 100 101 102 output 1 2 3 4 5 3 7 8 9 5 3 11 12 9 18 31 5 3 15 12 9 18 31 5 3 88 12 9 18 18
3 4 5 6 7 5 8 12 10 5 9 14 10 15 16 17 18 19 19 20 20 21 22 23 24 -1 11 13 25 26 27 28 29 30 31 32 33 34 35 36 37 38 39 40 41 42 43 44 45 46 47 48 49 50 51 52 53 54 55 56 57 58 59 60 61 62 63 64 65 66 67 68 69 70 71 72 73 74 75 76 77 78 79 80 81 82 83 84 85 86 87 88 89 90 91 92 93 94 95 96 97 98 99 100 101 102 output 1 2 3 4 5 3 7 8 9 3 11 12 9 14 15 16 45 18 12 20 22 23 24 25
3 4 5 6 7 12 9 14 10 14 11 5 10 15 -1 8 13 16 17 18 19 20 21 22 23 24 25 26 27 28 29 30 31 32 33 34 35 36 37 38 39 40 41 42 43 44 45 46 47 48 49 50 51 52 53 54 55 56 57 58 59 60 61 62 63 64 65 66 67 68 69 70 71 72 73 74 75 76 77 78 79 80 81 82 83 84 85 86 87 88 89 90 91 92 93 94 95 96 97 98 99 100 101 102 output 1 2 3 4 5 3 7 6 9 3 11 87 9 14
3 4 5 6 7 5 8 9 10 5 11 12 10 5 13 26 10 15 -1 14 16 17 18 19 20 21 22 23 24 25 27 28 29 30 31 32 33 34 35 36 37 38 39 40 41 42 43 44 45 46 47 48 49 50 51 52 53 54 55 56 57 58 59 60 61 62 63 64 65 66 67 68 69 70 71 72 73 74 75 76 77 78 79 80 81 82 83 84 85 86 87 88 89 90 91 92 93 94 95 96 97 98 99 100 101 102 output 1 2 3 4 5 5 3 7 8 9 3 11 12 9 18 31 5 3 7 16 9 18 18
3 4 5 6 7 5 8 9 10 5 11 12 10 15 -1 13 14 16 17 18 19 20 21 22 23 24 25 26 27 28 29 30 31 32 33 34 35 36 37 38 39 40 41 42 43 44 45 46 47 48 49 50 51 52 53 54 55 56 57 58 59 60 61 62 63 64 65 66 67 68 69 70 71 72 73 74 75 76 77 78 79 80 81 82 83 84 85 86 87 88 89 90 91 92 93 94 95 96 97 98 99 100 101 102 output 1 27 21 2 3 22 4 5 3 7 8 9 3 11 12 9 14
3 4 5 6 7 5 8 9 10 5 11 12 10 14 13 12 10 15 -1 16 17 18 19 20 21 22 23 24 25 26 27 28 29 30 31 32 33 34 35 36 37 38 39 40 41 42 43 44 45 46 47 48 49 50 51 52 53 54 55 56 57 58 59 60 61 62 63 64 65 66 67 68 69 70 71 72 73 74 75 76 77 78 79 80 81 82 83 84 85 86 87 88 89 90 91 92 93 94 95 96 97 98 99 100 101 102 output 1 2 3 4 5 3 7 8 9 3 11 14 9 14 7 12 9 3 15 44 9 18 20 21 22 23 44 24 25 26 27 28
3 4 5 6 7 5 8 9 10 14 11 12 10 14 13 26 10 14 34 5 10 5 8 12 10 15 -1 16 17 18 19 20 21 22 23 24 25 27 28 29 30 31 32 33 35 36 37 38 39 40 41 42 43 44 45 46 47 48 49 50 51 52 53 54 55 56 57 58 59 60 61 62 63 64 65 66 67 68 69 70 71 72 73 74 75 76 77 78 79 80 81 82 83 84 85 86 87 88 89 90 91 92 93 94 95 96 97 98 99 100 101 102 output 1 37 31 2 3 32 4 5 3 7 8 9 5 3 11 12 9 26 38 5 3 19 10 9 46 31 59 31 60 39 96 39 32 32 9 26 5 3 15 16 26 38 5 3 48 39 97 39 41 9 26 26
3 25 19 4 5 20 6 7 5 8 9 10 15 -1 11 12 13 14 16 17 18 21 22 23 24 26 27 28 29 30 31 32 33 34 35 36 37 38 39 40 41 42 43 44 45 46 47 48 49 50 51 52 53 54 55 56 57 58 59 60 61 62 63 64 65 66 67 68 69 70 71 72 73 74 75 76 77 78 79 80 81 82 83 84 85 86 87 88 89 90 91 92 93 94 95 96 97 98 99 100 101 102 output 1 4 5 7 8 18 11 5 12 13 19 20 21 3 2 3 4 18 6 6 22 23 24 25
3 4 5 6 7 5 8 9 10 5 11 12 10 5 13 14 10 15 16 17 18 19 19 20 20 21 22 23 24 -1 25 26 27 28 29 30 31 32 33 34 35 36 37 38 39 40 41 42 43 44 45 46 47 48 49 50 51 52 53 54 55 56 57 58 59 60 61 62 63 64 65 66 67 68 69 70 71 72 73 74 75 76 77 78 79 80 81 82 83 84 85 86 87 88 89 90 91 92 93 94 95 96 97 98 99 100 101 102 output 1 2 3 4 5 3 7 8 9 5 3 11 12 9 18 33 5 3 15 34 94 34 36 9 18 18
3 4 5 6 7 5 8 9 10 5 11 12 10 15 -1 13 14 16 17 18 19 20 21 22 23 24 25 26 27 28 29 30 31 32 33 34 35 36 37 38 39 40 41 42 43 44 45 46 47 48 49 50 51 52 53 54 55 56 57 58 59 60 61 62 63 64 65 66 67 68 69 70 71 72 73 74 75 76 77 78 79 80 81 82 83 84 85 86 87 88 89 90 91 92 93 94 95 96 97 98 99 100 101 102 output 1 2 3 4 5 3 7 8 12 11 17 9 3 11 17 9 14
3 4 5 6 7 5 8 9 10 14 11 12 10 14 13 26 10 14 34 5 10 5 34 12 10 -1 15 16 17 18 19 20 21 22 23 24 25 27 28 29 30 31 32 33 35 36 37 38 39 40 41 42 43 44 45 46 47 48 49 50 51 52 53 54 55 56 57 58 59 60 61 62 63 64 65 66 67 68 69 70 71 72 73 74 75 76 77 78 79 80 81 82 83 84 85 86 87 88 89 90 91 92 93 94 95 96 97 98 99 100 101 102 output 1 2 3 4 5 10 7 8 9 10 11 12 9 10 15 16 9 10 19 3 9 3 7 48 9 27
3 4 5 6 7 5 8 9 10 5 11 12 10 5 13 26 15 15 -1 14 16 17 18 19 20 21 22 23 24 25 27 28 29 30 31 32 33 34 35 36 37 38 39 40 41 42 43 44 45 46 47 48 49 50 51 52 53 54 55 56 57 58 59 60 61 62 63 64 65 66 67 68 69 70 71 72 73 74 75 76 77 78 79 80 81 82 83 84 85 86 87 88 89 90 91 92 93 94 95 96 97 98 99 100 101 102 output 1 2 3 4 5 3 7 8 9 3 11 12 9 3 11 16 17
3 4 5 6 7 5 8 9 10 5 11 12 10 15 -1 13 14 16 17 18 19 20 21 22 23 24 25 26 27 28 29 30 31 32 33 34 35 36 37 38 39 40 41 42 43 44 45 46 47 48 49 50 51 52 53 54 55 56 57 58 59 60 61 62 63 64 65 66 67 68 69 70 71 72 73 74 75 76 77 78 79 80 81 82 83 84 85 86 87 88 89 90 91 92 93 94 95 96 97 98 99 100 101 102 output 1 3 4 5 17 7 8 9 17 11 3 9 3 7 12 9 14 18 19 20 21 27 21 2 17 22 22 23 24 25 26
3 4 5 6 7 5 8 9 10 5 11 12 10 5 13 14 10 15 16 17 18 19 19 19 14 20 20 21 22 23 24 -1 25 26 27 28 29 30 31 32 33 34 35 36 37 38 39 40 41 42 43 44 45 46 47 48 49 50 51 52 53 54 55 56 57 58 59 60 61 62 63 64 65 66 67 68 69 70 71 72 73 74 75 76 77 78 79 80 81 82 83 84 85 86 87 88 89 90 91 92 93 94 95 96 97 98 99 100 101 102 output 1 2 3 4 5 3 7 8 9 5 3 11 36 97 98 99 36 9 18 35 5 3 15 12 9 18 18
3 4 5 6 7 5 8 9 10 5 11 12 10 5 13 14 10 15 16 17 18 19 14 20 21 22 23 24 -1 25 26 27 28 29 30 31 32 33 34 35 36 37 38 39 40 41 42 43 44 45 46 47 48 49 50 51 52 53 54 55 56 57 58 59 60 61 62 63 64 65 66 67 68 69 70 71 72 73 74 75 76 77 78 79 80 81 82 83 84 85 86 87 88 89 90 91 92 93 94 95 96 97 98 99 100 101 102 output 1 2 3 4 5 16 7 8 9 16 11 12 9 16 15 3 9 18
3 25 19 4 5 20 6 7 5 8 12 10 15 -1 9 11 13 14 16 17 18 21 22 23 24 26 27 28 29 30 31 32 33 34 35 36 37 38 39 40 41 42 43 44 45 46 47 48 49 50 51 52 53 54 55 56 57 58 59 60 61 62 63 64 65 66 67 68 69 70 71 72 73 74 75 76 77 78 79 80 81 82 83 84 85 86 87 88 89 90 91 92 93 94 95 96 97 98 99 100 101 102 output 1 4 5 7 8 5 10 92 12 5 93 28 94 28 30 12 13
3 4 5 6 7 12 9 5 10 15 -1 8 11 13 14 16 17 18 19 20 21 22 23 24 25 26 27 28 29 30 31 32 33 34 35 36 37 38 39 40 41 42 43 44 45 46 47 48 49 50 51 52 53 54 55 56 57 58 59 60 61 62 63 64 65 66 67 68 69 70 71 72 73 74 75 76 77 78 79 80 81 82 83 84 85 86 87 88 89 90 91 92 93 94 95 96 97 98 99 100 101 102 output 1 25 19 2 3 20 4 5 6 7 3 9 10
3 4 5 6 7 5 8 9 10 5 11 12 10 5 11 26 10 15 -1 13 14 16 17 18 19 20 21 22 23 24 25 27 28 29 30 31 32 33 34 35 36 37 38 39 40 41 42 43 44 45 46 47 48 49 50 51 52 53 54 55 56 57 58 59 60 61 62 63 64 65 66 67 68 69 70 71 72 73 74 75 76 77 78 79 80 81 82 83 84 85 86 87 88 89 90 91 92 93 94 95 96 97 98 99 100 101 102 output 1 2 3 4 5 3 8 12 9 3 7 11 9 3 8 16 9 18
3 25 19 4 5 20 6 7 5 8 9 10 15 -1 11 12 13 14 16 17 18 21 22 23 24 26 27 28 29 30 31 32 33 34 35 36 37 38 39 40 41 42 43 44 45 46 47 48 49 50 51 52 53 54 55 56 57 58 59 60 61 62 63 64 65 66 67 68 69 70 71 72 73 74 75 76 77 78 79 80 81 82 83 84 85 86 87 88 89 90 91 92 93 94 95 96 97 98 99 100 101 102 output 31 7 8 5 10 11 12 5 42 28 95 96 28 30 12 13
3 4 5 6 7 5 8 9 10 5 11 14 10 15 16 17 18 19 25 25 14 20 20 21 22 23 24 -1 12 13 26 27 28 29 30 31 32 33 34 35 36 37 38 39 40 41 42 43 44 45 46 47 48 49 50 51 52 53 54 55 56 57 58 59 60 61 62 63 64 65 66 67 68 69 70 71 72 73 74 75 76 77 78 79 80 81 82 83 84 85 86 87 88 89 90 91 92 93 94 95 96 97 98 99 100 101 102 output 1 2 3 4 5 12 7 8 9 12 11 3 9 14 15 16 17 18 19 18 12 22 22 24 25 26 27
3 4 5 6 7 12 9 5 10 5 9 26 10 15 -1 8 11 13 14 16 17 18 19 20 21 22 23 24 25 27 28 29 30 31 32 33 34 35 36 37 38 39 40 41 42 43 44 45 46 47 48 49 50 51 52 53 54 55 56 57 58 59 60 61 62 63 64 65 66 67 68 69 70 71 72 73 74 75 76 77 78 79 80 81 82 83 84 85 86 87 88 89 90 91 92 93 94 95 96 97 98 99 100 101 102 output 1 2 3 4 5 3 7 6 9 3 17 12 9 14
3 25 19 4 5 20 6 7 5 8 12 10 15 -1 9 11 13 14 16 17 18 21 22 23 24 26 27 28 29 30 31 32 33 34 35 36 37 38 39 40 41 42 43 44 45 46 47 48 49 50 51 52 53 54 55 56 57 58 59 60 61 62 63 64 65 66 67 68 69 70 71 72 73 74 75 76 77 78 79 80 81 82 83 84 85 86 87 88 89 90 91 92 93 94 95 96 97 98 99 100 101 102 output 1 4 5 7 8 5 10 11 12 13
3 4 5 6 7 5 8 9 10 5 11 12 10 15 -1 13 14 16 17 18 19 20 21 22 23 24 25 26 27 28 29 30 31 32 33 34 35 36 37 38 39 40 41 42 43 44 45 46 47 48 49 50 51 52 53 54 55 56 57 58 59 60 61 62 63 64 65 66 67 68 69 70 71 72 73 74 75 76 77 78 79 80 81 82 83 84 85 86 87 88 89 90 91 92 93 94 95 96 97 98 99 100 101 102 output 33 4 5 12 8 3 9 3 7 11 9 14
3 4 5 6 7 12 9 5 10 15 -1 8 11 13 14 16 17 18 19 20 21 22 23 24 25 26 27 28 29 30 31 32 33 34 35 36 37 38 39 40 41 42 43 44 45 46 47 48 49 50 51 52 53 54 55 56 57 58 59 60 61 62 63 64 65 66 67 68 69 70 71 72 73 74 75 76 77 78 79 80 81 82 83 84 85 86 87 88 89 90 91 92 93 94 95 96 97 98 99 100 101 102 output 1 2 3 4 5 3 7 6 9 10
3 4 5 6 7 5 8 9 10 5 11 12 10 15 -1 13 14 16 17 18 19 20 21 22 23 24 25 26 27 28 29 30 31 32 33 34 35 36 37 38 39 40 41 42 43 44 45 46 47 48 49 50 51 52 53 54 55 56 57 58 59 60 61 62 63 64 65 66 67 68 69 70 71 72 73 74 75 76 77 78 79 80 81 82 83 84 85 86 87 88 89 90 91 92 93 94 95 96 97 98 99 100 101 102 output 33 4 5 3 8 12 9 3 7 11 9 14
3 4 5 6 7 5 8 9 10 5 11 14 10 15 16 17 18 19 25 25 14 20 20 21 22 23 24 -1 12 13 26 27 28 29 30 31 32 33 34 35 36 37 38 39 40 41 42 43 44 45 46 47 48 49 50 51 52 53 54 55 56 57 58 59 60 61 62 63 64 65 66 67 68 69 70 71 72 73 74 75 76 77 78 79 80 81 82 83 84 85 86 87 88 89 90 91 92 93 94 95 96 97 98 99 100 101 102 output 1 2 3 4 5 3 7 8 9 3 11 12 9 14 15 16 17 18 12 22 24 25 26 27
3 4 5 6 7 12 9 5 10 15 -1 8 11 13 14 16 17 18 19 20 21 22 23 24 25 26 27 28 29 30 31 32 33 34 35 36 37 38 39 40 41 42 43 44 45 46 47 48 49 50 51 52 53 54 55 56 57 58 59 60 61 62 63 64 65 66 67 68 69 70 71 72 73 74 75 76 77 78 79 80 81 82 83 84 85 86 87 88 89 90 91 92 93 94 95 96 97 98 99 100 101 102 output 31 4 5 6 7 3 9 10
3 4 5 6 7 5 8 9 10 5 11 12 10 5 13 26 10 15 -1 14 16 17 18 19 20 21 22 23 24 25 27 28 29 30 31 32 33 34 35 36 37 38 39 40 41 42 43 44 45 46 47 48 49 50 51 52 53 54 55 56 57 58 59 60 61 62 63 64 65 66 67 68 69 70 71 72 73 74 75 76 77 78 79 80 81 82 83 84 85 86 87 88 89 90 91 92 93 94 95 96 97 98 99 100 101 102 output 1 2 3 4 5 3 7 8 9 5 3 15 12 9 18 31 5 3 11 12 9 18 18
3 4 5 6 7 12 9 5 10 15 -1 8 11 13 14 16 17 18 19 20 21 22 23 24 25 26 27 28 29 30 31 32 33 34 35 36 37 38 39 40 41 42 43 44 45 46 47 48 49 50 51 52 53 54 55 56 57 58 59 60 61 62 63 64 65 66 67 68 69 70 71 72 73 74 75 76 77 78 79 80 81 82 83 84 85 86 87 88 89 90 91 92 93 94 95 96 97 98 99 100 101 102 output 1 25 19 2 3 20 4 5 6 7 3 9 10
3 4 5 6 7 12 9 12 10 14 11 5 10 15 -1 8 13 16 17 18 19 20 21 22 23 24 25 26 27 28 29 30 31 32 33 34 35 36 37 38 39 40 41 42 43 44 45 46 47 48 49 50 51 52 53 54 55 56 57 58 59 60 61 62 63 64 65 66 67 68 69 70 71 72 73 74 75 76 77 78 79 80 81 82 83 84 85 86 87 88 89 90 91 92 93 94 95 96 97 98 99 100 101 102 output 33 4 5 6 7 3 9 28 7 10 9 38 21 3 48 10 22 14
3 4 5 6 7 12 9 14 10 14 11 5 10 15 -1 8 13 16 17 18 19 20 21 22 23 24 25 26 27 28 29 30 31 32 33 34 35 36 37 38 39 40 41 42 43 44 45 46 47 48 49 50 51 52 53 54 55 56 57 58 59 60 61 62 63 64 65 66 67 68 69 70 71 72 73 74 75 76 77 78 79 80 81 82 83 84 85 86 87 88 89 90 91 92 93 94 95 96 97 98 99 100 101 102 output 1 2 3 4 5 3 7 6 9 3 11 8 9 14 18 19 20 21 8 22 23 24 25 26
3 4 5 6 7 5 8 9 10 5 11 12 10 5 13 26 10 15 -1 14 16 17 18 19 20 21 22 23 24 25 27 28 29 30 31 32 33 34 35 36 37 38 39 40 41 42 43 44 45 46 47 48 49 50 51 52 53 54 55 56 57 58 59 60 61 62 63 64 65 66 67 68 69 70 71 72 73 74 75 76 77 78 79 80 81 82 83 84 85 86 87 88 89 90 91 92 93 94 95 96 97 98 99 100 101 102 output 1 2 3 4 5 12 8 20 9 3 7 11 9 5 3 8 44 9 18 31 5 3 38 44 9 18 40 24 44 50 20 25 9 18
3 4 5 6 7 5 9 12 10 7 5 11 26 10 15 27 7 5 11 14 10 14 34 26 10 15 15 -1 8 13 16 17 18 19 20 21 22 23 24 25 28 29 30 31 32 33 35 36 37 38 39 40 41 42 43 44 45 46 47 48 49 50 51 52 53 54 55 56 57 58 59 60 61 62 63 64 65 66 67 68 69 70 71 72 73 74 75 76 77 78 79 80 81 82 83 84 85 86 87 88 89 90 91 92 93 94 95 96 97 98 99 100 101 102 output 1 2 3 4 5 3 7 8 9 5 3 12 13 9 15 16 5 3 30 20 9 20 23 13 9 15 15
3 4 5 6 7 5 8 9 10 5 11 14 10 15 16 17 18 19 19 19 14 20 20 21 22 23 24 -1 12 13 25 26 27 28 29 30 31 32 33 34 35 36 37 38 39 40 41 42 43 44 45 46 47 48 49 50 51 52 53 54 55 56 57 58 59 60 61 62 63 64 65 66 67 68 69 70 71 72 73 74 75 76 77 78 79 80 81 82 83 84 85 86 87 88 89 90 91 92 93 94 95 96 97 98 99 100 101 102 output 1 2 3 4 5 3 7 8 9 3 11 12 9 42 18 12 86 103 22 14
3 4 5 6 7 5 8 9 10 5 11 12 10 15 -1 13 14 16 17 18 19 20 21 22 23 24 25 26 27 28 29 30 31 32 33 34 35 36 37 38 39 40 41 42 43 44 45 46 47 48 49 50 51 52 53 54 55 56 57 58 59 60 61 62 63 64 65 66 67 68 69 70 71 72 73 74 75 76 77 78 79 80 81 82 83 84 85 86 87 88 89 90 91 92 93 94 95 96 97 98 99 100 101 102 output 1 2 3 4 5 3 7 8 9 3 11 12 9 3 16 17 9 14 18 19 20 21 17 22 23 24 25 26
3 4 5 6 7 12 9 5 10 15 -1 8 11 13 14 16 17 18 19 20 21 22 23 24 25 26 27 28 29 30 31 32 33 34 35 36 37 38 39 40 41 42 43 44 45 46 47 48 49 50 51 52 53 54 55 56 57 58 59 60 61 62 63 64 65 66 67 68 69 70 71 72 73 74 75 76 77 78 79 80 81 82 83 84 85 86 87 88 89 90 91 92 93 94 95 96 97 98 99 100 101 102 output 31 4 5 6 7 26 9 10
3 4 5 6 7 5 9 12 10 7 5 11 26 10 15 27 7 5 11 14 10 14 34 26 10 15 15 -1 8 13 16 17 18 19 20 21 22 23 24 25 28 29 30 31 32 33 35 36 37 38 39 40 41 42 43 44 45 46 47 48 49 50 51 52 53 54 55 56 57 58 59 60 61 62 63 64 65 66 67 68 69 70 71 72 73 74 75 76 77 78 79 80 81 82 83 84 85 86 87 88 89 90 91 92 93 94 95 96 97 98 99 100 101 102 output 1 2 3 4 5 3 7 8 9 5 3 12 13 9 15 16 5 3 30 20 9 20 23 13 9 15 15
3 4 5 6 7 5 8 9 10 5 11 14 10 15 16 17 18 19 19 19 19 14 20 20 21 22 23 24 -1 12 13 25 26 27 28 29 30 31 32 33 34 35 36 37 38 39 40 41 42 43 44 45 46 47 48 49 50 51 52 53 54 55 56 57 58 59 60 61 62 63 64 65 66 67 68 69 70 71 72 73 74 75 76 77 78 79 80 81 82 83 84 85 86 87 88 89 90 91 92 93 94 95 96 97 98 99 100 101 102 output 1 2 3 4 5 3 7 8 9 3 11 12 9 14 105 16 3 106 18 32 18 12 23 53 107 23
3 4 5 6 7 5 8 9 10 5 11 14 10 15 16 17 18 19 25 25 14 14 20 20 21 22 23 24 -1 12 13 26 27 28 29 30 31 32 33 34 35 36 37 38 39 40 41 42 43 44 45 46 47 48 49 50 51 52 53 54 55 56 57 58 59 60 61 62 63 64 65 66 67 68 69 70 71 72 73 74 75 76 77 78 79 80 81 82 83 84 85 86 87 88 89 90 91 92 93 94 95 96 97 98 99 100 101 102 output 1 2 3 4 5 3 7 8 9 3 11 12 9 14 15 16 17 18 19 18 12 23 23 25 26 27 28
3 4 5 6 7 12 9 5 10 15 -1 8 11 13 14 16 17 18 19 20 21 22 23 24 25 26 27 28 29 30 31 32 33 34 35 36 37 38 39 40 41 42 43 44 45 46 47 48 49 50 51 52 53 54 55 56 57 58 59 60 61 62 63 64 65 66 67 68 69 70 71 72 73 74 75 76 77 78 79 80 81 82 83 84 85 86 87 88 89 90 91 92 93 94 95 96 97 98 99 100 101 102 output 1 2 3 4 5 15 12 6 9 15 7 3 9 10
3 4 5 6 7 5 8 9 10 5 11 12 10 15 -1 13 14 16 17 18 19 20 21 22 23 24 25 26 27 28 29 30 31 32 33 34 35 36 37 38 39 40 41 42 43 44 45 46 47 48 49 50 51 52 53 54 55 56 57 58 59 60 61 62 63 64 65 66 67 68 69 70 71 72 73 74 75 76 77 78 79 80 81 82 83 84 85 86 87 88 89 90 91 92 93 94 95 96 97 98 99 100 101 102 output 1 2 3 4 5 12 8 17 9 3 7 72 9 3 8 17 9 38 21 3 61 12 22 14
3 4 5 6 7 12 9 5 10 15 -1 8 11 13 14 16 17 18 19 20 21 22 23 24 25 26 27 28 29 30 31 32 33 34 35 36 37 38 39 40 41 42 43 44 45 46 47 48 49 50 51 52 53 54 55 56 57 58 59 60 61 62 63 64 65 66 67 68 69 70 71 72 73 74 75 76 77 78 79 80 81 82 83 84 85 86 87 88 89 90 91 92 93 94 95 96 97 98 99 100 101 102 output 1 25 19 2 3 20 4 5 3 7 6 9 10
3 25 19 4 5 20 6 7 5 8 9 10 15 -1 11 12 13 14 16 17 18 21 22 23 24 26 27 28 29 30 31 32 33 34 35 36 37 38 39 40 41 42 43 44 45 46 47 48 49 50 51 52 53 54 55 56 57 58 59 60 61 62 63 64 65 66 67 68 69 70 71 72 73 74 75 76 77 78 79 80 81 82 83 84 85 86 87 88 89 90 91 92 93 94 95 96 97 98 99 100 101 102 output 1 4 5 7 8 18 11 5 12 18 42 28 101 102 28 30 12 13
