3 4 5 6 7 5 8 9 10 7 5 11 12 10 13 14 7 5 15 16 10 13 13 -1 17 18 19 20 21 22 23 24 25 26 27 28 29 30 31 32 33 34 35 36 37 38 39 40 41 42 43 44 45 46 47 48 49 50 51 52 53 54 55 56 57 58 59 60 61 62 63 64 65 66 67 68 69 70 71 72 73 74 75 76 77 78 79 80 81 82 83 84 85 86 87 88 89 90 91 92 93 94 95 96 97 98 99 100 output 1 2 3 4 5 3 8 13 9 20 12 3 9 20 7 19 9 15 25 26 27 28 29 28 20 30 30 31 32 33 34
3 4 5 6 7 12 9 5 10 13 -1 8 11 14 15 16 17 18 19 20 21 22 23 24 25 26 27 28 29 30 31 32 33 34 35 36 37 38 39 40 41 42 43 44 45 46 47 48 49 50 51 52 53 54 55 56 57 58 59 60 61 62 63 64 65 66 67 68 69 70 71 72 73 74 75 76 77 78 79 80 81 82 83 84 85 86 87 88 89 90 91 92 93 94 95 96 97 98 99 100 output 1 21 20 2 3 22 4 5 6 7 3 9 10
3 4 5 6 7 5 8 9 10 5 11 12 10 13 -1 14 15 16 17 18 19 20 21 22 23 24 25 26 27 28 29 30 31 32 33 34 35 36 37 38 39 40 41 42 43 44 45 46 47 48 49 50 51 52 53 54 55 56 57 58 59 60 61 62 63 64 65 66 67 68 69 70 71 72 73 74 75 76 77 78 79 80 81 82 83 84 85 86 87 88 89 90 91 92 93 94 95 96 97 98 99 100 output 1 2 3 4 5 12 8 3 9 3 7 11 9 14
3 4 5 6 7 5 8 9 10 5 8 12 10 5 15 27 13 -1 11 14 16 17 18 19 20 21 22 23 24 25 26 28 29 30 31 32 33 34 35 36 37 38 39 40 41 42 43 44 45 46 47 48 49 50 51 52 53 54 55 56 57 58 59 60 61 62 63 64 65 66 67 68 69 70 71 72 73 74 75 76 77 78 79 80 81 82 83 84 85 86 87 88 89 90 91 92 93 94 95 96 97 98 99 100 output 1 2 3 4 5 3 7 16 9 5 3 8 12 9 17 20 5 3 19 32 33 32 34 9 17 17
3 4 5 6 7 5 8 9 10 5 11 16 10 13 17 18 19 20 16 22 23 24 25 26 -1 12 14 15 21 27 28 29 30 31 32 33 34 35 36 37 38 39 40 41 42 43 44 45 46 47 48 49 50 51 52 53 54 55 56 57 58 59 60 61 62 63 64 65 66 67 68 69 70 71 72 73 74 75 76 77 78 79 80 81 82 83 84 85 86 87 88 89 90 91 92 93 94 95 96 97 98 99 100 output 34 4 5 35 8 3 9 36 8 3 9 14
3 4 5 6 7 12 9 5 10 13 -1 8 11 14 15 16 17 18 19 20 21 22 23 24 25 26 27 28 29 30 31 32 33 34 35 36 37 38 39 40 41 42 43 44 45 46 47 48 49 50 51 52 53 54 55 56 57 58 59 60 61 62 63 64 65 66 67 68 69 70 71 72 73 74 75 76 77 78 79 80 81 82 83 84 85 86 87 88 89 90 91 92 93 94 95 96 97 98 99 100 output 1 2 3 4 5 3 7 6 9 10
3 4 5 6 7 12 9 5 10 13 -1 8 11 14 15 16 17 18 19 20 21 22 23 24 25 26 27 28 29 30 31 32 33 34 35 36 37 38 39 40 41 42 43 44 45 46 47 48 49 50 51 52 53 54 55 56 57 58 59 60 61 62 63 64 65 66 67 68 69 70 71 72 73 74 75 76 77 78 79 80 81 82 83 84 85 86 87 88 89 90 91 92 93 94 95 96 97 98 99 100 output 1 2 3 4 5 3 7 6 9 10
3 4 5 6 7 5 8 9 10 7 5 11 12 10 13 14 7 5 11 16 10 13 13 -1 15 17 18 19 20 21 22 23 24 25 26 27 28 29 30 31 32 33 34 35 36 37 38 39 40 41 42 43 44 45 46 47 48 49 50 51 52 53 54 55 56 57 58 59 60 61 62 63 64 65 66 67 68 69 70 71 72 73 74 75 76 77 78 79 80 81 82 83 84 85 86 87 88 89 90 91 92 93 94 95 96 97 98 99 100 output 1 2 3 4 5 3 7 8 9 5 3 12 20 9 15 16 5 3 25 20 9 15 13 43 20 9 15
3 4 5 6 7 12 9 5 10 13 -1 8 11 14 15 16 17 18 19 20 21 22 23 24 25 26 27 28 29 30 31 32 33 34 35 36 37 38 39 40 41 42 43 44 45 46 47 48 49 50 51 52 53 54 55 56 57 58 59 60 61 62 63 64 65 66 67 68 69 70 71 72 73 74 75 76 77 78 79 80 81 82 83 84 85 86 87 88 89 90 91 92 93 94 95 96 97 98 99 100 output 31 4 5 35 5 6 7 3 9 10 36 20 37 20 3 22 22 10
3 4 5 6 7 5 8 9 10 7 5 11 12 10 13 14 7 5 15 12 10 13 14 7 5 15 12 10 13 13 -1 16 17 18 19 20 21 22 23 24 25 26 27 28 29 30 31 32 33 34 35 36 37 38 39 40 41 42 43 44 45 46 47 48 49 50 51 52 53 54 55 56 57 58 59 60 61 62 63 64 65 66 67 68 69 70 71 72 73 74 75 76 77 78 79 80 81 82 83 84 85 86 87 88 89 90 91 92 93 94 95 96 97 98 99 100 output 1 2 3 4 5 3 7 8 9 5 3 12 13 9 15 16 5 3 19 13 9 15 16 5 3 19 32 9 32 54 13 9 15 16 5 3 55 13 9 15 15
3 4 5 6 7 5 8 9 10 16 11 12 10 5 15 16 10 13 17 18 19 20 40 22 23 24 25 26 -1 14 21 27 28 29 30 31 32 33 34 35 36 37 38 39 41 42 43 44 45 46 47 48 49 50 51 52 53 54 55 56 57 58 59 60 61 62 63 64 65 66 67 68 69 70 71 72 73 74 75 76 77 78 79 80 81 82 83 84 85 86 87 88 89 90 91 92 93 94 95 96 97 98 99 100 output 1 2 3 4 5 10 7 8 9 10 11 12 9 10 15 23 9 10 39 3 9 18 19 20 45 22 23 24 25 26 27 28
3 4 5 6 7 5 8 9 10 7 5 11 12 10 13 14 7 5 15 16 10 13 13 -1 17 18 19 20 21 22 23 24 25 26 27 28 29 30 31 32 33 34 35 36 37 38 39 40 41 42 43 44 45 46 47 48 49 50 51 52 53 54 55 56 57 58 59 60 61 62 63 64 65 66 67 68 69 70 71 72 73 74 75 76 77 78 79 80 81 82 83 84 85 86 87 88 89 90 91 92 93 94 95 96 97 98 99 100 output 1 2 3 4 5 3 7 8 9 5 3 12 13 9 15 16 5 3 12 20 9 20 42 13 9 15 15
3 4 5 6 7 12 9 5 10 5 11 27 10 13 -1 8 14 15 16 17 18 19 20 21 22 23 24 25 26 28 29 30 31 32 33 34 35 36 37 38 39 40 41 42 43 44 45 46 47 48 49 50 51 52 53 54 55 56 57 58 59 60 61 62 63 64 65 66 67 68 69 70 71 72 73 74 75 76 77 78 79 80 81 82 83 84 85 86 87 88 89 90 91 92 93 94 95 96 97 98 99 100 output 1 2 3 4 5 3 7 6 9 3 11 6 9 14
3 4 5 6 7 5 8 9 10 5 11 12 10 13 -1 14 15 16 17 18 19 20 21 22 23 24 25 26 27 28 29 30 31 32 33 34 35 36 37 38 39 40 41 42 43 44 45 46 47 48 49 50 51 52 53 54 55 56 57 58 59 60 61 62 63 64 65 66 67 68 69 70 71 72 73 74 75 76 77 78 79 80 81 82 83 84 85 86 87 88 89 90 91 92 93 94 95 96 97 98 99 100 output 1 2 3 4 5 3 7 8 9 3 11 12 9 3 17 18 9 38 22 18 44 45 24 9 14
3 4 5 6 7 12 9 16 10 16 11 5 10 13 -1 8 14 15 17 18 19 20 21 22 23 24 25 26 27 28 29 30 31 32 33 34 35 36 37 38 39 40 41 42 43 44 45 46 47 48 49 50 51 52 53 54 55 56 57 58 59 60 61 62 63 64 65 66 67 68 69 70 71 72 73 74 75 76 77 78 79 80 81 82 83 84 85 86 87 88 89 90 91 92 93 94 95 96 97 98 99 100 output 33 4 5 6 7 3 9 3 11 8 9 14
3 4 5 6 7 12 9 16 10 16 11 5 10 13 -1 8 14 15 17 18 19 20 21 22 23 24 25 26 27 28 29 30 31 32 33 34 35 36 37 38 39 40 41 42 43 44 45 46 47 48 49 50 51 52 53 54 55 56 57 58 59 60 61 62 63 64 65 66 67 68 69 70 71 72 73 74 75 76 77 78 79 80 81 82 83 84 85 86 87 88 89 90 91 92 93 94 95 96 97 98 99 100 output 1 2 23 22 3 24 4 5 6 7 8 9 3 7 8 9 14
3 21 20 4 5 22 6 7 5 8 9 10 13 -1 11 12 14 15 16 17 18 19 23 24 25 26 27 28 29 30 31 32 33 34 35 36 37 38 39 40 41 42 43 44 45 46 47 48 49 50 51 52 53 54 55 56 57 58 59 60 61 62 63 64 65 66 67 68 69 70 71 72 73 74 75 76 77 78 79 80 81 82 83 84 85 86 87 88 89 90 91 92 93 94 95 96 97 98 99 100 output 1 5 7 8 44 11 5 12 13
3 4 5 6 7 5 8 9 10 5 11 12 10 13 -1 14 15 16 17 18 19 20 21 22 23 24 25 26 27 28 29 30 31 32 33 34 35 36 37 38 39 40 41 42 43 44 45 46 47 48 49 50 51 52 53 54 55 56 57 58 59 60 61 62 63 64 65 66 67 68 69 70 71 72 73 74 75 76 77 78 79 80 81 82 83 84 85 86 87 88 89 90 91 92 93 94 95 96 97 98 99 100 output 1 3 4 5 3 7 8 9 12 11 3 9 14
3 4 5 6 7 12 9 5 10 13 -1 8 11 14 15 16 17 18 19 20 21 22 23 24 25 26 27 28 29 30 31 32 33 34 35 36 37 38 39 40 41 42 43 44 45 46 47 48 49 50 51 52 53 54 55 56 57 58 59 60 61 62 63 64 65 66 67 68 69 70 71 72 73 74 75 76 77 78 79 80 81 82 83 84 85 86 87 88 89 90 91 92 93 94 95 96 97 98 99 100 output 1 2 3 4 5 3 7 6 9 10
3 4 5 6 7 5 8 9 10 7 5 11 12 10 13 14 7 5 11 12 10 13 13 -1 15 16 17 18 19 20 21 22 23 24 25 26 27 28 29 30 31 32 33 34 35 36 37 38 39 40 41 42 43 44 45 46 47 48 49 50 51 52 53 54 55 56 57 58 59 60 61 62 63 64 65 66 67 68 69 70 71 72 73 74 75 76 77 78 79 80 81 82 83 84 85 86 87 88 89 90 91 92 93 94 95 96 97 98 99 100 output 1 31 30 2 3 32 4 5 3 7 8 9 5 3 12 13 15 16 5 3 12 26 9 46 55 30 56 38 57 38 58 38 59 38 32 9 15 15
3 4 5 6 7 12 9 16 10 16 11 5 10 13 -1 8 14 15 17 18 19 20 21 22 23 24 25 26 27 28 29 30 31 32 33 34 35 36 37 38 39 40 41 42 43 44 45 46 47 48 49 50 51 52 53 54 55 56 57 58 59 60 61 62 63 64 65 66 67 68 69 70 71 72 73 74 75 76 77 78 79 80 81 82 83 84 85 86 87 88 89 90 91 92 93 94 95 96 97 98 99 100 output 1 2 3 4 5 6 11 8 9 8 7 3 9 14
3 4 5 6 7 5 8 9 10 7 5 11 12 10 13 14 7 5 15 12 10 13 14 7 5 34 12 10 13 13 -1 16 17 18 19 20 21 22 23 24 25 26 27 28 29 30 31 32 33 35 36 37 38 39 40 41 42 43 44 45 46 47 48 49 50 51 52 53 54 55 56 57 58 59 60 61 62 63 64 65 66 67 68 69 70 71 72 73 74 75 76 77 78 79 80 81 82 83 84 85 86 87 88 89 90 91 92 93 94 95 96 97 98 99 100 output 1 2 3 4 5 3 7 8 9 5 3 12 13 9 15 16 5 3 54 13 9 15 16 5 5 3 19 32 9 15 16 5 3 65 32 9 15 5 32 26 13 9 15 16 5 32 53 13 9 15 15 15
3 4 5 6 7 5 8 9 10 5 11 12 10 5 15 16 10 13 17 18 19 20 40 22 23 24 25 26 -1 14 21 27 28 29 30 31 32 33 34 35 36 37 38 39 41 42 43 44 45 46 47 48 49 50 51 52 53 54 55 56 57 58 59 60 61 62 63 64 65 66 67 68 69 70 71 72 73 74 75 76 77 78 79 80 81 82 83 84 85 86 87 88 89 90 91 92 93 94 95 96 97 98 99 100 output 1 2 3 4 5 3 7 8 9 5 3 11 12 9 18 30 5 3 15 16 9 41 22 49 22 50 33 55 33 24 24 18 18
3 4 5 6 7 12 9 5 10 13 -1 8 11 14 15 16 17 18 19 20 21 22 23 24 25 26 27 28 29 30 31 32 33 34 35 36 37 38 39 40 41 42 43 44 45 46 47 48 49 50 51 52 53 54 55 56 57 58 59 60 61 62 63 64 65 66 67 68 69 70 71 72 73 74 75 76 77 78 79 80 81 82 83 84 85 86 87 88 89 90 91 92 93 94 95 96 97 98 99 100 output 31 4 5 6 7 3 9 10
3 4 5 6 7 5 8 9 10 7 5 11 16 10 13 14 7 5 15 16 10 13 13 -1 12 17 18 19 20 21 22 23 24 25 26 27 28 29 30 31 32 33 34 35 36 37 38 39 40 41 42 43 44 45 46 47 48 49 50 51 52 53 54 55 56 57 58 59 60 61 62 63 64 65 66 67 68 69 70 71 72 73 74 75 76 77 78 79 80 81 82 83 84 85 86 87 88 89 90 91 92 93 94 95 96 97 98 99 100 output 1 2 3 4 5 5 3 7 8 9 15 16 5 3 7 12 9 15 3 19 25 9 3 43 13 9 45 29 13 51 61 31 15
3 4 5 6 7 5 8 9 10 7 5 11 12 10 13 14 7 5 11 16 10 16 34 16 10 13 13 -1 15 17 18 19 20 21 22 23 24 25 26 27 28 29 30 31 32 33 35 36 37 38 39 40 41 42 43 44 45 46 47 48 49 50 51 52 53 54 55 56 57 58 59 60 61 62 63 64 65 66 67 68 69 70 71 72 73 74 75 76 77 78 79 80 81 82 83 84 85 86 87 88 89 90 91 92 93 94 95 96 97 98 99 100 output 1 2 3 4 5 3 7 8 9 20 12 3 9 20 7 29 9 20 23 13 9 15
3 4 5 6 7 5 8 9 10 5 11 12 10 13 -1 14 15 16 17 18 19 20 21 22 23 24 25 26 27 28 29 30 31 32 33 34 35 36 37 38 39 40 41 42 43 44 45 46 47 48 49 50 51 52 53 54 55 56 57 58 59 60 61 62 63 64 65 66 67 68 69 70 71 72 73 74 75 76 77 78 79 80 81 82 83 84 85 86 87 88 89 90 91 92 93 94 95 96 97 98 99 100 output 1 23 22 2 3 24 4 5 3 7 8 9 12 11 3 9 14
3 4 5 6 7 5 8 9 10 7 5 11 12 10 13 14 7 5 11 16 10 16 34 12 10 13 13 -1 15 17 18 19 20 21 22 23 24 25 26 27 28 29 30 31 32 33 35 36 37 38 39 40 41 42 43 44 45 46 47 48 49 50 51 52 53 54 55 56 57 58 59 60 61 62 63 64 65 66 67 68 69 70 71 72 73 74 75 76 77 78 79 80 81 82 83 84 85 86 87 88 89 90 91 92 93 94 95 96 97 98 99 100 output 1 2 3 4 5 3 7 8 9 3 12 20 9 5 3 23 13 9 15 16 5 3 50 13 9 15 16 5 3 29 13 9 15 15 30 31 32 33 20 35 36 37 38 39
3 21 20 4 5 22 6 7 5 8 9 10 13 -1 11 12 14 15 16 17 18 19 23 24 25 26 27 28 29 30 31 32 33 34 35 36 37 38 39 40 41 42 43 44 45 46 47 48 49 50 51 52 53 54 55 56 57 58 59 60 61 62 63 64 65 66 67 68 69 70 71 72 73 74 75 76 77 78 79 80 81 82 83 84 85 86 87 88 89 90 91 92 93 94 95 96 97 98 99 100 output 1 4 5 7 8 5 11 28 53 54 55 28 30 12 13
3 4 5 6 7 5 8 9 10 5 11 12 10 5 15 16 10 13 17 18 19 20 40 22 23 24 25 26 -1 14 21 27 28 29 30 31 32 33 34 35 36 37 38 39 41 42 43 44 45 46 47 48 49 50 51 52 53 54 55 56 57 58 59 60 61 62 63 64 65 66 67 68 69 70 71 72 73 74 75 76 77 78 79 80 81 82 83 84 85 86 87 88 89 90 91 92 93 94 95 96 97 98 99 100 output 1 2 3 4 5 3 7 8 9 3 11 12 9 3 15 16 9 41 22 16 60 61 22 33 62 33 24 24 18
3 4 5 6 7 5 8 9 10 16 11 12 10 5 15 16 10 13 17 18 19 20 40 22 23 24 25 26 -1 14 21 27 28 29 30 31 32 33 34 35 36 37 38 39 41 42 43 44 45 46 47 48 49 50 51 52 53 54 55 56 57 58 59 60 61 62 63 64 65 66 67 68 69 70 71 72 73 74 75 76 77 78 79 80 81 82 83 84 85 86 87 88 89 90 91 92 93 94 95 96 97 98 99 100 output 1 2 3 4 5 3 7 8 9 5 3 11 33 63 33 64 9 18 30 5 3 11 33 65 33 64 9 18 18
3 21 20 4 5 22 6 7 5 8 9 10 16 11 16 10 13 -1 12 14 15 17 18 19 23 24 25 26 27 28 29 30 31 32 33 34 35 36 37 38 39 40 41 42 43 44 45 46 47 48 49 50 51 52 53 54 55 56 57 58 59 60 61 62 63 64 65 66 67 68 69 70 71 72 73 74 75 76 77 78 79 80 81 82 83 84 85 86 87 88 89 90 91 92 93 94 95 96 97 98 99 100 output 1 4 5 7 8 5 10 11 12 5 14 30 64 30 12 17
3 4 5 6 7 5 8 9 10 5 11 12 10 5 15 16 10 13 17 18 19 20 40 22 23 24 25 26 -1 14 21 27 28 29 30 31 32 33 34 35 36 37 38 39 41 42 43 44 45 46 47 48 49 50 51 52 53 54 55 56 57 58 59 60 61 62 63 64 65 66 67 68 69 70 71 72 73 74 75 76 77 78 79 80 81 82 83 84 85 86 87 88 89 90 91 92 93 94 95 96 97 98 99 100 output 1 2 3 4 5 12 8 16 9 3 7 11 9 3 8 23 9 41 22 23 67 16 24 9 18 19 20 21 22 23 24 25 26 27 28
3 4 5 6 7 12 9 5 10 5 11 27 10 13 -1 8 14 15 16 17 18 19 20 21 22 23 24 25 26 28 29 30 31 32 33 34 35 36 37 38 39 40 41 42 43 44 45 46 47 48 49 50 51 52 53 54 55 56 57 58 59 60 61 62 63 64 65 66 67 68 69 70 71 72 73 74 75 76 77 78 79 80 81 82 83 84 85 86 87 88 89 90 91 92 93 94 95 96 97 98 99 100 output 33 4 5 6 7 3 9 12 7 19 9 38 23 3 44 19 25 14
3 4 5 6 7 12 9 5 10 5 11 27 10 13 -1 8 14 15 16 17 18 19 20 21 22 23 24 25 26 28 29 30 31 32 33 34 35 36 37 38 39 40 41 42 43 44 45 46 47 48 49 50 51 52 53 54 55 56 57 58 59 60 61 62 63 64 65 66 67 68 69 70 71 72 73 74 75 76 77 78 79 80 81 82 83 84 85 86 87 88 89 90 91 92 93 94 95 96 97 98 99 100 output 33 4 5 6 7 3 9 6 11 19 9 38 23 3 66 19 25 14
3 4 5 6 7 12 9 16 10 16 11 5 10 13 -1 8 14 15 17 18 19 20 21 22 23 24 25 26 27 28 29 30 31 32 33 34 35 36 37 38 39 40 41 42 43 44 45 46 47 48 49 50 51 52 53 54 55 56 57 58 59 60 61 62 63 64 65 66 67 68 69 70 71 72 73 74 75 76 77 78 79 80 81 82 83 84 85 86 87 88 89 90 91 92 93 94 95 96 97 98 99 100 output 1 2 3 4 5 3 7 6 9 3 11 8 9 14 19 20 8 25 26 27 28
3 4 5 6 7 5 8 9 10 5 11 16 10 13 17 18 19 20 16 22 23 24 25 26 -1 12 14 15 21 27 28 29 30 31 32 33 34 35 36 37 38 39 40 41 42 43 44 45 46 47 48 49 50 51 52 53 54 55 56 57 58 59 60 61 62 63 64 65 66 67 68 69 70 71 72 73 74 75 76 77 78 79 80 81 82 83 84 85 86 87 88 89 90 91 92 93 94 95 96 97 98 99 100 output 1 2 3 4 5 3 7 8 9 3 11 12 9 14 15 16 44 18 12 20 21 22 23 24
3 4 5 6 7 12 9 5 10 5 8 11 10 13 -1 14 15 16 17 18 19 20 21 22 23 24 25 26 27 28 29 30 31 32 33 34 35 36 37 38 39 40 41 42 43 44 45 46 47 48 49 50 51 52 53 54 55 56 57 58 59 60 61 62 63 64 65 66 67 68 69 70 71 72 73 74 75 76 77 78 79 80 81 82 83 84 85 86 87 88 89 90 91 92 93 94 95 96 97 98 99 100 output 1 2 3 4 5 3 11 7 3 12 6 9 14
3 4 5 6 7 5 8 9 10 7 5 11 16 10 13 14 7 5 15 16 10 13 13 17 18 19 20 16 22 23 24 25 26 -1 12 21 27 28 29 30 31 32 33 34 35 36 37 38 39 40 41 42 43 44 45 46 47 48 49 50 51 52 53 54 55 56 57 58 59 60 61 62 63 64 65 66 67 68 69 70 71 72 73 74 75 76 77 78 79 80 81 82 83 84 85 86 87 88 89 90 91 92 93 94 95 96 97 98 99 100 output 1 2 3 4 5 3 7 8 9 5 3 12 13 9 15 16 5 3 19 13 9 15 46 55 27 56 38 75 38 29 9 15
3 21 20 4 5 22 6 7 5 8 9 10 7 5 11 16 10 13 -1 12 14 15 17 18 19 23 24 25 26 27 28 29 30 31 32 33 34 35 36 37 38 39 40 41 42 43 44 45 46 47 48 49 50 51 52 53 54 55 56 57 58 59 60 61 62 63 64 65 66 67 68 69 70 71 72 73 74 75 76 77 78 79 80 81 82 83 84 85 86 87 88 89 90 91 92 93 94 95 96 97 98 99 100 output 1 4 5 7 8 5 10 11 12 16 10 15 12 16 22 5 12 18 23 24 25 3 2 3 4 3 16 6 6 6 26 27 28 29
3 4 5 6 7 5 8 9 10 16 11 12 10 5 15 27 10 13 -1 14 17 18 19 20 21 22 23 24 25 26 28 29 30 31 32 33 34 35 36 37 38 39 40 41 42 43 44 45 46 47 48 49 50 51 52 53 54 55 56 57 58 59 60 61 62 63 64 65 66 67 68 69 70 71 72 73 74 75 76 77 78 79 80 81 82 83 84 85 86 87 88 89 90 91 92 93 94 95 96 97 98 99 100 output 1 2 3 4 5 3 7 8 9 3 11 10 9 12 11 43 9 39 24 10 67 43 69 3 70 12 26 9 18
3 4 5 6 7 12 9 5 10 13 -1 8 11 14 15 16 17 18 19 20 21 22 23 24 25 26 27 28 29 30 31 32 33 34 35 36 37 38 39 40 41 42 43 44 45 46 47 48 49 50 51 52 53 54 55 56 57 58 59 60 61 62 63 64 65 66 67 68 69 70 71 72 73 74 75 76 77 78 79 80 81 82 83 84 85 86 87 88 89 90 91 92 93 94 95 96 97 98 99 100 output 31 4 5 6 12 7 9 10
3 4 5 6 7 12 9 16 10 16 11 5 10 13 -1 8 14 15 17 18 19 20 21 22 23 24 25 26 27 28 29 30 31 32 33 34 35 36 37 38 39 40 41 42 43 44 45 46 47 48 49 50 51 52 53 54 55 56 57 58 59 60 61 62 63 64 65 66 67 68 69 70 71 72 73 74 75 76 77 78 79 80 81 82 83 84 85 86 87 88 89 90 91 92 93 94 95 96 97 98 99 100 output 1 2 3 4 5 8 7 6 9 8 11 3 9 14
3 21 20 4 5 22 6 7 5 9 12 10 13 -1 8 11 14 15 16 17 18 19 23 24 25 26 27 28 29 30 31 32 33 34 35 36 37 38 39 40 41 42 43 44 45 46 47 48 49 50 51 52 53 54 55 56 57 58 59 60 61 62 63 64 65 66 67 68 69 70 71 72 73 74 75 76 77 78 79 80 81 82 83 84 85 86 87 88 89 90 91 92 93 94 95 96 97 98 99 100 output 1 4 5 7 8 5 10 11 12 13
3 4 5 6 7 5 8 9 10 7 5 11 12 10 13 14 7 5 11 16 10 13 13 -1 15 17 18 19 20 21 22 23 24 25 26 27 28 29 30 31 32 33 34 35 36 37 38 39 40 41 42 43 44 45 46 47 48 49 50 51 52 53 54 55 56 57 58 59 60 61 62 63 64 65 66 67 68 69 70 71 72 73 74 75 76 77 78 79 80 81 82 83 84 85 86 87 88 89 90 91 92 93 94 95 96 97 98 99 100 output 1 2 3 20 4 5 3 7 8 9 5 3 12 13 9 15 16 5 3 12 20 9 20 43 13 9 15 15
3 4 5 6 7 5 8 9 10 7 5 11 12 10 13 14 7 5 15 16 10 13 13 -1 17 18 19 20 21 22 23 24 25 26 27 28 29 30 31 32 33 34 35 36 37 38 39 40 41 42 43 44 45 46 47 48 49 50 51 52 53 54 55 56 57 58 59 60 61 62 63 64 65 66 67 68 69 70 71 72 73 74 75 76 77 78 79 80 81 82 83 84 85 86 87 88 89 90 91 92 93 94 95 96 97 98 99 100 output 1 2 3 4 5 3 8 13 9 20 12 3 9 20 7 19 9 15 25 26 27 28 29 28 20 30 30 31 32 33 34
3 4 5 6 7 5 8 9 10 5 11 16 10 13 17 18 19 20 16 22 23 24 25 26 -1 12 14 15 21 27 28 29 30 31 32 33 34 35 36 37 38 39 40 41 42 43 44 45 46 47 48 49 50 51 52 53 54 55 56 57 58 59 60 61 62 63 64 65 66 67 68 69 70 71 72 73 74 75 76 77 78 79 80 81 82 83 84 85 86 87 88 89 90 91 92 93 94 95 96 97 98 99 100 output 1 2 3 4 5 3 7 8 9 3 11 31 71 31 9 14
3 4 5 6 7 12 9 16 10 16 11 5 10 13 -1 8 14 15 17 18 19 20 21 22 23 24 25 26 27 28 29 30 31 32 33 34 35 36 37 38 39 40 41 42 43 44 45 46 47 48 49 50 51 52 53 54 55 56 57 58 59 60 61 62 63 64 65 66 67 68 69 70 71 72 73 74 75 76 77 78 79 80 81 82 83 84 85 86 87 88 89 90 91 92 93 94 95 96 97 98 99 100 output 1 2 3 4 5 6 7 3 9 3 11 8 9 14 19 20 43 22 8 24 25 26 27 28
3 4 5 6 7 5 8 9 10 5 11 12 10 13 -1 14 15 16 17 18 19 20 21 22 23 24 25 26 27 28 29 30 31 32 33 34 35 36 37 38 39 40 41 42 43 44 45 46 47 48 49 50 51 52 53 54 55 56 57 58 59 60 61 62 63 64 65 66 67 68 69 70 71 72 73 74 75 76 77 78 79 80 81 82 83 84 85 86 87 88 89 90 91 92 93 94 95 96 97 98 99 100 output 1 2 3 4 5 12 11 18 9 3 7 8 9 3 71 18 9 14
3 4 5 6 7 5 8 9 10 7 5 11 12 10 13 14 7 5 11 16 10 13 13 -1 15 17 18 19 20 21 22 23 24 25 26 27 28 29 30 31 32 33 34 35 36 37 38 39 40 41 42 43 44 45 46 47 48 49 50 51 52 53 54 55 56 57 58 59 60 61 62 63 64 65 66 67 68 69 70 71 72 73 74 75 76 77 78 79 80 81 82 83 84 85 86 87 88 89 90 91 92 93 94 95 96 97 98 99 100 output 1 2 30 29 3 31 4 5 3 7 8 9 3 12 20 9 20 25 13 9 15
3 4 5 6 7 5 8 9 10 7 5 11 12 10 13 14 7 5 15 16 10 13 13 -1 17 18 19 20 21 22 23 24 25 26 27 28 29 30 31 32 33 34 35 36 37 38 39 40 41 42 43 44 45 46 47 48 49 50 51 52 53 54 55 56 57 58 59 60 61 62 63 64 65 66 67 68 69 70 71 72 73 74 75 76 77 78 79 80 81 82 83 84 85 86 87 88 89 90 91 92 93 94 95 96 97 98 99 100 output 1 2 3 4 5 3 7 8 9 5 3 12 13 9 15 16 5 3 19 13 9 15 16 5 3 78 13 9 15 15
3 21 20 4 5 22 6 7 5 8 9 10 13 -1 11 12 14 15 16 17 18 19 23 24 25 26 27 28 29 30 31 32 33 34 35 36 37 38 39 40 41 42 43 44 45 46 47 48 49 50 51 52 53 54 55 56 57 58 59 60 61 62 63 64 65 66 67 68 69 70 71 72 73 74 75 76 77 78 79 80 81 82 83 84 85 86 87 88 89 90 91 92 93 94 95 96 97 98 99 100 output 1 4 5 7 8 5 10 16 12 5 11 19 12 13 20 21 41 3 19 6 23 24 25 26
3 4 5 6 7 12 9 16 10 16 11 5 10 13 -1 8 14 15 17 18 19 20 21 22 23 24 25 26 27 28 29 30 31 32 33 34 35 36 37 38 39 40 41 42 43 44 45 46 47 48 49 50 51 52 53 54 55 56 57 58 59 60 61 62 63 64 65 66 67 68 69 70 71 72 73 74 75 76 77 78 79 80 81 82 83 84 85 86 87 88 89 90 91 92 93 94 95 96 97 98 99 100 output 1 2 3 4 5 3 7 6 9 3 11 73 9 14
3 4 5 6 7 5 8 9 10 5 11 12 10 5 15 27 13 13 -1 14 16 17 18 19 20 21 22 23 24 25 26 28 29 30 31 32 33 34 35 36 37 38 39 40 41 42 43 44 45 46 47 48 49 50 51 52 53 54 55 56 57 58 59 60 61 62 63 64 65 66 67 68 69 70 71 72 73 74 75 76 77 78 79 80 81 82 83 84 85 86 87 88 89 90 91 92 93 94 95 96 97 98 99 100 output 1 2 3 4 5 5 3 7 8 9 3 11 12 9 17 20 5 3 7 16 9 17 17
3 4 5 6 7 5 8 9 10 5 11 12 10 13 -1 14 15 16 17 18 19 20 21 22 23 24 25 26 27 28 29 30 31 32 33 34 35 36 37 38 39 40 41 42 43 44 45 46 47 48 49 50 51 52 53 54 55 56 57 58 59 60 61 62 63 64 65 66 67 68 69 70 71 72 73 74 75 76 77 78 79 80 81 82 83 84 85 86 87 88 89 90 91 92 93 94 95 96 97 98 99 100 output 1 23 22 2 3 24 4 5 3 7 8 9 3 11 12 9 14
3 4 5 6 7 5 8 9 10 7 5 11 12 10 13 14 7 5 11 12 10 13 13 -1 15 16 17 18 19 20 21 22 23 24 25 26 27 28 29 30 31 32 33 34 35 36 37 38 39 40 41 42 43 44 45 46 47 48 49 50 51 52 53 54 55 56 57 58 59 60 61 62 63 64 65 66 67 68 69 70 71 72 73 74 75 76 77 78 79 80 81 82 83 84 85 86 87 88 89 90 91 92 93 94 95 96 97 98 99 100 output 1 2 3 4 5 3 7 8 9 3 12 26 9 26 7 13 9 3 25 50 9 15 27 28 29 30 50 32 33 34 35 36
3 4 5 6 7 5 8 9 10 7 5 11 12 10 13 14 7 5 15 16 10 16 34 12 10 13 13 -1 17 18 19 20 21 22 23 24 25 26 27 28 29 30 31 32 33 35 36 37 38 39 40 41 42 43 44 45 46 47 48 49 50 51 52 53 54 55 56 57 58 59 60 61 62 63 64 65 66 67 68 69 70 71 72 73 74 75 76 77 78 79 80 81 82 83 84 85 86 87 88 89 90 91 92 93 94 95 96 97 98 99 100 output 1 33 32 2 3 34 4 5 3 7 8 9 5 3 12 13 9 15 16 5 3 23 20 9 47 32 56 32 57 40 83 40 34 34 9 15 5 3 19 39 15 16 5 3 49 40 84 40 42 9 15 15
3 21 20 4 5 22 6 7 5 8 9 10 13 -1 11 12 14 15 16 17 18 19 23 24 25 26 27 28 29 30 31 32 33 34 35 36 37 38 39 40 41 42 43 44 45 46 47 48 49 50 51 52 53 54 55 56 57 58 59 60 61 62 63 64 65 66 67 68 69 70 71 72 73 74 75 76 77 78 79 80 81 82 83 84 85 86 87 88 89 90 91 92 93 94 95 96 97 98 99 100 output 1 4 5 7 8 19 11 5 12 13 20 21 22 3 2 3 4 19 6 6 23 24 25 26
3 4 5 6 7 5 8 9 10 7 5 11 12 10 13 14 7 5 15 16 10 13 13 -1 17 18 19 20 21 22 23 24 25 26 27 28 29 30 31 32 33 34 35 36 37 38 39 40 41 42 43 44 45 46 47 48 49 50 51 52 53 54 55 56 57 58 59 60 61 62 63 64 65 66 67 68 69 70 71 72 73 74 75 76 77 78 79 80 81 82 83 84 85 86 87 88 89 90 91 92 93 94 95 96 97 98 99 100 output 1 2 3 4 5 3 7 8 9 5 3 12 13 9 15 16 5 3 19 36 82 36 38 9 15 15
3 4 5 6 7 5 8 9 10 5 11 12 10 13 -1 14 15 16 17 18 19 20 21 22 23 24 25 26 27 28 29 30 31 32 33 34 35 36 37 38 39 40 41 42 43 44 45 46 47 48 49 50 51 52 53 54 55 56 57 58 59 60 61 62 63 64 65 66 67 68 69 70 71 72 73 74 75 76 77 78 79 80 81 82 83 84 85 86 87 88 89 90 91 92 93 94 95 96 97 98 99 100 output 1 2 3 4 5 3 7 8 12 11 18 9 3 11 18 9 14
3 4 5 6 7 5 8 9 10 7 5 11 12 10 13 14 7 5 11 16 10 16 34 12 10 13 13 -1 15 17 18 19 20 21 22 23 24 25 26 27 28 29 30 31 32 33 35 36 37 38 39 40 41 42 43 44 45 46 47 48 49 50 51 52 53 54 55 56 57 58 59 60 61 62 63 64 65 66 67 68 69 70 71 72 73 74 75 76 77 78 79 80 81 82 83 84 85 86 87 88 89 90 91 92 93 94 95 96 97 98 99 100 output 1 2 3 4 5 20 7 8 9 20 12 13 9 20 29 40 9 20 23 3 9 3 7 50 9 15
3 4 5 6 7 5 8 9 10 5 11 12 10 5 15 27 13 13 -1 14 16 17 18 19 20 21 22 23 24 25 26 28 29 30 31 32 33 34 35 36 37 38 39 40 41 42 43 44 45 46 47 48 49 50 51 52 53 54 55 56 57 58 59 60 61 62 63 64 65 66 67 68 69 70 71 72 73 74 75 76 77 78 79 80 81 82 83 84 85 86 87 88 89 90 91 92 93 94 95 96 97 98 99 100 output 1 2 3 4 5 3 7 8 9 3 11 12 9 3 11 16 17
3 4 5 6 7 5 8 9 10 5 11 12 10 5 15 16 10 13 -1 14 17 18 19 20 21 22 23 24 25 26 27 28 29 30 31 32 33 34 35 36 37 38 39 40 41 42 43 44 45 46 47 48 49 50 51 52 53 54 55 56 57 58 59 60 61 62 63 64 65 66 67 68 69 70 71 72 73 74 75 76 77 78 79 80 81 82 83 84 85 86 87 88 89 90 91 92 93 94 95 96 97 98 99 100 output 1 3 4 5 16 7 8 9 16 11 3 9 3 7 12 9 18 21 22 23 24 25 24 2 16 26 26 27 28 29 30
3 4 5 6 7 5 8 9 10 7 5 11 12 10 13 14 7 5 11 12 10 13 13 -1 15 16 17 18 19 20 21 22 23 24 25 26 27 28 29 30 31 32 33 34 35 36 37 38 39 40 41 42 43 44 45 46 47 48 49 50 51 52 53 54 55 56 57 58 59 60 61 62 63 64 65 66 67 68 69 70 71 72 73 74 75 76 77 78 79 80 81 82 83 84 85 86 87 88 89 90 91 92 93 94 95 96 97 98 99 100 output 1 2 3 4 5 3 7 8 9 5 3 12 38 85 86 87 38 9 15 16 5 3 25 13 9 15 15
3 4 5 6 7 5 8 9 10 7 5 11 12 10 13 14 7 5 15 16 10 13 13 -1 17 18 19 20 21 22 23 24 25 26 27 28 29 30 31 32 33 34 35 36 37 38 39 40 41 42 43 44 45 46 47 48 49 50 51 52 53 54 55 56 57 58 59 60 61 62 63 64 65 66 67 68 69 70 71 72 73 74 75 76 77 78 79 80 81 82 83 84 85 86 87 88 89 90 91 92 93 94 95 96 97 98 99 100 output 1 2 3 4 5 20 7 8 9 20 12 13 9 20 19 3 9 15
3 21 20 4 5 22 6 7 5 8 12 10 13 -1 9 11 14 15 16 17 18 19 23 24 25 26 27 28 29 30 31 32 33 34 35 36 37 38 39 40 41 42 43 44 45 46 47 48 49 50 51 52 53 54 55 56 57 58 59 60 61 62 63 64 65 66 67 68 69 70 71 72 73 74 75 76 77 78 79 80 81 82 83 84 85 86 87 88 89 90 91 92 93 94 95 96 97 98 99 100 output 1 4 5 7 8 5 10 78 12 5 79 28 80 28 30 12 13
3 4 5 6 7 12 9 5 10 13 -1 8 11 14 15 16 17 18 19 20 21 22 23 24 25 26 27 28 29 30 31 32 33 34 35 36 37 38 39 40 41 42 43 44 45 46 47 48 49 50 51 52 53 54 55 56 57 58 59 60 61 62 63 64 65 66 67 68 69 70 71 72 73 74 75 76 77 78 79 80 81 82 83 84 85 86 87 88 89 90 91 92 93 94 95 96 97 98 99 100 output 1 21 20 2 3 22 4 5 6 7 3 9 10
3 4 5 6 7 5 8 9 10 5 11 12 10 5 15 27 10 13 -1 14 16 17 18 19 20 21 22 23 24 25 26 28 29 30 31 32 33 34 35 36 37 38 39 40 41 42 43 44 45 46 47 48 49 50 51 52 53 54 55 56 57 58 59 60 61 62 63 64 65 66 67 68 69 70 71 72 73 74 75 76 77 78 79 80 81 82 83 84 85 86 87 88 89 90 91 92 93 94 95 96 97 98 99 100 output 1 2 3 4 5 3 8 12 9 3 7 11 9 3 8 16 9 18
3 21 20 4 5 22 6 7 5 8 9 10 13 -1 11 12 14 15 16 17 18 19 23 24 25 26 27 28 29 30 31 32 33 34 35 36 37 38 39 40 41 42 43 44 45 46 47 48 49 50 51 52 53 54 55 56 57 58 59 60 61 62 63 64 65 66 67 68 69 70 71 72 73 74 75 76 77 78 79 80 81 82 83 84 85 86 87 88 89 90 91 92 93 94 95 96 97 98 99 100 output 31 7 8 5 10 11 12 5 69 28 81 82 28 30 12 13
3 21 20 4 5 22 6 7 5 8 9 10 16 11 16 10 13 -1 12 14 15 17 18 19 23 24 25 26 27 28 29 30 31 32 33 34 35 36 37 38 39 40 41 42 43 44 45 46 47 48 49 50 51 52 53 54 55 56 57 58 59 60 61 62 63 64 65 66 67 68 69 70 71 72 73 74 75 76 77 78 79 80 81 82 83 84 85 86 87 88 89 90 91 92 93 94 95 96 97 98 99 100 output 1 4 5 7 8 13 10 11 12 13 14 5 12 17 22 23 24 3 2 3 13 6 6 25 26 27 28
3 4 5 6 7 12 9 5 10 5 11 27 10 13 -1 8 14 15 16 17 18 19 20 21 22 23 24 25 26 28 29 30 31 32 33 34 35 36 37 38 39 40 41 42 43 44 45 46 47 48 49 50 51 52 53 54 55 56 57 58 59 60 61 62 63 64 65 66 67 68 69 70 71 72 73 74 75 76 77 78 79 80 81 82 83 84 85 86 87 88 89 90 91 92 93 94 95 96 97 98 99 100 output 1 2 3 4 5 3 7 6 9 3 11 12 9 14
3 21 20 4 5 22 6 7 5 8 12 10 13 -1 9 11 14 15 16 17 18 19 23 24 25 26 27 28 29 30 31 32 33 34 35 36 37 38 39 40 41 42 43 44 45 46 47 48 49 50 51 52 53 54 55 56 57 58 59 60 61 62 63 64 65 66 67 68 69 70 71 72 73 74 75 76 77 78 79 80 81 82 83 84 85 86 87 88 89 90 91 92 93 94 95 96 97 98 99 100 output 1 4 5 7 8 5 10 11 12 13
3 4 5 6 7 5 8 9 10 5 11 12 10 13 -1 14 15 16 17 18 19 20 21 22 23 24 25 26 27 28 29 30 31 32 33 34 35 36 37 38 39 40 41 42 43 44 45 46 47 48 49 50 51 52 53 54 55 56 57 58 59 60 61 62 63 64 65 66 67 68 69 70 71 72 73 74 75 76 77 78 79 80 81 82 83 84 85 86 87 88 89 90 91 92 93 94 95 96 97 98 99 100 output 33 4 5 12 8 3 9 3 7 11 9 14
3 4 5 6 7 12 9 5 10 13 -1 8 11 14 15 16 17 18 19 20 21 22 23 24 25 26 27 28 29 30 31 32 33 34 35 36 37 38 39 40 41 42 43 44 45 46 47 48 49 50 51 52 53 54 55 56 57 58 59 60 61 62 63 64 65 66 67 68 69 70 71 72 73 74 75 76 77 78 79 80 81 82 83 84 85 86 87 88 89 90 91 92 93 94 95 96 97 98 99 100 output 1 2 3 4 5 3 7 6 9 10
3 4 5 6 7 5 8 9 10 5 11 12 10 13 -1 14 15 16 17 18 19 20 21 22 23 24 25 26 27 28 29 30 31 32 33 34 35 36 37 38 39 40 41 42 43 44 45 46 47 48 49 50 51 52 53 54 55 56 57 58 59 60 61 62 63 64 65 66 67 68 69 70 71 72 73 74 75 76 77 78 79 80 81 82 83 84 85 86 87 88 89 90 91 92 93 94 95 96 97 98 99 100 output 33 4 5 3 8 12 9 3 7 11 9 14
3 4 5 6 7 12 9 5 10 13 -1 8 11 14 15 16 17 18 19 20 21 22 23 24 25 26 27 28 29 30 31 32 33 34 35 36 37 38 39 40 41 42 43 44 45 46 47 48 49 50 51 52 53 54 55 56 57 58 59 60 61 62 63 64 65 66 67 68 69 70 71 72 73 74 75 76 77 78 79 80 81 82 83 84 85 86 87 88 89 90 91 92 93 94 95 96 97 98 99 100 output 31 4 5 6 7 3 9 10
3 4 5 6 7 5 8 9 10 7 5 11 12 10 13 14 7 5 11 12 10 13 13 -1 15 16 17 18 19 20 21 22 23 24 25 26 27 28 29 30 31 32 33 34 35 36 37 38 39 40 41 42 43 44 45 46 47 48 49 50 51 52 53 54 55 56 57 58 59 60 61 62 63 64 65 66 67 68 69 70 71 72 73 74 75 76 77 78 79 80 81 82 83 84 85 86 87 88 89 90 91 92 93 94 95 96 97 98 99 100 output 1 2 3 4 5 3 7 8 9 5 3 25 13 9 15 16 5 3 12 13 9 15 15
3 21 20 4 5 22 6 7 5 9 12 10 13 -1 8 11 14 15 16 17 18 19 23 24 25 26 27 28 29 30 31 32 33 34 35 36 37 38 39 40 41 42 43 44 45 46 47 48 49 50 51 52 53 54 55 56 57 58 59 60 61 62 63 64 65 66 67 68 69 70 71 72 73 74 75 76 77 78 79 80 81 82 83 84 85 86 87 88 89 90 91 92 93 94 95 96 97 98 99 100 output 1 2 3 4 5 6 7 8 11 10 5 12 13
3 4 5 6 7 12 9 5 10 16 11 5 10 13 -1 8 14 15 17 18 19 20 21 22 23 24 25 26 27 28 29 30 31 32 33 34 35 36 37 38 39 40 41 42 43 44 45 46 47 48 49 50 51 52 53 54 55 56 57 58 59 60 61 62 63 64 65 66 67 68 69 70 71 72 73 74 75 76 77 78 79 80 81 82 83 84 85 86 87 88 89 90 91 92 93 94 95 96 97 98 99 100 output 33 4 5 6 7 3 9 29 7 10 9 38 22 3 44 10 24 14
3 4 5 6 7 12 9 16 10 16 11 5 10 13 -1 8 14 15 17 18 19 20 21 22 23 24 25 26 27 28 29 30 31 32 33 34 35 36 37 38 39 40 41 42 43 44 45 46 47 48 49 50 51 52 53 54 55 56 57 58 59 60 61 62 63 64 65 66 67 68 69 70 71 72 73 74 75 76 77 78 79 80 81 82 83 84 85 86 87 88 89 90 91 92 93 94 95 96 97 98 99 100 output 1 2 3 4 5 3 7 6 9 3 11 8 9 14 19 20 21 22 8 24 25 26 27 28
3 4 5 6 7 5 8 9 10 7 5 11 12 10 13 14 7 5 11 16 10 16 34 16 10 13 13 -1 15 17 18 19 20 21 22 23 24 25 26 27 28 29 30 31 32 33 35 36 37 38 39 40 41 42 43 44 45 46 47 48 49 50 51 52 53 54 55 56 57 58 59 60 61 62 63 64 65 66 67 68 69 70 71 72 73 74 75 76 77 78 79 80 81 82 83 84 85 86 87 88 89 90 91 92 93 94 95 96 97 98 99 100 output 1 2 3 4 5 13 8 20 9 3 7 12 9 5 3 8 52 9 15 16 5 3 23 52 9 15 48 33 52 54 20 35 9 15
3 4 5 6 7 5 9 12 10 7 5 11 27 10 13 14 7 5 11 16 10 16 34 27 10 13 13 -1 8 15 17 18 19 20 21 22 23 24 25 26 28 29 30 31 32 33 35 36 37 38 39 40 41 42 43 44 45 46 47 48 49 50 51 52 53 54 55 56 57 58 59 60 61 62 63 64 65 66 67 68 69 70 71 72 73 74 75 76 77 78 79 80 81 82 83 84 85 86 87 88 89 90 91 92 93 94 95 96 97 98 99 100 output 1 2 3 4 5 3 7 8 9 5 3 12 13 9 15 16 5 3 30 20 9 20 23 13 9 15 15
3 4 5 6 7 5 8 9 10 5 11 16 10 13 17 18 19 20 16 22 23 24 25 26 -1 12 14 15 21 27 28 29 30 31 32 33 34 35 36 37 38 39 40 41 42 43 44 45 46 47 48 49 50 51 52 53 54 55 56 57 58 59 60 61 62 63 64 65 66 67 68 69 70 71 72 73 74 75 76 77 78 79 80 81 82 83 84 85 86 87 88 89 90 91 92 93 94 95 96 97 98 99 100 output 1 2 3 4 5 3 7 8 9 3 11 12 9 39 18 12 66 86 20 14
3 4 5 6 7 5 8 9 10 5 11 12 10 13 -1 14 15 16 17 18 19 20 21 22 23 24 25 26 27 28 29 30 31 32 33 34 35 36 37 38 39 40 41 42 43 44 45 46 47 48 49 50 51 52 53 54 55 56 57 58 59 60 61 62 63 64 65 66 67 68 69 70 71 72 73 74 75 76 77 78 79 80 81 82 83 84 85 86 87 88 89 90 91 92 93 94 95 96 97 98 99 100 output 1 2 3 4 5 3 7 8 9 3 11 12 9 3 17 18 9 14 19 20 21 22 18 24 25 26 27 28
3 4 5 6 7 12 9 5 10 13 -1 8 11 14 15 16 17 18 19 20 21 22 23 24 25 26 27 28 29 30 31 32 33 34 35 36 37 38 39 40 41 42 43 44 45 46 47 48 49 50 51 52 53 54 55 56 57 58 59 60 61 62 63 64 65 66 67 68 69 70 71 72 73 74 75 76 77 78 79 80 81 82 83 84 85 86 87 88 89 90 91 92 93 94 95 96 97 98 99 100 output 31 4 5 6 7 27 9 10
3 4 5 6 7 5 9 12 10 7 5 11 27 10 13 14 7 5 11 16 10 16 34 27 10 13 13 -1 8 15 17 18 19 20 21 22 23 24 25 26 28 29 30 31 32 33 35 36 37 38 39 40 41 42 43 44 45 46 47 48 49 50 51 52 53 54 55 56 57 58 59 60 61 62 63 64 65 66 67 68 69 70 71 72 73 74 75 76 77 78 79 80 81 82 83 84 85 86 87 88 89 90 91 92 93 94 95 96 97 98 99 100 output 1 2 3 4 5 3 7 8 9 5 3 12 13 9 15 16 5 3 30 20 9 20 23 13 9 15 15
3 4 5 6 7 5 8 9 10 5 11 16 10 13 17 18 19 20 16 22 23 24 25 26 -1 12 14 15 21 27 28 29 30 31 32 33 34 35 36 37 38 39 40 41 42 43 44 45 46 47 48 49 50 51 52 53 54 55 56 57 58 59 60 61 62 63 64 65 66 67 68 69 70 71 72 73 74 75 76 77 78 79 80 81 82 83 84 85 86 87 88 89 90 91 92 93 94 95 96 97 98 99 100 output 1 2 3 4 5 3 7 8 9 3 11 12 9 14 87 16 3 88 18 29 18 12 20 45 89 20
3 4 5 6 7 12 9 5 10 13 -1 8 11 14 15 16 17 18 19 20 21 22 23 24 25 26 27 28 29 30 31 32 33 34 35 36 37 38 39 40 41 42 43 44 45 46 47 48 49 50 51 52 53 54 55 56 57 58 59 60 61 62 63 64 65 66 67 68 69 70 71 72 73 74 75 76 77 78 79 80 81 82 83 84 85 86 87 88 89 90 91 92 93 94 95 96 97 98 99 100 output 31 4 5 6 7 27 9 10
3 4 5 6 7 5 8 9 10 5 11 16 10 13 17 18 19 20 16 22 23 24 25 26 -1 12 14 15 21 27 28 29 30 31 32 33 34 35 36 37 38 39 40 41 42 43 44 45 46 47 48 49 50 51 52 53 54 55 56 57 58 59 60 61 62 63 64 65 66 67 68 69 70 71 72 73 74 75 76 77 78 79 80 81 82 83 84 85 86 87 88 89 90 91 92 93 94 95 96 97 98 99 100 output 1 2 3 4 5 3 7 8 9 3 11 12 9 14 15 16 17 18 29 18 12 20 20 21 22 23 24
3 4 5 6 7 12 9 5 10 13 -1 8 11 14 15 16 17 18 19 20 21 22 23 24 25 26 27 28 29 30 31 32 33 34 35 36 37 38 39 40 41 42 43 44 45 46 47 48 49 50 51 52 53 54 55 56 57 58 59 60 61 62 63 64 65 66 67 68 69 70 71 72 73 74 75 76 77 78 79 80 81 82 83 84 85 86 87 88 89 90 91 92 93 94 95 96 97 98 99 100 output 1 2 3 4 5 16 12 6 9 16 7 3 9 10
3 4 5 6 7 5 8 9 10 5 11 12 10 13 -1 14 15 16 17 18 19 20 21 22 23 24 25 26 27 28 29 30 31 32 33 34 35 36 37 38 39 40 41 42 43 44 45 46 47 48 49 50 51 52 53 54 55 56 57 58 59 60 61 62 63 64 65 66 67 68 69 70 71 72 73 74 75 76 77 78 79 80 81 82 83 84 85 86 87 88 89 90 91 92 93 94 95 96 97 98 99 100 output 1 2 3 4 5 12 8 18 9 3 7 89 9 3 8 18 9 38 22 3 69 12 24 14
3 4 5 6 7 12 9 5 10 13 -1 8 11 14 15 16 17 18 19 20 21 22 23 24 25 26 27 28 29 30 31 32 33 34 35 36 37 38 39 40 41 42 43 44 45 46 47 48 49 50 51 52 53 54 55 56 57 58 59 60 61 62 63 64 65 66 67 68 69 70 71 72 73 74 75 76 77 78 79 80 81 82 83 84 85 86 87 88 89 90 91 92 93 94 95 96 97 98 99 100 output 31 4 5 6 7 27 9 10
3 4 5 6 7 5 8 9 10 7 5 11 12 10 13 14 7 5 15 27 10 13 13 -1 16 17 18 19 20 21 22 23 24 25 26 28 29 30 31 32 33 34 35 36 37 38 39 40 41 42 43 44 45 46 47 48 49 50 51 52 53 54 55 56 57 58 59 60 61 62 63 64 65 66 67 68 69 70 71 72 73 74 75 76 77 78 79 80 81 82 83 84 85 86 87 88 89 90 91 92 93 94 95 96 97 98 99 100 output 1 2 3 4 5 3 7 8 9 3 12 13 9 3 19 20 9 15
3 4 5 6 7 12 9 5 10 13 -1 8 11 14 15 16 17 18 19 20 21 22 23 24 25 26 27 28 29 30 31 32 33 34 35 36 37 38 39 40 41 42 43 44 45 46 47 48 49 50 51 52 53 54 55 56 57 58 59 60 61 62 63 64 65 66 67 68 69 70 71 72 73 74 75 76 77 78 79 80 81 82 83 84 85 86 87 88 89 90 91 92 93 94 95 96 97 98 99 100 output 1 2 3 4 5 3 12 6 9 3 12 27 9 10
3 21 20 4 5 22 6 7 5 8 9 10 13 -1 11 12 14 15 16 17 18 19 23 24 25 26 27 28 29 30 31 32 33 34 35 36 37 38 39 40 41 42 43 44 45 46 47 48 49 50 51 52 53 54 55 56 57 58 59 60 61 62 63 64 65 66 67 68 69 70 71 72 73 74 75 76 77 78 79 80 81 82 83 84 85 86 87 88 89 90 91 92 93 94 95 96 97 98 99 100 output 1 4 5 7 8 19 11 5 12 19 69 28 88 89 28 30 12 13
3 4 5 6 7 5 9 12 10 16 11 5 10 16 8 15 10 13 17 18 19 20 21 20 16 22 22 23 24 25 26 -1 14 27 28 29 30 31 32 33 34 35 36 37 38 39 40 41 42 43 44 45 46 47 48 49 50 51 52 53 54 55 56 57 58 59 60 61 62 63 64 65 66 67 68 69 70 71 72 73 74 75 76 77 78 79 80 81 82 83 84 85 86 87 88 89 90 91 92 93 94 95 96 97 98 99 100 output 1 2 3 4 5 3 15 7 9 5 3 11 10 9 18 33 5 3 16 10 9 18 18 19 20 21 22 10 26 28 29 30 31
3 4 5 6 7 12 9 16 10 16 11 5 10 13 -1 8 14 15 17 18 19 20 21 22 23 24 25 26 27 28 29 30 31 32 33 34 35 36 37 38 39 40 41 42 43 44 45 46 47 48 49 50 51 52 53 54 55 56 57 58 59 60 61 62 63 64 65 66 67 68 69 70 71 72 73 74 75 76 77 78 79 80 81 82 83 84 85 86 87 88 89 90 91 92 93 94 95 96 97 98 99 100 output 33 4 5 6 7 3 9 29 7 8 9 38 22 3 65 8 24 14
3 4 5 6 7 5 8 9 10 5 11 16 10 13 17 18 19 20 16 22 23 24 25 26 -1 12 14 15 21 27 28 29 30 31 32 33 34 35 36 37 38 39 40 41 42 43 44 45 46 47 48 49 50 51 52 53 54 55 56 57 58 59 60 61 62 63 64 65 66 67 68 69 70 71 72 73 74 75 76 77 78 79 80 81 82 83 84 85 86 87 88 89 90 91 92 93 94 95 96 97 98 99 100 output 1 2 3 4 5 3 7 8 9 3 11 12 9 39 18 12 45 93 20 9 14
3 4 5 6 7 5 8 9 10 5 11 12 10 5 15 16 10 13 17 18 19 20 16 22 23 24 25 26 -1 14 21 27 28 29 30 31 32 33 34 35 36 37 38 39 40 41 42 43 44 45 46 47 48 49 50 51 52 53 54 55 56 57 58 59 60 61 62 63 64 65 66 67 68 69 70 71 72 73 74 75 76 77 78 79 80 81 82 83 84 85 86 87 88 89 90 91 92 93 94 95 96 97 98 99 100 output 1 2 3 4 5 3 7 8 9 3 11 12 9 3 15 16 9 41 22 96 22 16 24 61 97 24 18
3 4 5 6 7 12 9 5 10 5 11 27 10 13 -1 8 14 15 16 17 18 19 20 21 22 23 24 25 26 28 29 30 31 32 33 34 35 36 37 38 39 40 41 42 43 44 45 46 47 48 49 50 51 52 53 54 55 56 57 58 59 60 61 62 63 64 65 66 67 68 69 70 71 72 73 74 75 76 77 78 79 80 81 82 83 84 85 86 87 88 89 90 91 92 93 94 95 96 97 98 99 100 output 1 2 3 4 5 3 7 6 9 3 11 12 9 14
3 4 5 6 7 12 9 5 10 13 -1 8 11 14 15 16 17 18 19 20 21 22 23 24 25 26 27 28 29 30 31 32 33 34 35 36 37 38 39 40 41 42 43 44 45 46 47 48 49 50 51 52 53 54 55 56 57 58 59 60 61 62 63 64 65 66 67 68 69 70 71 72 73 74 75 76 77 78 79 80 81 82 83 84 85 86 87 88 89 90 91 92 93 94 95 96 97 98 99 100 output 1 21 20 2 3 22 4 5 3 7 6 9 10
3 4 5 6 7 5 8 9 10 5 11 12 10 13 -1 14 15 16 17 18 19 20 21 22 23 24 25 26 27 28 29 30 31 32 33 34 35 36 37 38 39 40 41 42 43 44 45 46 47 48 49 50 51 52 53 54 55 56 57 58 59 60 61 62 63 64 65 66 67 68 69 70 71 72 73 74 75 76 77 78 79 80 81 82 83 84 85 86 87 88 89 90 91 92 93 94 95 96 97 98 99 100 output 1 2 3 4 5 12 8 3 9 3 7 11 9 14
3 4 5 6 7 12 9 5 10 13 -1 8 11 14 15 16 17 18 19 20 21 22 23 24 25 26 27 28 29 30 31 32 33 34 35 36 37 38 39 40 41 42 43 44 45 46 47 48 49 50 51 52 53 54 55 56 57 58 59 60 61 62 63 64 65 66 67 68 69 70 71 72 73 74 75 76 77 78 79 80 81 82 83 84 85 86 87 88 89 90 91 92 93 94 95 96 97 98 99 100 output 1 21 20 2 3 22 4 5 6 7 3 9 10
3 4 5 6 7 12 9 16 10 16 11 5 10 13 -1 8 14 15 17 18 19 20 21 22 23 24 25 26 27 28 29 30 31 32 33 34 35 36 37 38 39 40 41 42 43 44 45 46 47 48 49 50 51 52 53 54 55 56 57 58 59 60 61 62 63 64 65 66 67 68 69 70 71 72 73 74 75 76 77 78 79 80 81 82 83 84 85 86 87 88 89 90 91 92 93 94 95 96 97 98 99 100 output 1 2 3 4 5 3 7 6 9 3 11 28 9 14
3 4 5 6 7 5 8 9 10 7 5 11 16 10 13 14 7 5 15 16 10 16 34 16 10 13 13 -1 12 17 18 19 20 21 22 23 24 25 26 27 28 29 30 31 32 33 35 36 37 38 39 40 41 42 43 44 45 46 47 48 49 50 51 52 53 54 55 56 57 58 59 60 61 62 63 64 65 66 67 68 69 70 71 72 73 74 75 76 77 78 79 80 81 82 83 84 85 86 87 88 89 90 91 92 93 94 95 96 97 98 99 100 output 1 2 3 4 5 3 7 8 9 13 7 12 9 5 13 19 3 9 15 16 5 13 19 52 9 52 50 3 9 15 15 96 31 3 97 33 34 33 13 35 54 105 35
3 4 5 6 7 5 8 9 10 7 5 11 12 10 13 14 7 5 11 12 10 13 13 -1 15 16 17 18 19 20 21 22 23 24 25 26 27 28 29 30 31 32 33 34 35 36 37 38 39 40 41 42 43 44 45 46 47 48 49 50 51 52 53 54 55 56 57 58 59 60 61 62 63 64 65 66 67 68 69 70 71 72 73 74 75 76 77 78 79 80 81 82 83 84 85 86 87 88 89 90 91 92 93 94 95 96 97 98 99 100 output 1 2 3 4 5 3 7 8 9 5 3 12 13 9 15 16 5 3 12 37 9 15 15
3 21 20 4 5 22 6 7 5 8 12 10 13 -1 9 11 14 15 16 17 18 19 23 24 25 26 27 28 29 30 31 32 33 34 35 36 37 38 39 40 41 42 43 44 45 46 47 48 49 50 51 52 53 54 55 56 57 58 59 60 61 62 63 64 65 66 67 68 69 70 71 72 73 74 75 76 77 78 79 80 81 82 83 84 85 86 87 88 89 90 91 92 93 94 95 96 97 98 99 100 output 1 4 5 7 8 5 10 11 12 5 15 19 12 13 20 21 22 3 19 6 23 24 25 26
3 4 5 6 7 5 8 9 10 5 11 12 10 5 15 16 10 13 17 18 19 20 16 22 23 24 25 26 -1 14 21 27 28 29 30 31 32 33 34 35 36 37 38 39 40 41 42 43 44 45 46 47 48 49 50 51 52 53 54 55 56 57 58 59 60 61 62 63 64 65 66 67 68 69 70 71 72 73 74 75 76 77 78 79 80 81 82 83 84 85 86 87 88 89 90 91 92 93 94 95 96 97 98 99 100 output 1 2 3 4 5 3 7 8 9 3 11 12 9 3 15 16 9 41 22 16 61 33 99 33 100 71 16 101 33 102 33 100 24 18
3 4 5 6 7 12 9 5 10 13 -1 8 11 14 15 16 17 18 19 20 21 22 23 24 25 26 27 28 29 30 31 32 33 34 35 36 37 38 39 40 41 42 43 44 45 46 47 48 49 50 51 52 53 54 55 56 57 58 59 60 61 62 63 64 65 66 67 68 69 70 71 72 73 74 75 76 77 78 79 80 81 82 83 84 85 86 87 88 89 90 91 92 93 94 95 96 97 98 99 100 output 31 4 5 6 7 28 98 28 30 9 10
3 4 5 6 7 12 9 5 10 13 -1 8 11 14 15 16 17 18 19 20 21 22 23 24 25 26 27 28 29 30 31 32 33 34 35 36 37 38 39 40 41 42 43 44 45 46 47 48 49 50 51 52 53 54 55 56 57 58 59 60 61 62 63 64 65 66 67 68 69 70 71 72 73 74 75 76 77 78 79 80 81 82 83 84 85 86 87 88 89 90 91 92 93 94 95 96 97 98 99 100 output 31 4 5 6 7 3 9 3 69 16 9 36 20 45 20 46 28 99 28 22 22 10
3 4 5 6 7 5 8 9 10 5 11 12 10 13 -1 14 15 16 17 18 19 20 21 22 23 24 25 26 27 28 29 30 31 32 33 34 35 36 37 38 39 40 41 42 43 44 45 46 47 48 49 50 51 52 53 54 55 56 57 58 59 60 61 62 63 64 65 66 67 68 69 70 71 72 73 74 75 76 77 78 79 80 81 82 83 84 85 86 87 88 89 90 91 92 93 94 95 96 97 98 99 100 output 1 2 3 4 5 3 7 8 9 3 11 12 9 3 17 18 9 38 22 18 44 102 24 14
3 4 5 6 7 5 8 9 10 16 8 11 10 16 15 16 10 16 34 12 10 13 -1 14 17 18 19 20 21 22 23 24 25 26 27 28 29 30 31 32 33 35 36 37 38 39 40 41 42 43 44 45 46 47 48 49 50 51 52 53 54 55 56 57 58 59 60 61 62 63 64 65 66 67 68 69 70 71 72 73 74 75 76 77 78 79 80 81 82 83 84 85 86 87 88 89 90 91 92 93 94 95 96 97 98 99 100 output 1 2 3 4 5 3 7 8 9 10 7 12 9 3 15 10 9 10 19 20 9 22
3 4 5 6 7 5 8 9 10 5 11 12 10 5 15 16 10 13 17 18 19 20 16 22 23 24 25 26 -1 14 21 27 28 29 30 31 32 33 34 35 36 37 38 39 40 41 42 43 44 45 46 47 48 49 50 51 52 53 54 55 56 57 58 59 60 61 62 63 64 65 66 67 68 69 70 71 72 73 74 75 76 77 78 79 80 81 82 83 84 85 86 87 88 89 90 91 92 93 94 95 96 97 98 99 100 output 1 2 3 4 5 3 8 16 9 16 11 12 9 3 15 45 9 18 19 20 21 22 45 24 25 26 27 28
3 4 5 6 7 12 9 5 10 13 -1 8 11 14 15 16 17 18 19 20 21 22 23 24 25 26 27 28 29 30 31 32 33 34 35 36 37 38 39 40 41 42 43 44 45 46 47 48 49 50 51 52 53 54 55 56 57 58 59 60 61 62 63 64 65 66 67 68 69 70 71 72 73 74 75 76 77 78 79 80 81 82 83 84 85 86 87 88 89 90 91 92 93 94 95 96 97 98 99 100 output 1 2 3 4 5 3 7 6 9 10
3 4 5 6 7 12 9 5 10 5 11 27 10 13 -1 8 14 15 16 17 18 19 20 21 22 23 24 25 26 28 29 30 31 32 33 34 35 36 37 38 39 40 41 42 43 44 45 46 47 48 49 50 51 52 53 54 55 56 57 58 59 60 61 62 63 64 65 66 67 68 69 70 71 72 73 74 75 76 77 78 79 80 81 82 83 84 85 86 87 88 89 90 91 92 93 94 95 96 97 98 99 100 output 1 2 24 23 3 25 4 5 3 7 6 9 3 11 12 9 14
