3 4 5 6 7 15 8 9 10 27 -1 11 12 13 14 16 17 18 19 20 21 22 23 24 25 26 28 29 30 31 32 33 34 output 1 2 3 4 5 8 7 6 15 6 16 3 15 9
3 16 7 7 9 8 15 14 15 5 14 15 17 18 10 -1 4 6 11 12 13 19 20 21 22 23 24 25 26 27 28 29 30 31 32 33 34 output 1 17 10 18 3 7 6 5 8 7 2 10 8 7 13 14 15
3 4 5 6 7 15 8 9 14 15 16 5 14 10 -1 11 12 13 17 18 19 20 21 22 23 24 25 26 27 28 29 30 31 32 33 34 output 1 2 16 17 3 18 4 5 6 7 8 9 6 7 3 14
3 16 6 7 9 8 5 14 17 16 5 14 10 -1 4 11 12 13 15 18 19 20 21 22 23 24 25 26 27 28 29 30 31 32 33 34 output 1 15 7 3 4 5 6 7 8 9 2 7 8 13
19 6 7 9 8 20 10 -1 3 4 5 11 12 13 14 15 16 17 18 21 22 23 24 25 26 27 28 29 30 31 32 33 34 output 1 2 3 4 5 33 7
3 16 7 7 5 8 9 14 5 16 17 14 5 22 18 10 -1 4 6 11 12 13 15 19 20 21 23 24 25 26 27 28 29 30 31 32 33 34 output 1 18 5 19 3 5 6 7 8 5 2 11 8 5 14 15 16
3 4 5 6 7 15 8 9 14 15 16 5 14 10 -1 11 12 13 17 18 19 20 21 22 23 24 25 26 27 28 29 30 31 32 33 34 output 1 2 3 4 5 6 7 8 9 3 11 6 9 14
3 4 5 6 7 15 8 9 14 5 16 15 14 10 -1 11 12 13 17 18 19 20 21 22 23 24 25 26 27 28 29 30 31 32 33 34 output 1 2 3 4 5 8 7 6 9 6 11 3 9 14
3 4 5 6 7 9 8 5 10 -1 11 12 13 14 15 16 17 18 19 20 21 22 23 24 25 26 27 28 29 30 31 32 33 34 output 1 2 3 4 5 3 7 6 14 9
3 4 5 6 7 15 8 9 10 26 8 20 20 -1 11 12 13 14 16 17 18 19 21 22 23 24 25 27 28 29 30 31 32 33 34 output 1 2 3 4 5 6 7 8 18 6 7 3 18 9
3 6 6 7 9 9 17 10 -1 4 5 8 11 12 13 14 15 16 18 19 20 21 22 23 24 25 26 27 28 29 30 31 32 33 34 output 1 10 11 2 4 5 12 11 8
3 6 6 7 9 8 5 14 17 16 5 10 -1 4 11 12 13 15 18 19 20 21 22 23 24 25 26 27 28 29 30 31 32 33 34 output 1 14 7 2 4 5 6 7 8 9 10 7 12
3 4 5 6 7 5 8 9 14 5 16 17 14 10 -1 11 12 13 15 18 19 20 21 22 23 24 25 26 27 28 29 30 31 32 33 34 output 1 2 3 4 5 8 7 3 9 12 11 3 14
3 4 6 6 7 9 8 5 10 -1 11 12 13 14 15 16 17 18 19 20 21 22 23 24 25 26 27 28 29 30 31 32 33 34 output 1 2 11 12 8 13 3 5 6 7 8 14 9
3 17 6 7 9 8 17 10 -1 4 5 11 12 13 14 15 16 18 19 20 21 22 23 24 25 26 27 28 29 30 31 32 33 34 output 1 10 11 3 4 5 6 11 8
3 4 11 12 5 13 6 7 9 8 15 14 15 16 5 14 15 4 -1 10 17 18 19 20 21 22 23 24 25 26 27 28 29 30 31 32 33 34 output 1 2 3 4 5 6 7 8 9 10 11 12 11 14 5 12 11 21 22 20
3 4 11 12 5 13 6 7 15 8 9 14 5 16 15 14 10 -1 17 18 19 20 21 22 23 24 25 26 27 28 29 30 31 32 33 34 output 1 2 3 4 5 6 7 8 9 10 11 12 9 10 5 17
3 4 5 6 7 9 8 5 14 17 16 5 10 -1 11 12 13 15 18 19 20 21 22 23 24 25 26 27 28 29 30 31 32 33 34 output 1 2 3 4 5 3 7 6 9 3 10 11 13
3 4 5 6 7 15 8 9 14 15 4 -1 10 11 12 13 16 17 18 19 20 21 22 23 24 25 26 27 28 29 30 31 32 33 34 output 1 2 3 4 5 6 7 8 9 6 17 3 9 13
3 4 5 6 7 9 8 5 10 -1 11 12 13 14 15 16 17 18 19 20 21 22 23 24 25 26 27 28 29 30 31 32 33 34 output 1 2 3 4 5 6 7 3 14 17 16 3 9
3 4 5 6 7 9 8 5 14 17 16 5 10 -1 11 12 13 15 18 19 20 21 22 23 24 25 26 27 28 29 30 31 32 33 34 output 1 2 3 4 5 3 7 6 9 3 11 10 9 13
3 17 7 9 8 15 14 15 16 5 14 10 -1 4 6 11 12 13 18 19 20 21 22 23 24 25 26 27 28 29 30 31 32 33 34 output 1 14 10 15 3 4 5 6 7 6 9 10 7 12
19 6 7 9 8 20 10 -1 3 4 5 11 12 13 14 15 16 17 18 21 22 23 24 25 26 27 28 29 30 31 32 33 34 output 1 2 3 4 5 20 7
3 4 5 6 7 15 8 9 14 15 8 5 14 15 17 10 -1 11 12 13 16 18 19 20 21 22 23 24 25 26 27 28 29 30 31 32 33 34 output 1 2 3 4 5 6 7 8 9 6 7 3 9 6 15 22 16
3 4 5 6 7 9 8 5 14 17 8 5 10 -1 11 12 13 15 16 18 19 20 21 22 23 24 25 26 27 28 29 30 31 32 33 34 output 1 2 3 4 5 6 7 18 9 18 19 3 9 13
3 4 5 6 7 9 8 15 14 15 17 14 10 -1 11 12 13 16 18 19 20 21 22 23 24 25 26 27 28 29 30 31 32 33 34 output 1 2 3 4 5 6 7 8 9 8 29 3 9 13
3 4 5 6 7 15 8 9 14 15 16 5 14 15 17 18 10 -1 11 12 13 19 20 21 22 23 24 25 26 27 28 29 30 31 32 33 34 output 1 2 3 4 5 6 7 8 9 3 11 6 9 3 15 16 17
3 4 5 6 7 5 8 9 32 32 33 -1 10 11 12 13 14 15 16 17 18 19 20 21 22 23 24 25 26 27 28 29 30 31 34 output 1 2 3 4 5 3 7 8 17 3 20 19 13
3 4 5 6 7 5 8 9 10 -1 11 12 13 14 15 16 17 18 19 20 21 22 23 24 25 26 27 28 29 30 31 32 33 34 output 1 2 3 4 5 8 7 3 9
3 4 11 12 5 13 6 7 15 8 9 14 5 16 15 14 10 -1 17 18 19 20 21 22 23 24 25 26 27 28 29 30 31 32 33 34 output 1 2 5 7 8 9 10 11 12 5 14 9 12 17
19 6 7 9 8 20 10 -1 3 4 5 11 12 13 14 15 16 17 18 21 22 23 24 25 26 27 28 29 30 31 32 33 34 output 1 2 3 4 5 30 7
3 4 5 6 7 15 8 9 14 15 8 5 14 10 -1 11 12 13 16 17 18 19 20 21 22 23 24 25 26 27 28 29 30 31 32 33 34 output 1 2 3 4 5 8 7 6 9 6 19 3 9 14
3 4 5 6 7 5 8 9 10 -1 11 12 13 14 15 16 17 18 19 20 21 22 23 24 25 26 27 28 29 30 31 32 33 34 output 1 2 3 4 5 8 7 3 9
3 4 5 6 7 5 8 9 14 5 16 17 14 10 -1 11 12 13 15 18 19 20 21 22 23 24 25 26 27 28 29 30 31 32 33 34 output 1 2 3 4 5 8 7 3 9 12 7 3 9 14
3 4 5 6 7 5 8 9 14 5 17 16 10 -1 11 12 13 15 18 19 20 21 22 23 24 25 26 27 28 29 30 31 32 33 34 output 1 2 15 16 3 17 4 5 3 7 8 9 3 11 12 13
3 4 5 6 7 5 8 9 10 -1 11 12 13 14 15 16 17 18 19 20 21 22 23 24 25 26 27 28 29 30 31 32 33 34 output 1 2 3 4 5 8 7 3 9
3 4 5 6 7 15 8 9 14 15 4 -1 10 11 12 13 16 17 18 19 20 21 22 23 24 25 26 27 28 29 30 31 32 33 34 output 1 2 3 4 5 6 7 8 9 6 17 3 9 13
3 4 5 6 7 9 8 15 14 15 16 5 14 15 17 18 10 -1 11 12 13 19 20 21 22 23 24 25 26 27 28 29 30 31 32 33 34 output 1 2 19 20 3 21 4 5 6 7 8 9 8 11 3 9 8 15 16 17
3 17 7 9 8 15 14 15 16 5 14 10 -1 4 6 11 12 13 18 19 20 21 22 23 24 25 26 27 28 29 30 31 32 33 34 output 1 14 10 15 3 4 5 6 7 6 9 10 7 12
3 6 6 7 9 8 5 10 25 25 -1 4 11 12 13 14 15 16 17 18 19 20 21 22 23 24 26 27 28 29 30 31 32 33 34 output 1 12 7 2 4 5 6 7 16 19 18 7 8
3 4 5 6 7 9 8 5 14 17 8 5 14 10 -1 11 12 13 15 16 18 19 20 21 22 23 24 25 26 27 28 29 30 31 32 33 34 output 1 2 3 4 5 6 7 3 9 10 20 3 14
3 4 5 6 7 15 8 9 14 5 16 15 14 10 -1 11 12 13 17 18 19 20 21 22 23 24 25 26 27 28 29 30 31 32 33 34 output 1 2 3 4 5 6 7 8 9 6 7 3 9 14
3 4 5 6 7 15 8 9 14 15 16 5 14 15 17 18 10 -1 11 12 13 19 20 21 22 23 24 25 26 27 28 29 30 31 32 33 34 output 1 2 3 4 5 6 7 8 9 3 11 6 9 3 15 16 17
3 4 5 6 7 9 8 5 14 17 8 5 10 -1 11 12 13 15 16 18 19 20 21 22 23 24 25 26 27 28 29 30 31 32 33 34 output 1 2 3 4 5 6 7 18 9 18 19 3 9 13
3 16 6 7 9 8 5 10 23 24 -1 4 11 12 13 14 15 17 18 19 20 21 22 25 26 27 28 29 30 31 32 33 34 output 1 12 7 3 4 5 6 7 16 18 2 7 8
3 4 5 6 7 15 8 9 14 5 16 15 14 5 17 18 10 -1 11 12 13 19 20 21 22 23 24 25 26 27 28 29 30 31 32 33 34 output 1 2 19 20 3 21 4 5 6 7 8 9 3 11 6 9 3 15 16 17
3 4 5 6 7 15 8 9 14 15 16 5 14 15 17 18 10 -1 11 12 13 19 20 21 22 23 24 25 26 27 28 29 30 31 32 33 34 output 1 2 3 4 5 6 7 8 9 3 11 6 9 3 15 16 17
3 4 5 6 7 15 8 9 14 15 8 5 14 15 17 10 -1 11 12 13 16 18 19 20 21 22 23 24 25 26 27 28 29 30 31 32 33 34 output 1 2 3 4 5 6 7 8 9 6 7 3 9 6 15 22 16
3 4 5 6 7 9 8 5 10 29 30 -1 11 12 13 14 15 16 17 18 19 20 21 22 23 24 25 26 27 28 31 32 33 34 output 1 2 3 4 5 6 7 3 16 19 18 3 9
3 4 5 6 7 9 8 5 14 17 8 -1 10 11 12 13 15 16 18 19 20 21 22 23 24 25 26 27 28 29 30 31 32 33 34 output 1 2 3 4 5 6 7 3 9 10 7 3 9 13
3 4 5 6 7 15 8 9 14 15 16 5 14 15 17 18 10 -1 11 12 13 19 20 21 22 23 24 25 26 27 28 29 30 31 32 33 34 output 1 2 3 4 5 8 7 6 9 6 7 3 9 6 15 16 17
3 4 5 6 7 15 8 9 14 5 16 15 14 10 -1 11 12 13 17 18 19 20 21 22 23 24 25 26 27 28 29 30 31 32 33 34 output 1 2 3 4 5 8 7 6 9 6 11 3 9 14
3 4 5 6 7 15 8 9 14 15 16 5 14 15 17 18 10 -1 11 12 13 19 20 21 22 23 24 25 26 27 28 29 30 31 32 33 34 output 1 2 3 4 5 6 7 8 9 3 11 6 9 3 15 16 17
3 4 5 6 7 15 8 9 14 15 16 5 14 10 -1 11 12 13 17 18 19 20 21 22 23 24 25 26 27 28 29 30 31 32 33 34 output 1 2 16 17 3 18 4 5 6 7 8 9 6 11 3 9 14
3 4 5 6 7 5 8 9 14 5 16 17 14 10 -1 11 12 13 15 18 19 20 21 22 23 24 25 26 27 28 29 30 31 32 33 34 output 1 2 3 4 5 8 7 3 9 12 11 3 14
3 4 11 5 6 6 7 15 8 9 14 15 16 5 14 5 17 18 10 -1 12 13 19 20 21 22 23 24 25 26 27 28 29 30 31 32 33 34 output 1 2 3 21 4 22 5 7 8 9 10 11 8 13 4 11 4 17 18 19
3 4 5 6 7 15 8 9 14 5 16 15 14 5 17 18 10 -1 11 12 13 19 20 21 22 23 24 25 26 27 28 29 30 31 32 33 34 output 1 2 3 4 5 6 7 8 9 6 11 3 9 6 15 16 17
3 4 11 5 6 6 7 15 9 14 5 16 17 10 -1 8 12 13 18 19 20 21 22 23 24 25 26 27 28 29 30 31 32 33 34 output 1 2 3 17 4 18 5 7 8 16 9 10 4 12 8 10 4 13 19 14
3 4 5 6 7 15 8 9 14 15 8 5 14 15 17 18 10 -1 11 12 13 16 19 20 21 22 23 24 25 26 27 28 29 30 31 32 33 34 output 1 2 3 4 5 6 7 8 9 6 22 3 9 6 15 16 17
3 4 5 6 7 15 8 9 14 5 16 15 14 10 -1 11 12 13 17 18 19 20 21 22 23 24 25 26 27 28 29 30 31 32 33 34 output 1 2 3 4 5 6 7 8 9 6 11 3 9 14
3 4 5 6 7 15 8 9 14 15 16 5 14 10 -1 11 12 13 17 18 19 20 21 22 23 24 25 26 27 28 29 30 31 32 33 34 output 1 2 3 4 5 8 7 6 9 6 11 3 9 14
3 4 11 12 5 13 6 7 15 8 9 14 15 16 5 14 5 17 18 10 -1 19 20 21 22 23 24 25 26 27 28 29 30 31 32 33 34 output 1 2 5 7 8 9 10 11 12 9 14 5 12 9 18 19 20
3 4 5 6 7 15 8 9 14 15 16 5 14 15 17 18 10 -1 11 12 13 19 20 21 22 23 24 25 26 27 28 29 30 31 32 33 34 output 1 2 3 4 5 6 7 8 9 3 11 6 9 3 15 16 17
3 4 5 6 7 9 8 15 14 15 16 5 14 15 17 4 -1 10 11 12 13 18 19 20 21 22 23 24 25 26 27 28 29 30 31 32 33 34 output 1 2 3 4 5 6 7 8 9 8 11 3 9 8 15 22 18
3 4 5 6 7 9 8 15 14 15 16 5 14 10 -1 11 12 13 17 18 19 20 21 22 23 24 25 26 27 28 29 30 31 32 33 34 output 1 2 3 4 5 8 7 6 9 8 11 3 9 14
3 4 5 6 7 5 8 9 14 5 8 17 14 5 22 18 10 -1 11 12 13 15 16 19 20 21 23 24 25 26 27 28 29 30 31 32 33 34 output 1 2 3 4 5 3 7 8 9 3 23 12 9 3 15 16 17
3 4 5 6 7 15 8 9 14 5 16 15 14 5 17 18 10 -1 11 12 13 19 20 21 22 23 24 25 26 27 28 29 30 31 32 33 34 output 1 2 3 4 5 6 7 8 9 3 11 6 9 3 15 16 17
3 4 5 6 7 15 8 9 14 5 16 15 14 5 17 18 10 -1 11 12 13 19 20 21 22 23 24 25 26 27 28 29 30 31 32 33 34 output 1 2 19 20 3 21 4 5 6 7 8 9 3 11 6 9 3 15 16 17
3 4 5 6 7 5 8 9 14 5 17 16 10 -1 11 12 13 15 18 19 20 21 22 23 24 25 26 27 28 29 30 31 32 33 34 output 1 2 15 16 3 17 4 5 3 7 8 9 3 11 12 13
3 4 5 6 7 5 8 9 10 -1 11 12 13 14 15 16 17 18 19 20 21 22 23 24 25 26 27 28 29 30 31 32 33 34 output 1 2 11 12 3 13 4 5 3 7 8 14 9
3 4 5 6 7 5 8 9 14 5 17 16 10 -1 11 12 13 15 18 19 20 21 22 23 24 25 26 27 28 29 30 31 32 33 34 output 1 2 3 4 5 3 7 8 9 3 12 11 9 3 23 19 13
3 4 5 6 7 9 8 5 14 17 16 5 14 5 10 -1 11 12 13 15 18 19 20 21 22 23 24 25 26 27 28 29 30 31 32 33 34 output 1 2 3 4 5 6 7 3 9 10 11 3 9 3 25 21 15
3 6 7 9 9 5 5 17 16 5 10 -1 4 8 11 12 13 14 15 18 19 20 21 22 23 24 25 26 27 28 29 30 31 32 33 34 output 1 13 6 2 3 4 14 6 18 8 9 6 11
3 4 5 6 7 15 8 9 14 5 16 15 14 5 17 18 10 -1 11 12 13 19 20 21 22 23 24 25 26 27 28 29 30 31 32 33 34 output 1 2 19 20 3 21 4 5 6 7 8 9 3 11 6 9 3 15 16 17
3 4 5 6 7 5 8 9 14 5 17 16 10 -1 11 12 13 15 18 19 20 21 22 23 24 25 26 27 28 29 30 31 32 33 34 output 1 2 15 16 3 17 4 5 3 7 8 9 3 11 12 13
3 4 5 6 7 5 8 9 14 5 8 17 14 10 -1 11 12 13 15 16 18 19 20 21 22 23 24 25 26 27 28 29 30 31 32 33 34 output 1 2 3 4 5 8 7 3 9 12 20 3 14
3 4 11 12 5 13 6 7 15 8 9 14 5 16 15 14 5 17 18 10 -1 19 20 21 22 23 24 25 26 27 28 29 30 31 32 33 34 output 1 2 5 7 8 9 10 11 12 5 14 9 12 5 18 19 20
