3 4 5 6 7 8 9 10 11 10 12 5 11 13 -1 3 4 5 6 7 8 9 10 11 12 13 14 15 16 17 18 19 20 21 output 0 1 2 3 4 7 6 5 8 7 10 2 8 13
3 4 5 6 7 10 9 8 11 10 12 5 11 13 -1 3 4 5 6 7 8 9 10 11 12 13 14 15 16 17 18 19 20 21 output 0 1 26 27 2 28 3 4 5 6 7 8 5 6 2 13
3 4 5 6 7 10 9 8 11 10 12 5 11 10 17 18 13 -1 3 4 5 6 7 8 9 10 11 12 13 14 15 16 17 18 19 20 21 output 0 1 2 3 4 5 6 7 8 2 10 5 8 2 14 15 16
3 4 5 6 7 8 9 5 11 17 9 5 11 13 -1 3 4 5 6 7 8 9 10 11 12 13 14 15 16 17 18 19 20 21 output 0 1 2 3 4 5 6 2 8 9 24 2 13
3 4 5 6 7 5 9 8 11 5 9 17 11 13 -1 3 4 5 6 7 8 9 10 11 12 13 14 15 16 17 18 19 20 21 output 0 1 2 3 4 2 6 7 8 2 24 11 8 13
3 4 14 15 5 16 6 7 8 9 10 11 10 12 5 11 10 17 18 13 -1 3 4 5 6 7 8 9 10 11 12 13 14 15 16 17 18 19 20 21 output 0 1 2 3 4 5 6 7 10 9 8 11 10 13 4 11 4 17 18 19
3 4 5 6 7 10 9 8 11 5 12 10 11 5 17 18 13 -1 3 4 5 6 7 8 9 10 11 12 13 14 15 16 17 18 19 20 21 output 0 1 2 3 4 5 6 7 8 5 10 2 8 5 14 15 16
3 4 5 6 7 10 9 8 11 5 12 10 11 13 -1 3 4 5 6 7 8 9 10 11 12 13 14 15 16 17 18 19 20 21 output 0 1 2 3 4 7 6 5 8 5 10 2 8 13
3 4 5 6 7 8 9 5 11 17 9 5 11 13 -1 3 4 5 6 7 8 9 10 11 12 13 14 15 16 17 18 19 20 21 output 0 1 2 3 4 5 6 2 8 9 24 2 13
3 4 5 6 7 8 9 5 13 -1 3 4 5 6 7 8 9 10 11 12 13 14 15 16 17 18 19 20 21 output 0 1 2 3 4 2 6 5 8
3 4 5 6 7 8 9 5 11 17 9 5 11 13 -1 3 4 5 6 7 8 9 10 11 12 13 14 15 16 17 18 19 20 21 output 0 1 2 3 4 5 6 2 8 9 24 2 13
3 4 14 15 5 16 6 7 10 9 8 11 5 12 10 11 5 17 18 13 -1 3 4 5 6 7 8 9 10 11 12 13 14 15 16 17 18 19 20 21 output 0 1 2 3 4 5 6 7 8 9 10 11 8 13 4 11 4 17 18 19
3 4 5 6 7 8 9 5 13 -1 3 4 5 6 7 8 9 10 11 12 13 14 15 16 17 18 19 20 21 output 0 1 2 3 4 2 6 5 18 8
3 4 5 6 7 8 9 5 13 -1 3 4 5 6 7 8 9 10 11 12 13 14 15 16 17 18 19 20 21 output 0 1 2 3 4 2 6 5 18 8
3 4 5 6 7 10 9 8 11 10 12 5 11 10 17 18 13 -1 3 4 5 6 7 8 9 10 11 12 13 14 15 16 17 18 19 20 21 output 0 1 2 3 4 7 6 5 8 5 10 2 8 5 14 15 16
3 4 5 6 7 10 9 8 11 5 12 10 11 13 -1 3 4 5 6 7 8 9 10 11 12 13 14 15 16 17 18 19 20 21 output 0 1 26 27 2 28 3 4 5 6 7 8 5 6 2 13
3 4 5 6 7 10 9 8 11 5 12 10 11 5 17 18 13 -1 3 4 5 6 7 8 9 10 11 12 13 14 15 16 17 18 19 20 21 output 0 1 2 3 4 5 6 7 8 5 6 2 8 5 14 15 16
19 6 7 8 9 17 13 -1 3 4 5 6 7 8 9 10 11 12 13 14 15 16 17 18 19 20 21 output 0 1 2 3 4 25 6
3 4 5 6 7 8 9 5 13 -1 3 4 5 6 7 8 9 10 11 12 13 14 15 16 17 18 19 20 21 output 0 1 2 3 4 2 6 5 8
3 4 5 6 7 8 9 5 11 17 9 5 11 13 -1 3 4 5 6 7 8 9 10 11 12 13 14 15 16 17 18 19 20 21 output 0 1 2 3 4 5 6 2 8 9 24 2 13
3 4 5 6 7 8 9 5 11 17 9 5 11 13 -1 3 4 5 6 7 8 9 10 11 12 13 14 15 16 17 18 19 20 21 output 0 1 2 3 4 5 6 2 8 9 24 2 8 13
3 4 5 6 7 8 9 10 11 10 12 5 11 13 -1 3 4 5 6 7 8 9 10 11 12 13 14 15 16 17 18 19 20 21 output 0 1 2 3 4 7 6 5 8 7 10 2 8 13
3 4 5 6 7 10 9 8 11 10 12 5 11 13 -1 3 4 5 6 7 8 9 10 11 12 13 14 15 16 17 18 19 20 21 output 0 1 26 27 2 28 3 4 5 6 7 8 5 10 2 8 13
3 4 14 15 5 16 6 7 10 9 8 11 10 12 5 11 13 -1 3 4 5 6 7 8 9 10 11 12 13 14 15 16 17 18 19 20 21 output 0 1 2 3 4 5 6 7 8 9 10 11 4 13 8 11 16
3 4 5 6 7 10 9 8 11 5 12 10 11 5 17 18 13 -1 3 4 5 6 7 8 9 10 11 12 13 14 15 16 17 18 19 20 21 output 0 1 2 3 4 5 6 7 8 5 10 2 8 5 14 15 16
3 4 5 6 7 10 9 8 11 5 12 10 11 5 17 18 13 -1 3 4 5 6 7 8 9 10 11 12 13 14 15 16 17 18 19 20 21 output 0 1 2 3 4 5 6 7 8 5 10 2 8 5 14 15 16
3 4 5 6 7 8 9 5 11 17 9 5 11 13 -1 3 4 5 6 7 8 9 10 11 12 13 14 15 16 17 18 19 20 21 output 0 1 2 3 4 5 6 2 8 9 24 2 13
3 4 5 6 7 10 9 8 11 5 12 10 11 5 17 18 13 -1 3 4 5 6 7 8 9 10 11 12 13 14 15 16 17 18 19 20 21 output 0 1 2 3 4 5 6 7 8 5 6 2 8 5 14 15 16
3 4 5 6 7 8 9 5 13 -1 3 4 5 6 7 8 9 10 11 12 13 14 15 16 17 18 19 20 21 output 0 1 2 3 4 2 6 5 8
3 4 5 6 7 8 9 5 11 17 9 5 11 13 -1 3 4 5 6 7 8 9 10 11 12 13 14 15 16 17 18 19 20 21 output 0 1 2 3 4 5 6 2 8 9 24 2 8 13
3 4 5 6 7 10 9 8 11 5 12 10 11 13 -1 3 4 5 6 7 8 9 10 11 12 13 14 15 16 17 18 19 20 21 output 0 1 2 3 4 5 6 7 8 5 10 2 8 13
3 4 5 6 7 10 9 8 11 5 12 10 11 5 17 18 13 -1 3 4 5 6 7 8 9 10 11 12 13 14 15 16 17 18 19 20 21 output 0 1 2 3 4 5 6 7 8 5 10 2 8 5 14 15 16
3 4 5 6 7 8 9 5 11 17 9 5 11 13 -1 3 4 5 6 7 8 9 10 11 12 13 14 15 16 17 18 19 20 21 output 0 1 2 3 4 5 6 2 8 9 24 2 13
3 4 5 6 7 10 9 8 11 5 12 10 11 5 17 18 13 -1 3 4 5 6 7 8 9 10 11 12 13 14 15 16 17 18 19 20 21 output 0 1 2 3 4 5 6 7 8 5 10 2 8 5 14 15 16
3 4 5 6 7 10 9 8 11 5 12 10 11 5 17 18 13 -1 3 4 5 6 7 8 9 10 11 12 13 14 15 16 17 18 19 20 21 output 0 1 29 30 2 31 3 4 5 6 7 8 2 10 5 8 2 14 15 16
3 4 5 6 7 5 9 8 11 5 17 12 13 -1 3 4 5 6 7 8 9 10 11 12 13 14 15 16 17 18 19 20 21 output 0 1 25 26 2 27 3 4 2 6 7 8 2 10 11 12
3 4 5 6 7 10 9 8 11 5 12 10 11 13 -1 3 4 5 6 7 8 9 10 11 12 13 14 15 16 17 18 19 20 21 output 0 1 2 3 4 7 6 5 8 5 10 2 8 13
3 4 5 6 7 10 9 8 11 5 12 10 11 13 -1 3 4 5 6 7 8 9 10 11 12 13 14 15 16 17 18 19 20 21 output 0 1 2 3 4 5 6 7 8 5 10 2 8 13
3 4 5 6 7 8 9 5 11 17 9 5 11 13 -1 3 4 5 6 7 8 9 10 11 12 13 14 15 16 17 18 19 20 21 output 0 1 2 3 4 5 6 2 8 9 24 2 13
3 4 5 6 7 5 9 8 11 5 9 17 11 5 21 18 13 -1 3 4 5 6 7 8 9 10 11 12 13 14 15 16 17 18 19 20 21 output 0 1 2 3 4 2 6 7 8 2 27 11 8 2 14 15 16
3 4 5 6 7 8 9 5 11 17 9 5 11 13 -1 3 4 5 6 7 8 9 10 11 12 13 14 15 16 17 18 19 20 21 output 0 1 2 3 4 5 6 2 8 9 24 2 13
3 4 5 6 7 10 9 8 11 5 12 10 11 5 17 18 13 -1 3 4 5 6 7 8 9 10 11 12 13 14 15 16 17 18 19 20 21 output 0 1 2 3 4 5 6 7 8 5 10 2 8 5 14 15 16
3 4 5 6 7 8 9 5 13 -1 3 4 5 6 7 8 9 10 11 12 13 14 15 16 17 18 19 20 21 output 0 1 2 3 4 2 6 5 8
3 4 5 6 7 10 9 8 11 5 12 10 11 5 17 18 13 -1 3 4 5 6 7 8 9 10 11 12 13 14 15 16 17 18 19 20 21 output 0 1 2 3 4 5 6 7 8 5 10 2 8 5 14 15 16
3 4 14 15 5 16 6 7 10 9 8 11 5 12 10 11 13 -1 3 4 5 6 7 8 9 10 11 12 13 14 15 16 17 18 19 20 21 output 0 1 2 3 4 5 6 7 8 9 10 11 8 13 4 11 16
3 4 5 6 7 8 9 5 11 13 -1 3 4 5 6 7 8 9 10 11 12 13 14 15 16 17 18 19 20 21 output 0 1 2 3 4 2 6 5 8 9
3 4 14 15 5 16 6 7 10 9 8 11 5 12 10 11 5 17 18 13 -1 3 4 5 6 7 8 9 10 11 12 13 14 15 16 17 18 19 20 21 output 0 1 2 3 4 5 6 7 8 9 10 11 8 13 4 11 4 17 18 19
3 4 5 6 7 8 9 10 11 10 12 5 11 10 17 18 13 -1 3 4 5 6 7 8 9 10 11 12 13 14 15 16 17 18 19 20 21 output 0 1 2 3 4 7 6 5 8 7 10 2 8 7 14 15 16
3 4 5 6 7 8 9 5 13 -1 3 4 5 6 7 8 9 10 11 12 13 14 15 16 17 18 19 20 21 output 0 1 21 22 2 23 3 4 2 6 5 18 8
3 4 5 6 7 10 9 8 11 10 12 5 11 13 -1 3 4 5 6 7 8 9 10 11 12 13 14 15 16 17 18 19 20 21 output 0 1 2 3 4 7 6 5 8 5 10 2 8 13
3 4 5 6 7 5 9 8 11 5 9 17 11 13 -1 3 4 5 6 7 8 9 10 11 12 13 14 15 16 17 18 19 20 21 output 0 1 2 3 4 2 6 7 8 2 24 11 8 13
3 4 5 6 7 10 9 8 11 10 12 5 11 10 17 18 13 -1 3 4 5 6 7 8 9 10 11 12 13 14 15 16 17 18 19 20 21 output 0 1 29 30 2 31 3 4 5 6 7 8 5 10 2 8 2 14 15 16
3 4 5 6 7 8 9 10 11 10 12 5 11 13 -1 3 4 5 6 7 8 9 10 11 12 13 14 15 16 17 18 19 20 21 output 0 1 2 3 4 5 6 7 8 7 32 2 8 13
3 4 14 15 5 16 6 7 10 9 8 11 5 12 10 11 5 17 18 13 -1 3 4 5 6 7 8 9 10 11 12 13 14 15 16 17 18 19 20 21 output 0 1 2 3 4 5 6 7 8 9 10 11 8 13 4 11 4 17 18 19
3 4 5 6 7 10 9 8 11 5 12 10 11 13 -1 3 4 5 6 7 8 9 10 11 12 13 14 15 16 17 18 19 20 21 output 0 1 26 27 2 28 3 4 5 6 7 8 5 10 2 8 13
3 4 14 15 5 16 6 7 10 9 8 11 5 12 10 11 5 17 18 13 -1 3 4 5 6 7 8 9 10 11 12 13 14 15 16 17 18 19 20 21 output 0 1 2 3 4 5 6 7 8 9 10 11 8 13 4 11 4 17 18 19
3 4 5 6 7 10 9 8 11 10 12 5 11 13 -1 3 4 5 6 7 8 9 10 11 12 13 14 15 16 17 18 19 20 21 output 0 1 26 27 2 28 3 4 5 6 7 8 5 6 2 13
3 4 5 6 7 8 9 5 13 -1 3 4 5 6 7 8 9 10 11 12 13 14 15 16 17 18 19 20 21 output 0 1 2 3 4 2 6 5 18 8
3 4 5 6 7 8 9 5 11 17 9 5 11 13 -1 3 4 5 6 7 8 9 10 11 12 13 14 15 16 17 18 19 20 21 output 0 1 2 3 4 5 6 2 8 9 24 2 13
3 4 5 6 7 8 9 5 11 17 9 5 11 13 -1 3 4 5 6 7 8 9 10 11 12 13 14 15 16 17 18 19 20 21 output 0 1 2 3 4 5 6 2 8 9 24 2 13
3 4 5 6 7 8 9 5 13 -1 3 4 5 6 7 8 9 10 11 12 13 14 15 16 17 18 19 20 21 output 0 1 21 22 2 23 3 4 5 6 2 18 8
3 4 5 6 7 8 9 5 13 -1 3 4 5 6 7 8 9 10 11 12 13 14 15 16 17 18 19 20 21 output 0 1 2 3 4 2 6 5 8
3 4 5 6 7 10 9 8 11 5 12 10 11 13 -1 3 4 5 6 7 8 9 10 11 12 13 14 15 16 17 18 19 20 21 output 0 1 2 3 4 5 6 7 8 5 10 2 8 13
3 4 5 6 7 8 9 5 11 17 9 5 11 13 -1 3 4 5 6 7 8 9 10 11 12 13 14 15 16 17 18 19 20 21 output 0 1 2 3 4 5 6 2 8 9 24 2 13
3 4 5 6 7 10 9 8 11 5 12 10 11 13 -1 3 4 5 6 7 8 9 10 11 12 13 14 15 16 17 18 19 20 21 output 0 1 2 3 4 5 6 7 8 5 10 2 8 13
3 4 5 6 7 8 9 5 13 -1 3 4 5 6 7 8 9 10 11 12 13 14 15 16 17 18 19 20 21 output 0 1 2 3 4 2 6 5 8
3 4 5 6 7 8 9 5 11 17 9 5 11 13 -1 3 4 5 6 7 8 9 10 11 12 13 14 15 16 17 18 19 20 21 output 0 1 2 3 4 5 6 2 8 9 24 2 13
3 4 5 6 7 8 9 5 13 -1 3 4 5 6 7 8 9 10 11 12 13 14 15 16 17 18 19 20 21 output 0 1 2 3 4 2 6 5 8
3 4 5 6 7 8 9 5 11 17 9 5 11 13 -1 3 4 5 6 7 8 9 10 11 12 13 14 15 16 17 18 19 20 21 output 0 1 2 3 4 5 6 2 8 9 24 2 13
3 4 5 6 7 10 9 8 11 5 12 10 11 13 -1 3 4 5 6 7 8 9 10 11 12 13 14 15 16 17 18 19 20 21 output 0 1 2 3 4 5 6 7 8 5 10 2 8 13
3 4 5 6 7 5 9 8 11 5 9 17 11 13 -1 3 4 5 6 7 8 9 10 11 12 13 14 15 16 17 18 19 20 21 output 0 1 2 3 4 2 6 7 8 2 24 11 8 13
3 4 5 6 7 8 9 5 11 17 9 5 11 13 -1 3 4 5 6 7 8 9 10 11 12 13 14 15 16 17 18 19 20 21 output 0 1 2 3 4 5 6 2 8 9 24 2 13
3 4 5 6 7 8 9 5 11 17 9 5 11 13 -1 3 4 5 6 7 8 9 10 11 12 13 14 15 16 17 18 19 20 21 output 0 1 2 3 4 5 6 2 8 9 24 2 13
3 4 5 6 7 10 9 8 11 5 12 10 11 13 -1 3 4 5 6 7 8 9 10 11 12 13 14 15 16 17 18 19 20 21 output 0 1 26 27 2 28 3 4 5 6 7 8 5 6 2 13
3 4 5 6 7 10 9 8 11 5 12 10 11 13 -1 3 4 5 6 7 8 9 10 11 12 13 14 15 16 17 18 19 20 21 output 0 1 2 3 4 7 6 5 8 5 10 2 8 13
3 4 5 6 7 8 9 5 13 -1 3 4 5 6 7 8 9 10 11 12 13 14 15 16 17 18 19 20 21 output 0 1 2 3 4 2 6 5 8
3 4 5 6 7 8 9 10 11 10 12 5 11 10 17 18 13 -1 3 4 5 6 7 8 9 10 11 12 13 14 15 16 17 18 19 20 21 output 0 1 2 3 4 7 6 5 8 2 10 7 8 2 14 15 16
3 4 5 6 7 10 9 8 11 10 12 5 11 10 17 18 13 -1 3 4 5 6 7 8 9 10 11 12 13 14 15 16 17 18 19 20 21 output 0 1 2 3 4 7 6 5 8 5 10 2 8 5 14 15 16
3 4 5 6 7 10 9 8 11 10 12 5 11 10 17 18 13 -1 3 4 5 6 7 8 9 10 11 12 13 14 15 16 17 18 19 20 21 output 0 1 2 3 4 5 6 7 8 2 10 5 8 2 14 15 16
3 4 5 6 7 8 9 10 11 10 12 5 11 13 -1 3 4 5 6 7 8 9 10 11 12 13 14 15 16 17 18 19 20 21 output 0 1 2 3 4 7 6 5 8 7 10 2 8 13
3 4 5 6 7 8 9 5 13 -1 3 4 5 6 7 8 9 10 11 12 13 14 15 16 17 18 19 20 21 output 0 1 2 3 4 2 6 5 8
3 4 5 6 7 8 9 5 11 17 12 5 13 -1 3 4 5 6 7 8 9 10 11 12 13 14 15 16 17 18 19 20 21 output 0 1 2 3 4 2 6 5 8 2 10 9 8 12
3 4 5 6 7 8 9 5 11 17 9 5 11 13 -1 3 4 5 6 7 8 9 10 11 12 13 14 15 16 17 18 19 20 21 output 0 1 2 3 4 5 6 2 8 9 24 2 13
3 4 5 6 7 8 9 5 11 17 9 5 11 13 -1 3 4 5 6 7 8 9 10 11 12 13 14 15 16 17 18 19 20 21 output 0 1 2 3 4 5 6 2 8 9 24 2 13
3 4 5 6 7 8 9 5 13 -1 3 4 5 6 7 8 9 10 11 12 13 14 15 16 17 18 19 20 21 output 0 1 2 3 4 2 6 5 8
3 4 5 6 7 5 9 8 11 5 12 17 11 5 21 18 13 -1 3 4 5 6 7 8 9 10 11 12 13 14 15 16 17 18 19 20 21 output 0 1 2 3 4 7 6 2 8 11 6 2 8 2 14 15 16
3 4 5 6 7 8 9 5 11 17 9 5 11 13 -1 3 4 5 6 7 8 9 10 11 12 13 14 15 16 17 18 19 20 21 output 0 1 2 3 4 5 6 2 8 9 24 2 13
3 4 5 6 7 8 9 5 11 17 12 5 13 -1 3 4 5 6 7 8 9 10 11 12 13 14 15 16 17 18 19 20 21 output 0 1 2 3 4 2 6 5 8 2 10 9 8 12
3 4 5 6 7 8 9 5 11 17 9 5 11 13 -1 3 4 5 6 7 8 9 10 11 12 13 14 15 16 17 18 19 20 21 output 0 1 2 3 4 5 6 2 8 9 24 2 13
3 4 5 6 7 8 9 5 13 -1 3 4 5 6 7 8 9 10 11 12 13 14 15 16 17 18 19 20 21 output 0 1 2 3 4 2 6 5 18 8
3 4 5 6 7 8 9 5 13 -1 3 4 5 6 7 8 9 10 11 12 13 14 15 16 17 18 19 20 21 output 0 1 21 22 2 23 3 4 5 6 2 18 8
3 4 5 6 7 10 9 8 11 10 12 5 11 13 -1 3 4 5 6 7 8 9 10 11 12 13 14 15 16 17 18 19 20 21 output 0 1 26 27 2 28 3 4 5 6 7 8 5 10 2 8 13
3 4 5 6 7 10 9 8 11 10 12 5 11 13 -1 3 4 5 6 7 8 9 10 11 12 13 14 15 16 17 18 19 20 21 output 0 1 26 27 2 28 3 4 5 6 7 8 5 10 2 8 13
3 4 5 6 7 10 9 8 11 5 12 10 11 5 17 18 13 -1 3 4 5 6 7 8 9 10 11 12 13 14 15 16 17 18 19 20 21 output 0 1 2 3 4 5 6 7 8 5 10 2 8 5 14 15 16
3 4 5 6 7 8 9 5 13 -1 3 4 5 6 7 8 9 10 11 12 13 14 15 16 17 18 19 20 21 output 0 1 2 3 4 2 6 5 8
3 4 5 6 7 10 9 8 11 5 12 10 11 13 -1 3 4 5 6 7 8 9 10 11 12 13 14 15 16 17 18 19 20 21 output 0 1 2 3 4 5 6 7 8 5 10 2 8 13
3 4 5 6 7 5 9 8 11 5 17 12 13 -1 3 4 5 6 7 8 9 10 11 12 13 14 15 16 17 18 19 20 21 output 0 1 25 26 2 27 3 4 7 6 2 8 2 10 11 12
3 4 5 6 7 10 9 8 11 5 12 10 11 5 17 18 13 -1 3 4 5 6 7 8 9 10 11 12 13 14 15 16 17 18 19 20 21 output 0 1 29 30 2 31 3 4 5 6 7 8 2 10 5 8 2 14 15 16
3 4 5 6 7 8 9 10 11 10 12 5 11 13 -1 3 4 5 6 7 8 9 10 11 12 13 14 15 16 17 18 19 20 21 output 0 1 2 3 4 7 6 5 8 7 6 2 8 13
3 4 5 6 7 8 9 10 11 10 12 5 11 13 -1 3 4 5 6 7 8 9 10 11 12 13 14 15 16 17 18 19 20 21 output 0 1 2 3 4 7 6 5 8 7 10 2 8 13
3 4 5 6 7 8 9 5 13 -1 3 4 5 6 7 8 9 10 11 12 13 14 15 16 17 18 19 20 21 output 0 1 2 3 4 2 6 5 8
3 4 5 6 7 5 9 8 13 -1 3 4 5 6 7 8 9 10 11 12 13 14 15 16 17 18 19 20 21 output 0 1 21 22 2 23 3 4 2 6 7 18 8
3 4 5 6 7 8 9 5 13 -1 3 4 5 6 7 8 9 10 11 12 13 14 15 16 17 18 19 20 21 output 0 1 21 22 2 23 3 4 5 6 2 18 8
3 4 5 6 7 5 9 8 13 -1 3 4 5 6 7 8 9 10 11 12 13 14 15 16 17 18 19 20 21 output 0 1 21 22 2 23 3 4 2 6 7 18 8
3 4 5 6 7 8 9 5 13 -1 3 4 5 6 7 8 9 10 11 12 13 14 15 16 17 18 19 20 21 output 0 1 2 3 4 2 6 5 18 8
3 4 5 6 7 10 9 8 11 5 12 10 11 5 17 18 13 -1 3 4 5 6 7 8 9 10 11 12 13 14 15 16 17 18 19 20 21 output 0 1 2 3 4 5 6 7 8 5 10 2 8 5 14 15 16
3 4 5 6 7 10 9 8 11 5 12 10 11 5 17 18 13 -1 3 4 5 6 7 8 9 10 11 12 13 14 15 16 17 18 19 20 21 output 0 1 29 30 2 31 3 4 5 6 7 8 2 10 5 8 2 14 15 16
3 4 5 6 7 10 9 8 11 10 9 5 11 10 17 18 13 -1 3 4 5 6 7 8 9 10 11 12 13 14 15 16 17 18 19 20 21 output 0 1 2 3 4 7 6 5 8 5 27 2 8 5 14 15 16
3 4 5 6 7 5 9 8 11 5 12 17 11 5 21 18 13 -1 3 4 5 6 7 8 9 10 11 12 13 14 15 16 17 18 19 20 21 output 0 1 29 30 2 31 3 4 25 6 7 8 2 10 25 8 2 11 15 16
19 6 7 8 9 17 13 -1 3 4 5 6 7 8 9 10 11 12 13 14 15 16 17 18 19 20 21 output 0 1 2 3 4 25 6
3 4 5 6 7 8 9 10 11 10 12 5 11 13 -1 3 4 5 6 7 8 9 10 11 12 13 14 15 16 17 18 19 20 21 output 0 1 2 3 4 7 6 5 8 2 10 7 8 13
3 4 5 6 7 5 9 8 11 5 17 12 13 -1 3 4 5 6 7 8 9 10 11 12 13 14 15 16 17 18 19 20 21 output 0 1 25 26 2 27 3 4 2 6 7 8 2 10 11 12
3 4 5 6 7 8 9 5 13 -1 3 4 5 6 7 8 9 10 11 12 13 14 15 16 17 18 19 20 21 output 0 1 2 3 4 2 6 5 8
3 4 5 6 7 10 9 8 11 5 12 10 11 13 -1 3 4 5 6 7 8 9 10 11 12 13 14 15 16 17 18 19 20 21 output 0 1 2 3 4 5 6 7 8 5 10 2 8 13
3 4 5 6 7 8 9 10 11 10 12 5 11 13 -1 3 4 5 6 7 8 9 10 11 12 13 14 15 16 17 18 19 20 21 output 0 1 26 27 2 28 3 4 7 6 5 8 7 10 2 8 13
3 4 5 6 7 5 9 8 13 -1 3 4 5 6 7 8 9 10 11 12 13 14 15 16 17 18 19 20 21 output 0 1 21 22 2 23 3 4 2 6 7 18 8
3 4 5 6 7 10 9 8 11 10 12 5 11 10 17 18 13 -1 3 4 5 6 7 8 9 10 11 12 13 14 15 16 17 18 19 20 21 output 0 1 2 3 4 7 6 5 8 5 10 2 8 5 14 15 16
3 4 5 6 7 8 9 5 11 17 9 5 11 13 -1 3 4 5 6 7 8 9 10 11 12 13 14 15 16 17 18 19 20 21 output 0 1 2 3 4 5 6 2 8 9 24 2 13
3 4 5 6 7 8 9 10 11 10 12 5 11 10 17 18 13 -1 3 4 5 6 7 8 9 10 11 12 13 14 15 16 17 18 19 20 21 output 0 1 29 30 2 31 3 4 5 6 7 8 7 10 2 8 7 14 15 16
3 4 5 6 7 8 9 5 11 17 9 5 11 13 -1 3 4 5 6 7 8 9 10 11 12 13 14 15 16 17 18 19 20 21 output 0 1 2 3 4 5 6 2 8 9 24 2 13
3 4 5 6 7 10 9 8 11 10 12 5 11 13 -1 3 4 5 6 7 8 9 10 11 12 13 14 15 16 17 18 19 20 21 output 0 1 26 27 2 28 3 4 5 6 7 8 5 10 2 8 13
3 4 5 6 7 8 9 10 11 10 12 5 11 13 -1 3 4 5 6 7 8 9 10 11 12 13 14 15 16 17 18 19 20 21 output 0 1 26 27 2 28 3 4 7 6 5 8 7 10 2 8 13
3 4 5 6 7 10 9 8 11 5 12 10 11 13 -1 3 4 5 6 7 8 9 10 11 12 13 14 15 16 17 18 19 20 21 output 0 1 26 27 2 28 3 4 5 6 7 8 5 10 2 8 13
3 4 5 6 7 8 9 5 11 17 9 5 11 5 21 18 13 -1 3 4 5 6 7 8 9 10 11 12 13 14 15 16 17 18 19 20 21 output 0 1 2 3 4 5 6 2 8 9 27 2 8 2 14 15 16
3 4 5 6 7 8 9 10 11 10 12 5 11 13 -1 3 4 5 6 7 8 9 10 11 12 13 14 15 16 17 18 19 20 21 output 0 1 2 3 4 7 6 5 8 7 10 2 8 13
3 4 5 6 7 8 9 10 11 10 12 5 11 13 -1 3 4 5 6 7 8 9 10 11 12 13 14 15 16 17 18 19 20 21 output 0 1 26 27 2 28 3 4 7 6 5 8 7 10 2 8 13
3 4 5 6 7 8 9 5 13 -1 3 4 5 6 7 8 9 10 11 12 13 14 15 16 17 18 19 20 21 output 0 1 2 3 4 2 6 5 8
3 4 5 6 7 8 9 5 11 17 9 5 11 13 -1 3 4 5 6 7 8 9 10 11 12 13 14 15 16 17 18 19 20 21 output 0 1 2 3 4 5 6 2 8 9 24 2 13
3 4 5 6 7 10 9 8 11 10 12 5 11 13 -1 3 4 5 6 7 8 9 10 11 12 13 14 15 16 17 18 19 20 21 output 0 1 2 3 4 7 6 5 8 5 10 2 8 13
3 4 5 6 7 8 9 5 11 17 9 5 11 13 -1 3 4 5 6 7 8 9 10 11 12 13 14 15 16 17 18 19 20 21 output 0 1 2 3 4 5 6 2 8 9 24 2 13
3 4 5 6 7 10 9 8 11 10 12 5 11 13 -1 3 4 5 6 7 8 9 10 11 12 13 14 15 16 17 18 19 20 21 output 0 1 26 27 2 28 3 4 5 6 7 8 5 6 2 13
3 4 5 6 7 8 9 10 11 10 12 5 11 10 17 18 13 -1 3 4 5 6 7 8 9 10 11 12 13 14 15 16 17 18 19 20 21 output 0 1 2 3 4 7 6 5 8 7 10 2 8 7 14 15 16
3 4 5 6 7 5 9 8 11 13 -1 3 4 5 6 7 8 9 10 11 12 13 14 15 16 17 18 19 20 21 output 0 1 22 23 2 24 3 4 2 6 7 8 9
3 4 14 15 5 16 6 7 8 9 5 11 13 -1 3 4 5 6 7 8 9 10 11 12 13 14 15 16 17 18 19 20 21 output 0 1 2 3 4 5 6 7 4 9 8 11 12
3 4 5 6 7 10 9 8 11 5 12 10 11 13 -1 3 4 5 6 7 8 9 10 11 12 13 14 15 16 17 18 19 20 21 output 0 1 2 3 4 5 6 7 8 5 10 2 8 13
3 4 5 6 7 8 9 5 13 -1 3 4 5 6 7 8 9 10 11 12 13 14 15 16 17 18 19 20 21 output 0 1 2 3 4 2 6 5 8
3 4 5 6 7 8 9 5 11 17 9 5 11 13 -1 3 4 5 6 7 8 9 10 11 12 13 14 15 16 17 18 19 20 21 output 0 1 2 3 4 5 6 2 8 9 24 2 13
3 4 5 6 7 10 9 8 11 10 12 5 11 10 17 18 13 -1 3 4 5 6 7 8 9 10 11 12 13 14 15 16 17 18 19 20 21 output 0 1 2 3 4 7 6 5 8 5 10 2 8 5 14 15 16
3 4 5 6 7 8 9 5 11 17 9 5 11 13 -1 3 4 5 6 7 8 9 10 11 12 13 14 15 16 17 18 19 20 21 output 0 1 2 3 4 5 6 2 8 9 24 2 8 13
3 4 5 6 7 8 9 5 11 17 9 5 11 13 -1 3 4 5 6 7 8 9 10 11 12 13 14 15 16 17 18 19 20 21 output 0 1 2 3 4 5 6 2 8 9 24 2 13
3 4 5 6 7 5 9 8 11 5 9 17 11 13 -1 3 4 5 6 7 8 9 10 11 12 13 14 15 16 17 18 19 20 21 output 0 1 2 3 4 2 6 7 8 2 24 11 8 13
3 4 5 6 7 8 9 5 13 -1 3 4 5 6 7 8 9 10 11 12 13 14 15 16 17 18 19 20 21 output 0 1 2 3 4 2 6 5 18 8
3 4 5 6 7 8 9 5 11 17 9 5 11 13 -1 3 4 5 6 7 8 9 10 11 12 13 14 15 16 17 18 19 20 21 output 0 1 2 3 4 5 6 2 8 9 24 2 13
3 4 5 6 7 10 9 8 11 10 12 5 11 10 17 18 13 -1 3 4 5 6 7 8 9 10 11 12 13 14 15 16 17 18 19 20 21 output 0 1 29 30 2 31 3 4 5 6 7 8 5 10 2 8 2 14 15 16
3 4 5 6 7 10 9 8 11 5 12 10 11 5 17 18 13 -1 3 4 5 6 7 8 9 10 11 12 13 14 15 16 17 18 19 20 21 output 0 1 2 3 4 5 6 7 8 5 10 2 8 5 14 15 16
3 4 5 6 7 8 9 5 11 17 9 5 11 13 -1 3 4 5 6 7 8 9 10 11 12 13 14 15 16 17 18 19 20 21 output 0 1 2 3 4 5 6 2 8 9 24 2 13
3 4 5 6 7 10 9 8 11 10 12 5 11 10 17 18 13 -1 3 4 5 6 7 8 9 10 11 12 13 14 15 16 17 18 19 20 21 output 0 1 2 3 4 5 6 7 8 2 10 5 8 2 14 15 16
3 4 5 6 7 10 9 8 11 5 12 10 11 5 17 18 13 -1 3 4 5 6 7 8 9 10 11 12 13 14 15 16 17 18 19 20 21 output 0 1 2 3 4 5 6 7 8 2 10 5 8 2 14 15 16
3 4 5 6 7 8 9 5 13 -1 3 4 5 6 7 8 9 10 11 12 13 14 15 16 17 18 19 20 21 output 0 1 21 22 2 23 3 4 2 6 5 18 8
3 4 5 6 7 10 9 8 11 5 12 10 11 5 17 18 13 -1 3 4 5 6 7 8 9 10 11 12 13 14 15 16 17 18 19 20 21 output 0 1 2 3 4 5 6 7 8 5 6 2 8 5 14 15 16
3 4 5 6 7 10 9 8 11 5 12 10 11 13 -1 3 4 5 6 7 8 9 10 11 12 13 14 15 16 17 18 19 20 21 output 0 1 26 27 2 28 3 4 5 6 7 8 5 10 2 8 13
3 4 5 6 7 8 9 5 13 -1 3 4 5 6 7 8 9 10 11 12 13 14 15 16 17 18 19 20 21 output 0 1 2 3 4 2 6 5 8
3 4 5 6 7 8 9 10 11 10 12 5 11 10 17 18 13 -1 3 4 5 6 7 8 9 10 11 12 13 14 15 16 17 18 19 20 21 output 0 1 2 3 4 7 6 5 8 7 10 2 8 7 14 15 16
19 6 7 8 9 17 13 -1 3 4 5 6 7 8 9 10 11 12 13 14 15 16 17 18 19 20 21 output 0 1 2 3 4 25 6
3 4 5 6 7 8 9 5 11 17 9 5 11 13 -1 3 4 5 6 7 8 9 10 11 12 13 14 15 16 17 18 19 20 21 output 0 1 2 3 4 5 6 2 8 9 24 2 13
3 4 5 6 7 8 9 5 13 -1 3 4 5 6 7 8 9 10 11 12 13 14 15 16 17 18 19 20 21 output 0 1 2 3 4 2 6 5 18 8
3 4 5 6 7 10 9 8 11 10 12 5 11 10 17 18 13 -1 3 4 5 6 7 8 9 10 11 12 13 14 15 16 17 18 19 20 21 output 0 1 2 3 4 7 6 5 8 5 10 2 8 5 14 15 16
3 4 5 6 7 10 9 8 11 10 12 5 11 13 -1 3 4 5 6 7 8 9 10 11 12 13 14 15 16 17 18 19 20 21 output 0 1 26 27 2 28 3 4 5 6 7 8 5 10 2 8 13
3 4 5 6 7 10 9 8 11 5 12 10 11 13 -1 3 4 5 6 7 8 9 10 11 12 13 14 15 16 17 18 19 20 21 output 0 1 2 3 4 7 6 5 8 5 10 2 8 13
3 4 5 6 7 10 9 8 11 5 12 10 11 5 17 18 13 -1 3 4 5 6 7 8 9 10 11 12 13 14 15 16 17 18 19 20 21 output 0 1 2 3 4 5 6 7 8 5 10 2 8 5 14 15 16
3 4 5 6 7 8 9 10 11 10 12 5 11 13 -1 3 4 5 6 7 8 9 10 11 12 13 14 15 16 17 18 19 20 21 output 0 1 26 27 2 28 3 4 5 6 7 8 7 10 2 8 13
3 4 5 6 7 5 9 8 11 5 17 12 13 -1 3 4 5 6 7 8 9 10 11 12 13 14 15 16 17 18 19 20 21 output 0 1 25 26 2 27 3 4 2 6 7 8 2 10 11 12
3 4 5 6 7 5 9 8 11 5 9 17 11 13 -1 3 4 5 6 7 8 9 10 11 12 13 14 15 16 17 18 19 20 21 output 0 1 2 3 4 2 6 7 8 2 24 11 8 13
3 4 5 6 7 8 9 5 11 17 9 5 11 13 -1 3 4 5 6 7 8 9 10 11 12 13 14 15 16 17 18 19 20 21 output 0 1 2 3 4 5 6 2 8 9 24 2 13
3 4 5 6 7 10 9 8 11 5 12 10 11 13 -1 3 4 5 6 7 8 9 10 11 12 13 14 15 16 17 18 19 20 21 output 0 1 2 3 4 5 6 7 8 5 10 2 8 13
3 4 5 6 7 8 9 5 11 17 9 5 11 13 -1 3 4 5 6 7 8 9 10 11 12 13 14 15 16 17 18 19 20 21 output 0 1 2 3 4 5 6 2 8 9 24 2 13
3 4 5 6 7 8 9 5 11 17 9 5 11 13 -1 3 4 5 6 7 8 9 10 11 12 13 14 15 16 17 18 19 20 21 output 0 1 2 3 4 5 6 2 8 9 24 2 13
3 4 5 6 7 8 9 5 13 -1 3 4 5 6 7 8 9 10 11 12 13 14 15 16 17 18 19 20 21 output 0 1 2 3 4 2 6 5 8
3 4 5 6 7 10 9 8 11 5 12 10 11 13 -1 3 4 5 6 7 8 9 10 11 12 13 14 15 16 17 18 19 20 21 output 0 1 2 3 4 5 6 7 8 5 10 2 8 13
3 4 5 6 7 8 9 10 11 10 12 5 11 13 -1 3 4 5 6 7 8 9 10 11 12 13 14 15 16 17 18 19 20 21 output 0 1 2 3 4 7 6 5 8 2 10 7 8 13
3 4 5 6 7 10 9 8 11 5 12 10 11 13 -1 3 4 5 6 7 8 9 10 11 12 13 14 15 16 17 18 19 20 21 output 0 1 2 3 4 5 6 7 8 5 10 2 8 13
3 4 5 6 7 8 9 5 13 -1 3 4 5 6 7 8 9 10 11 12 13 14 15 16 17 18 19 20 21 output 0 1 2 3 4 2 6 5 8
3 4 5 6 7 8 9 5 13 -1 3 4 5 6 7 8 9 10 11 12 13 14 15 16 17 18 19 20 21 output 0 1 21 22 2 23 3 4 2 6 5 18 8
3 4 5 6 7 8 9 5 11 17 9 5 11 13 -1 3 4 5 6 7 8 9 10 11 12 13 14 15 16 17 18 19 20 21 output 0 1 2 3 4 5 6 2 8 9 24 2 13
3 4 5 6 7 10 9 8 11 10 12 5 11 10 17 18 13 -1 3 4 5 6 7 8 9 10 11 12 13 14 15 16 17 18 19 20 21 output 0 1 2 3 4 7 6 5 8 5 10 2 8 5 14 15 16
3 4 5 6 7 8 9 5 13 -1 3 4 5 6 7 8 9 10 11 12 13 14 15 16 17 18 19 20 21 output 0 1 2 3 4 2 6 5 8
3 4 5 6 7 10 9 8 11 10 12 5 11 10 17 18 13 -1 3 4 5 6 7 8 9 10 11 12 13 14 15 16 17 18 19 20 21 output 0 1 2 3 4 7 6 5 8 5 10 2 8 5 14 15 16
3 4 5 6 7 8 9 10 11 10 12 5 11 13 -1 3 4 5 6 7 8 9 10 11 12 13 14 15 16 17 18 19 20 21 output 0 1 2 3 4 7 6 5 8 2 10 7 8 13
3 4 5 6 7 8 9 10 11 10 12 5 11 13 -1 3 4 5 6 7 8 9 10 11 12 13 14 15 16 17 18 19 20 21 output 0 1 2 3 4 7 6 5 8 2 10 7 8 13
3 4 5 6 7 8 9 5 11 17 9 5 11 13 -1 3 4 5 6 7 8 9 10 11 12 13 14 15 16 17 18 19 20 21 output 0 1 2 3 4 5 6 2 8 9 24 2 13
3 4 5 6 7 8 9 5 13 -1 3 4 5 6 7 8 9 10 11 12 13 14 15 16 17 18 19 20 21 output 0 1 2 3 4 2 6 5 8
3 4 5 6 7 10 9 8 11 5 12 10 11 5 17 18 13 -1 3 4 5 6 7 8 9 10 11 12 13 14 15 16 17 18 19 20 21 output 0 1 2 3 4 5 6 7 8 5 10 2 8 5 14 15 16
3 4 5 6 7 10 9 8 11 10 12 5 11 10 17 18 13 -1 3 4 5 6 7 8 9 10 11 12 13 14 15 16 17 18 19 20 21 output 0 1 2 3 4 7 6 5 8 5 10 2 8 5 14 15 16
3 4 5 6 7 10 9 8 11 5 12 10 11 13 -1 3 4 5 6 7 8 9 10 11 12 13 14 15 16 17 18 19 20 21 output 0 1 2 3 4 7 6 5 8 5 10 2 8 13
3 4 5 6 7 8 9 5 13 -1 3 4 5 6 7 8 9 10 11 12 13 14 15 16 17 18 19 20 21 output 0 1 2 3 4 2 6 5 8
3 4 5 6 7 8 9 5 13 -1 3 4 5 6 7 8 9 10 11 12 13 14 15 16 17 18 19 20 21 output 0 1 2 3 4 2 6 5 8
3 4 5 6 7 8 9 5 11 17 9 5 11 13 -1 3 4 5 6 7 8 9 10 11 12 13 14 15 16 17 18 19 20 21 output 0 1 2 3 4 5 6 2 8 9 24 2 8 13
3 4 5 6 7 8 9 5 11 17 9 5 11 13 -1 3 4 5 6 7 8 9 10 11 12 13 14 15 16 17 18 19 20 21 output 0 1 2 3 4 5 6 2 8 9 24 2 13
3 4 5 6 7 10 9 8 11 10 12 5 11 10 17 18 13 -1 3 4 5 6 7 8 9 10 11 12 13 14 15 16 17 18 19 20 21 output 0 1 2 3 4 7 6 5 8 5 10 2 8 5 14 15 16
3 4 5 6 7 8 9 5 13 -1 3 4 5 6 7 8 9 10 11 12 13 14 15 16 17 18 19 20 21 output 0 1 2 3 4 2 6 5 18 8
3 4 5 6 7 10 9 8 11 5 12 10 11 5 17 18 13 -1 3 4 5 6 7 8 9 10 11 12 13 14 15 16 17 18 19 20 21 output 0 1 2 3 4 5 6 7 8 5 10 2 8 5 14 15 16
3 4 14 15 5 16 6 7 10 9 8 11 5 12 10 11 5 17 18 13 -1 3 4 5 6 7 8 9 10 11 12 13 14 15 16 17 18 19 20 21 output 0 1 2 3 4 5 6 7 8 9 10 11 8 13 4 11 4 17 18 19
3 4 5 6 7 8 9 5 11 17 9 5 11 13 -1 3 4 5 6 7 8 9 10 11 12 13 14 15 16 17 18 19 20 21 output 0 1 2 3 4 5 6 2 8 9 24 2 13
3 4 5 6 7 8 9 10 11 10 12 5 11 10 17 18 13 -1 3 4 5 6 7 8 9 10 11 12 13 14 15 16 17 18 19 20 21 output 0 1 29 30 2 31 3 4 5 6 7 8 7 10 2 8 7 14 15 16
3 4 5 6 7 5 9 8 11 13 -1 3 4 5 6 7 8 9 10 11 12 13 14 15 16 17 18 19 20 21 output 0 1 22 23 2 24 3 4 2 6 7 8 9
3 4 5 6 7 8 9 10 11 10 12 5 11 10 17 18 13 -1 3 4 5 6 7 8 9 10 11 12 13 14 15 16 17 18 19 20 21 output 0 1 2 3 4 7 6 5 8 7 10 2 8 7 14 15 16
3 4 5 6 7 8 9 5 11 17 9 5 11 5 21 18 13 -1 3 4 5 6 7 8 9 10 11 12 13 14 15 16 17 18 19 20 21 output 0 1 2 3 4 5 6 2 8 9 27 2 8 2 14 15 16
3 4 5 6 7 10 9 8 11 5 12 10 11 5 17 18 13 -1 3 4 5 6 7 8 9 10 11 12 13 14 15 16 17 18 19 20 21 output 0 1 29 30 2 31 3 4 5 6 7 8 2 10 5 8 2 14 15 16
3 4 5 6 7 5 9 8 11 5 17 12 13 -1 3 4 5 6 7 8 9 10 11 12 13 14 15 16 17 18 19 20 21 output 0 1 25 26 2 27 3 4 2 6 7 8 2 10 11 12
3 4 5 6 7 10 9 8 11 10 9 5 11 13 -1 3 4 5 6 7 8 9 10 11 12 13 14 15 16 17 18 19 20 21 output 0 1 26 27 2 28 3 4 5 6 7 8 5 6 2 13
3 4 5 6 7 8 9 5 11 17 9 5 11 13 -1 3 4 5 6 7 8 9 10 11 12 13 14 15 16 17 18 19 20 21 output 0 1 2 3 4 5 6 2 8 9 24 2 13
3 4 5 6 7 8 9 5 13 -1 3 4 5 6 7 8 9 10 11 12 13 14 15 16 17 18 19 20 21 output 0 1 2 3 4 2 6 5 18 8
3 4 5 6 7 8 9 5 13 -1 3 4 5 6 7 8 9 10 11 12 13 14 15 16 17 18 19 20 21 output 0 1 21 22 2 23 3 4 2 6 5 18 8
3 4 5 6 7 8 9 5 13 -1 3 4 5 6 7 8 9 10 11 12 13 14 15 16 17 18 19 20 21 output 0 1 2 3 4 2 6 5 18 8
3 4 5 6 7 8 9 5 11 17 9 5 11 13 -1 3 4 5 6 7 8 9 10 11 12 13 14 15 16 17 18 19 20 21 output 0 1 2 3 4 5 6 2 8 9 24 2 8 13
3 4 5 6 7 8 9 5 11 17 9 5 11 13 -1 3 4 5 6 7 8 9 10 11 12 13 14 15 16 17 18 19 20 21 output 0 1 2 3 4 5 6 2 8 9 24 2 13
3 4 5 6 7 8 9 10 11 10 12 5 11 13 -1 3 4 5 6 7 8 9 10 11 12 13 14 15 16 17 18 19 20 21 output 0 1 2 3 4 7 6 5 8 2 10 7 8 13
3 4 5 6 7 8 9 5 13 -1 3 4 5 6 7 8 9 10 11 12 13 14 15 16 17 18 19 20 21 output 0 1 2 3 4 2 6 5 18 8
3 4 5 6 7 10 9 8 11 10 12 5 11 10 17 18 13 -1 3 4 5 6 7 8 9 10 11 12 13 14 15 16 17 18 19 20 21 output 0 1 2 3 4 5 6 7 8 2 10 5 8 2 14 15 16
3 4 5 6 7 10 9 8 11 5 12 10 11 5 17 18 13 -1 3 4 5 6 7 8 9 10 11 12 13 14 15 16 17 18 19 20 21 output 0 1 2 3 4 5 6 7 8 5 10 2 8 5 14 15 16
3 4 5 6 7 8 9 10 11 10 12 5 11 13 -1 3 4 5 6 7 8 9 10 11 12 13 14 15 16 17 18 19 20 21 output 0 1 2 3 4 7 6 5 8 2 10 7 8 13
3 4 5 6 7 5 9 8 11 5 9 17 11 13 -1 3 4 5 6 7 8 9 10 11 12 13 14 15 16 17 18 19 20 21 output 0 1 2 3 4 2 6 7 8 2 24 11 8 13
3 4 5 6 7 10 9 8 11 5 12 10 11 13 -1 3 4 5 6 7 8 9 10 11 12 13 14 15 16 17 18 19 20 21 output 0 1 2 3 4 7 6 5 8 5 10 2 8 13
3 4 5 6 7 8 9 5 13 -1 3 4 5 6 7 8 9 10 11 12 13 14 15 16 17 18 19 20 21 output 0 1 2 3 4 2 6 5 18 8
3 4 5 6 7 10 9 8 11 5 12 10 11 13 -1 3 4 5 6 7 8 9 10 11 12 13 14 15 16 17 18 19 20 21 output 0 1 26 27 2 28 3 4 5 6 7 8 2 10 5 8 13
3 4 5 6 7 8 9 10 11 10 12 5 11 10 17 18 13 -1 3 4 5 6 7 8 9 10 11 12 13 14 15 16 17 18 19 20 21 output 0 1 2 3 4 7 6 5 8 7 10 2 8 7 14 15 16
3 4 5 6 7 8 9 5 13 -1 3 4 5 6 7 8 9 10 11 12 13 14 15 16 17 18 19 20 21 output 0 1 21 22 2 23 3 4 2 6 5 18 8
3 4 5 6 7 10 9 8 11 5 12 10 11 13 -1 3 4 5 6 7 8 9 10 11 12 13 14 15 16 17 18 19 20 21 output 0 1 2 3 4 5 6 7 8 5 10 2 8 13
3 4 5 6 7 10 9 8 11 5 12 10 11 13 -1 3 4 5 6 7 8 9 10 11 12 13 14 15 16 17 18 19 20 21 output 0 1 2 3 4 7 6 5 8 5 10 2 8 13
3 4 5 6 7 8 9 5 11 17 9 5 11 13 -1 3 4 5 6 7 8 9 10 11 12 13 14 15 16 17 18 19 20 21 output 0 1 2 3 4 5 6 2 8 9 24 2 13
3 4 5 6 7 10 9 8 11 5 12 10 11 5 17 18 13 -1 3 4 5 6 7 8 9 10 11 12 13 14 15 16 17 18 19 20 21 output 0 1 2 3 4 5 6 7 8 5 6 2 8 5 14 15 16
3 4 5 6 7 8 9 5 13 -1 3 4 5 6 7 8 9 10 11 12 13 14 15 16 17 18 19 20 21 output 0 1 2 3 4 2 6 5 8
3 4 5 6 7 10 9 8 11 10 12 5 11 10 17 18 13 -1 3 4 5 6 7 8 9 10 11 12 13 14 15 16 17 18 19 20 21 output 0 1 2 3 4 5 6 7 8 2 10 5 8 2 14 15 16
3 4 5 6 7 10 9 8 11 10 12 5 11 10 17 18 13 -1 3 4 5 6 7 8 9 10 11 12 13 14 15 16 17 18 19 20 21 output 0 1 2 3 4 7 6 5 8 5 10 2 8 5 14 15 16
3 4 5 6 7 8 9 5 11 17 9 5 11 13 -1 3 4 5 6 7 8 9 10 11 12 13 14 15 16 17 18 19 20 21 output 0 1 2 3 4 5 6 2 8 9 24 2 13
3 4 14 15 5 16 6 7 10 9 8 11 5 12 10 11 5 17 18 13 -1 3 4 5 6 7 8 9 10 11 12 13 14 15 16 17 18 19 20 21 output 0 1 2 3 4 5 6 7 8 9 10 11 8 13 4 11 4 17 18 19
3 4 5 6 7 5 9 8 11 5 17 12 13 -1 3 4 5 6 7 8 9 10 11 12 13 14 15 16 17 18 19 20 21 output 0 1 25 26 2 27 3 4 7 6 2 8 2 10 11 12
3 4 5 6 7 8 9 5 11 17 9 5 11 13 -1 3 4 5 6 7 8 9 10 11 12 13 14 15 16 17 18 19 20 21 output 0 1 2 3 4 5 6 2 8 9 24 2 13
3 4 5 6 7 10 9 8 11 10 12 5 11 13 -1 3 4 5 6 7 8 9 10 11 12 13 14 15 16 17 18 19 20 21 output 0 1 2 3 4 7 6 5 8 5 10 2 8 13
3 4 5 6 7 8 9 10 11 10 12 5 11 13 -1 3 4 5 6 7 8 9 10 11 12 13 14 15 16 17 18 19 20 21 output 0 1 26 27 2 28 3 4 7 6 5 8 7 10 2 8 13
3 4 5 6 7 8 9 5 13 -1 3 4 5 6 7 8 9 10 11 12 13 14 15 16 17 18 19 20 21 output 0 1 2 3 4 2 6 5 18 8
3 4 5 6 7 10 9 8 11 10 12 5 11 10 17 18 13 -1 3 4 5 6 7 8 9 10 11 12 13 14 15 16 17 18 19 20 21 output 0 1 2 3 4 5 6 7 8 2 10 5 8 2 14 15 16
3 4 5 6 7 10 9 8 11 5 12 10 11 5 17 18 13 -1 3 4 5 6 7 8 9 10 11 12 13 14 15 16 17 18 19 20 21 output 0 1 2 3 4 5 6 7 8 5 10 2 8 5 14 15 16
3 4 5 6 7 10 9 8 11 10 12 5 11 13 -1 3 4 5 6 7 8 9 10 11 12 13 14 15 16 17 18 19 20 21 output 0 1 26 27 2 28 3 4 5 6 7 8 5 10 2 8 13
3 4 5 6 7 8 9 10 11 10 12 5 11 13 -1 3 4 5 6 7 8 9 10 11 12 13 14 15 16 17 18 19 20 21 output 0 1 2 3 4 7 6 5 8 7 10 2 8 13
3 4 5 6 7 8 9 5 11 17 9 5 11 13 -1 3 4 5 6 7 8 9 10 11 12 13 14 15 16 17 18 19 20 21 output 0 1 2 3 4 5 6 2 8 9 24 2 13
3 4 5 6 7 10 9 8 11 10 12 5 11 10 17 18 13 -1 3 4 5 6 7 8 9 10 11 12 13 14 15 16 17 18 19 20 21 output 0 1 2 3 4 5 6 7 8 2 10 5 8 2 14 15 16
3 4 5 6 7 8 9 10 11 10 12 5 11 13 -1 3 4 5 6 7 8 9 10 11 12 13 14 15 16 17 18 19 20 21 output 0 1 2 3 4 7 6 5 8 7 10 2 8 13
3 4 5 6 7 10 9 8 11 5 12 10 11 13 -1 3 4 5 6 7 8 9 10 11 12 13 14 15 16 17 18 19 20 21 output 0 1 26 27 2 28 3 4 5 6 7 8 5 10 2 8 13
3 4 5 6 7 8 9 5 11 17 9 5 11 13 -1 3 4 5 6 7 8 9 10 11 12 13 14 15 16 17 18 19 20 21 output 0 1 2 3 4 5 6 2 8 9 24 2 13
3 4 5 6 7 10 9 8 11 5 12 10 11 5 17 18 13 -1 3 4 5 6 7 8 9 10 11 12 13 14 15 16 17 18 19 20 21 output 0 1 2 3 4 5 6 7 8 5 10 2 8 5 14 15 16
3 4 5 6 7 8 9 5 13 -1 3 4 5 6 7 8 9 10 11 12 13 14 15 16 17 18 19 20 21 output 0 1 2 3 4 2 6 5 18 8
3 4 5 6 7 8 9 10 11 10 12 5 11 13 -1 3 4 5 6 7 8 9 10 11 12 13 14 15 16 17 18 19 20 21 output 0 1 2 3 4 7 6 5 8 7 10 2 8 13
3 4 5 6 7 8 9 5 11 17 9 5 11 13 -1 3 4 5 6 7 8 9 10 11 12 13 14 15 16 17 18 19 20 21 output 0 1 2 3 4 5 6 2 8 9 24 2 13
3 4 14 15 5 16 6 7 5 9 8 11 5 17 12 13 -1 3 4 5 6 7 8 9 10 11 12 13 14 15 16 17 18 19 20 21 output 0 1 2 3 4 5 6 7 10 9 4 11 4 13 14 15
3 4 5 6 7 10 9 8 11 10 12 5 11 10 17 18 13 -1 3 4 5 6 7 8 9 10 11 12 13 14 15 16 17 18 19 20 21 output 0 1 2 3 4 5 6 7 8 2 10 5 8 2 14 15 16
3 4 5 6 7 10 9 8 11 5 12 10 11 13 -1 3 4 5 6 7 8 9 10 11 12 13 14 15 16 17 18 19 20 21 output 0 1 2 3 4 5 6 7 8 5 10 2 8 13
3 4 5 6 7 10 9 8 11 10 12 5 11 10 17 18 13 -1 3 4 5 6 7 8 9 10 11 12 13 14 15 16 17 18 19 20 21 output 0 1 2 3 4 5 6 7 8 2 10 5 8 2 14 15 16
3 4 5 6 7 5 9 8 11 5 17 12 13 -1 3 4 5 6 7 8 9 10 11 12 13 14 15 16 17 18 19 20 21 output 0 1 25 26 2 27 3 4 2 6 7 8 2 10 11 12
3 4 14 15 5 16 6 7 5 9 8 11 5 12 17 13 -1 3 4 5 6 7 8 9 10 11 12 13 14 15 16 17 18 19 20 21 output 0 1 2 3 4 5 6 7 24 9 10 11 24 9 4 15
3 4 5 6 7 5 9 8 11 5 12 17 11 13 -1 3 4 5 6 7 8 9 10 11 12 13 14 15 16 17 18 19 20 21 output 0 1 2 3 4 7 6 2 8 11 10 2 13
3 4 5 6 7 8 9 5 13 -1 3 4 5 6 7 8 9 10 11 12 13 14 15 16 17 18 19 20 21 output 0 1 2 3 4 2 6 5 18 8
19 6 7 8 9 17 13 -1 3 4 5 6 7 8 9 10 11 12 13 14 15 16 17 18 19 20 21 output 8 9 10 1 2 3 4 10 16 5 17 10 6
3 4 5 6 7 8 9 10 11 10 12 5 11 13 -1 3 4 5 6 7 8 9 10 11 12 13 14 15 16 17 18 19 20 21 output 0 1 2 3 4 7 6 5 8 7 10 2 8 13
3 4 5 6 7 5 9 8 11 5 9 17 11 13 -1 3 4 5 6 7 8 9 10 11 12 13 14 15 16 17 18 19 20 21 output 0 1 2 3 4 7 6 2 8 11 6 2 8 13
3 4 14 15 5 16 6 7 8 9 5 11 5 17 12 13 -1 3 4 5 6 7 8 9 10 11 12 13 14 15 16 17 18 19 20 21 output 0 1 2 3 4 5 6 7 4 9 8 11 4 13 14 15
3 4 5 6 7 10 9 8 11 10 12 5 11 13 -1 3 4 5 6 7 8 9 10 11 12 13 14 15 16 17 18 19 20 21 output 0 1 2 3 4 5 6 7 8 2 10 5 8 13
3 4 5 6 7 10 9 8 11 10 12 5 11 13 -1 3 4 5 6 7 8 9 10 11 12 13 14 15 16 17 18 19 20 21 output 0 1 26 27 2 28 3 4 5 6 7 8 5 10 2 8 13
3 4 5 6 7 8 9 5 11 17 9 5 11 13 -1 3 4 5 6 7 8 9 10 11 12 13 14 15 16 17 18 19 20 21 output 0 1 2 3 4 5 6 2 8 9 24 2 13
3 4 5 6 7 10 9 8 11 5 12 10 11 5 17 18 13 -1 3 4 5 6 7 8 9 10 11 12 13 14 15 16 17 18 19 20 21 output 0 1 2 3 4 5 6 7 8 5 10 2 8 5 14 15 16
3 4 5 6 7 8 9 10 11 10 9 5 11 10 17 18 13 -1 3 4 5 6 7 8 9 10 11 12 13 14 15 16 17 18 19 20 21 output 0 1 2 3 4 5 6 2 8 14 6 2 8 2 36 15 16
3 4 5 6 7 8 9 10 11 10 12 5 11 10 17 18 13 -1 3 4 5 6 7 8 9 10 11 12 13 14 15 16 17 18 19 20 21 output 0 1 2 3 4 7 6 5 8 7 10 2 8 7 14 15 16
3 4 5 6 7 8 9 5 13 -1 3 4 5 6 7 8 9 10 11 12 13 14 15 16 17 18 19 20 21 output 0 1 2 3 4 2 6 5 18 8
3 4 5 6 7 8 9 5 11 17 9 5 11 13 -1 3 4 5 6 7 8 9 10 11 12 13 14 15 16 17 18 19 20 21 output 0 1 2 3 4 2 6 5 8 2 6 9 8 13
3 4 5 6 7 8 9 5 11 17 9 5 11 13 -1 3 4 5 6 7 8 9 10 11 12 13 14 15 16 17 18 19 20 21 output 0 1 2 3 4 2 6 5 8 2 6 9 8 13
3 4 5 6 7 5 9 8 11 5 17 12 13 -1 3 4 5 6 7 8 9 10 11 12 13 14 15 16 17 18 19 20 21 output 0 1 25 26 2 27 3 4 2 6 7 8 2 10 11 12
3 4 5 6 7 8 9 5 11 17 9 5 11 13 -1 3 4 5 6 7 8 9 10 11 12 13 14 15 16 17 18 19 20 21 output 0 1 2 3 4 5 6 2 8 9 24 2 13
3 4 5 6 7 8 9 5 13 -1 3 4 5 6 7 8 9 10 11 12 13 14 15 16 17 18 19 20 21 output 0 1 2 3 4 2 6 5 8
3 4 5 6 7 8 9 10 11 10 12 5 11 13 -1 3 4 5 6 7 8 9 10 11 12 13 14 15 16 17 18 19 20 21 output 0 1 2 3 4 7 6 5 8 7 6 2 8 13
3 4 5 6 7 8 9 10 11 10 12 5 11 13 -1 3 4 5 6 7 8 9 10 11 12 13 14 15 16 17 18 19 20 21 output 0 1 2 3 4 7 6 5 8 7 10 2 8 13
3 4 5 6 7 10 9 8 11 5 12 10 11 5 17 18 13 -1 3 4 5 6 7 8 9 10 11 12 13 14 15 16 17 18 19 20 21 output 0 1 2 3 4 7 6 5 8 5 6 2 8 5 14 15 16
3 4 5 6 7 5 9 8 11 5 9 17 11 5 21 18 13 -1 3 4 5 6 7 8 9 10 11 12 13 14 15 16 17 18 19 20 21 output 0 1 2 3 4 2 6 7 8 2 27 11 8 2 14 15 16
