3 4 5 6 7 8 9 10 11 10 12 5 11 13 -1 14 15 16 17 18 19 20 21 output 1 2 3 4 5 8 7 6 9 8 11 3 9 14
3 4 5 6 7 10 9 8 11 10 12 5 11 13 -1 14 15 16 17 18 19 20 21 output 1 2 16 17 3 18 4 5 6 7 8 9 6 7 3 14
3 4 5 6 7 10 9 8 11 10 12 5 11 10 17 18 13 -1 14 15 16 19 20 21 output 1 2 3 4 5 6 7 8 9 3 11 6 9 3 15 16 17
3 4 5 6 7 8 9 5 11 17 9 5 11 13 -1 10 12 14 15 16 18 19 20 21 output 1 2 3 4 5 6 7 3 9 10 17 3 14
3 4 5 6 7 5 9 8 11 5 9 17 11 13 -1 10 12 14 15 16 18 19 20 21 output 1 2 3 4 5 3 7 8 9 3 17 12 9 14
3 4 14 15 5 16 6 7 8 9 10 11 10 12 5 11 10 17 18 13 -1 19 20 21 output 1 2 3 4 5 6 7 8 11 10 9 12 11 14 5 12 5 18 19 20
3 4 5 6 7 10 9 8 11 5 12 10 11 5 17 18 13 -1 14 15 16 19 20 21 output 1 2 3 4 5 6 7 8 9 6 11 3 9 6 15 16 17
3 4 5 6 7 10 9 8 11 5 12 10 11 13 -1 14 15 16 17 18 19 20 21 output 1 2 3 4 5 8 7 6 9 6 11 3 9 14
3 4 5 6 7 8 9 5 11 17 9 5 11 13 -1 10 12 14 15 16 18 19 20 21 output 1 2 3 4 5 6 7 3 9 10 17 3 14
3 4 5 6 7 8 9 5 13 -1 10 11 12 14 15 16 17 18 19 20 21 output 1 2 3 4 5 3 7 6 9
3 4 5 6 7 8 9 5 11 17 9 5 11 13 -1 10 12 14 15 16 18 19 20 21 output 1 2 3 4 5 6 7 3 9 10 17 3 14
3 4 14 15 5 16 6 7 10 9 8 11 5 12 10 11 5 17 18 13 -1 19 20 21 output 1 2 3 4 5 6 7 8 9 10 11 12 9 14 5 12 5 18 19 20
3 4 5 6 7 8 9 5 13 -1 10 11 12 14 15 16 17 18 19 20 21 output 1 2 3 4 5 3 7 6 12 9
3 4 5 6 7 8 9 5 13 -1 10 11 12 14 15 16 17 18 19 20 21 output 1 2 3 4 5 3 7 6 12 9
3 4 5 6 7 10 9 8 11 10 12 5 11 10 17 18 13 -1 14 15 16 19 20 21 output 1 2 3 4 5 8 7 6 9 6 11 3 9 6 15 16 17
3 4 5 6 7 10 9 8 11 5 12 10 11 13 -1 14 15 16 17 18 19 20 21 output 1 2 16 17 3 18 4 5 6 7 8 9 6 7 3 14
3 4 5 6 7 10 9 8 11 5 12 10 11 5 17 18 13 -1 14 15 16 19 20 21 output 1 2 3 4 5 6 7 8 9 6 7 3 9 6 15 16 17
19 6 7 8 9 17 13 -1 3 4 5 10 11 12 14 15 16 18 20 21 output 1 2 3 4 5 19 7
3 4 5 6 7 8 9 5 13 -1 10 11 12 14 15 16 17 18 19 20 21 output 1 2 3 4 5 3 7 6 9
3 4 5 6 7 8 9 5 11 17 9 5 11 13 -1 10 12 14 15 16 18 19 20 21 output 1 2 3 4 5 6 7 3 9 10 17 3 14
3 4 5 6 7 8 9 5 11 17 9 5 11 13 -1 10 12 14 15 16 18 19 20 21 output 1 2 3 4 5 6 7 3 9 10 17 3 9 14
3 4 5 6 7 8 9 10 11 10 12 5 11 13 -1 14 15 16 17 18 19 20 21 output 1 2 3 4 5 8 7 6 9 8 11 3 9 14
3 4 5 6 7 10 9 8 11 10 12 5 11 13 -1 14 15 16 17 18 19 20 21 output 1 2 16 17 3 18 4 5 6 7 8 9 6 11 3 9 14
3 4 14 15 5 16 6 7 10 9 8 11 10 12 5 11 13 -1 17 18 19 20 21 output 1 2 3 4 5 6 7 8 9 10 11 12 5 14 9 12 17
3 4 5 6 7 10 9 8 11 5 12 10 11 5 17 18 13 -1 14 15 16 19 20 21 output 1 2 3 4 5 6 7 8 9 6 11 3 9 6 15 16 17
3 4 5 6 7 10 9 8 11 5 12 10 11 5 17 18 13 -1 14 15 16 19 20 21 output 1 2 3 4 5 6 7 8 9 6 11 3 9 6 15 16 17
3 4 5 6 7 8 9 5 11 17 9 5 11 13 -1 10 12 14 15 16 18 19 20 21 output 1 2 3 4 5 6 7 3 9 10 17 3 14
3 4 5 6 7 10 9 8 11 5 12 10 11 5 17 18 13 -1 14 15 16 19 20 21 output 1 2 3 4 5 6 7 8 9 6 7 3 9 6 15 16 17
3 4 5 6 7 8 9 5 13 -1 10 11 12 14 15 16 17 18 19 20 21 output 1 2 3 4 5 3 7 6 9
3 4 5 6 7 8 9 5 11 17 9 5 11 13 -1 10 12 14 15 16 18 19 20 21 output 1 2 3 4 5 6 7 3 9 10 17 3 9 14
3 4 5 6 7 10 9 8 11 5 12 10 11 13 -1 14 15 16 17 18 19 20 21 output 1 2 3 4 5 6 7 8 9 6 11 3 9 14
3 4 5 6 7 10 9 8 11 5 12 10 11 5 17 18 13 -1 14 15 16 19 20 21 output 1 2 3 4 5 6 7 8 9 6 11 3 9 6 15 16 17
3 4 5 6 7 8 9 5 11 17 9 5 11 13 -1 10 12 14 15 16 18 19 20 21 output 1 2 3 4 5 6 7 3 9 10 17 3 14
3 4 5 6 7 10 9 8 11 5 12 10 11 5 17 18 13 -1 14 15 16 19 20 21 output 1 2 3 4 5 6 7 8 9 6 11 3 9 6 15 16 17
3 4 5 6 7 10 9 8 11 5 12 10 11 5 17 18 13 -1 14 15 16 19 20 21 output 1 2 19 20 3 21 4 5 6 7 8 9 3 11 6 9 3 15 16 17
3 4 5 6 7 5 9 8 11 5 17 12 13 -1 10 14 15 16 18 19 20 21 output 1 2 16 17 3 18 4 5 3 7 8 9 3 11 12 13
3 4 5 6 7 10 9 8 11 5 12 10 11 13 -1 14 15 16 17 18 19 20 21 output 1 2 3 4 5 8 7 6 9 6 11 3 9 14
3 4 5 6 7 10 9 8 11 5 12 10 11 13 -1 14 15 16 17 18 19 20 21 output 1 2 3 4 5 6 7 8 9 6 11 3 9 14
3 4 5 6 7 8 9 5 11 17 9 5 11 13 -1 10 12 14 15 16 18 19 20 21 output 1 2 3 4 5 6 7 3 9 10 17 3 14
3 4 5 6 7 5 9 8 11 5 9 17 11 5 21 18 13 -1 10 12 14 15 16 19 20 output 1 2 3 4 5 3 7 8 9 3 20 12 9 3 15 16 17
3 4 5 6 7 8 9 5 11 17 9 5 11 13 -1 10 12 14 15 16 18 19 20 21 output 1 2 3 4 5 6 7 3 9 10 17 3 14
3 4 5 6 7 10 9 8 11 5 12 10 11 5 17 18 13 -1 14 15 16 19 20 21 output 1 2 3 4 5 6 7 8 9 6 11 3 9 6 15 16 17
3 4 5 6 7 8 9 5 13 -1 10 11 12 14 15 16 17 18 19 20 21 output 1 2 3 4 5 3 7 6 9
3 4 5 6 7 10 9 8 11 5 12 10 11 5 17 18 13 -1 14 15 16 19 20 21 output 1 2 3 4 5 6 7 8 9 6 11 3 9 6 15 16 17
3 4 14 15 5 16 6 7 10 9 8 11 5 12 10 11 13 -1 17 18 19 20 21 output 1 2 3 4 5 6 7 8 9 10 11 12 9 14 5 12 17
3 4 5 6 7 8 9 5 11 13 -1 10 12 14 15 16 17 18 19 20 21 output 1 2 3 4 5 3 7 6 9 10
3 4 14 15 5 16 6 7 10 9 8 11 5 12 10 11 5 17 18 13 -1 19 20 21 output 1 2 3 4 5 6 7 8 9 10 11 12 9 14 5 12 5 18 19 20
3 4 5 6 7 8 9 10 11 10 12 5 11 10 17 18 13 -1 14 15 16 19 20 21 output 1 2 3 4 5 8 7 6 9 8 11 3 9 8 15 16 17
3 4 5 6 7 8 9 5 13 -1 10 11 12 14 15 16 17 18 19 20 21 output 1 2 14 15 3 16 4 5 3 7 6 12 9
3 4 5 6 7 10 9 8 11 10 12 5 11 13 -1 14 15 16 17 18 19 20 21 output 1 2 3 4 5 8 7 6 9 6 11 3 9 14
3 4 5 6 7 5 9 8 11 5 9 17 11 13 -1 10 12 14 15 16 18 19 20 21 output 1 2 3 4 5 3 7 8 9 3 17 12 9 14
3 4 5 6 7 10 9 8 11 10 12 5 11 10 17 18 13 -1 14 15 16 19 20 21 output 1 2 19 20 3 21 4 5 6 7 8 9 6 11 3 9 3 15 16 17
3 4 5 6 7 8 9 10 11 10 12 5 11 13 -1 14 15 16 17 18 19 20 21 output 1 2 3 4 5 6 7 8 9 8 22 3 9 14
3 4 14 15 5 16 6 7 10 9 8 11 5 12 10 11 5 17 18 13 -1 19 20 21 output 1 2 3 4 5 6 7 8 9 10 11 12 9 14 5 12 5 18 19 20
3 4 5 6 7 10 9 8 11 5 12 10 11 13 -1 14 15 16 17 18 19 20 21 output 1 2 16 17 3 18 4 5 6 7 8 9 6 11 3 9 14
3 4 14 15 5 16 6 7 10 9 8 11 5 12 10 11 5 17 18 13 -1 19 20 21 output 1 2 3 4 5 6 7 8 9 10 11 12 9 14 5 12 5 18 19 20
3 4 5 6 7 10 9 8 11 10 12 5 11 13 -1 14 15 16 17 18 19 20 21 output 1 2 16 17 3 18 4 5 6 7 8 9 6 7 3 14
3 4 5 6 7 8 9 5 13 -1 10 11 12 14 15 16 17 18 19 20 21 output 1 2 3 4 5 3 7 6 12 9
3 4 5 6 7 8 9 5 11 17 9 5 11 13 -1 10 12 14 15 16 18 19 20 21 output 1 2 3 4 5 6 7 3 9 10 17 3 14
3 4 5 6 7 8 9 5 11 17 9 5 11 13 -1 10 12 14 15 16 18 19 20 21 output 1 2 3 4 5 6 7 3 9 10 17 3 14
3 4 5 6 7 8 9 5 13 -1 10 11 12 14 15 16 17 18 19 20 21 output 1 2 14 15 3 16 4 5 6 7 3 12 9
3 4 5 6 7 8 9 5 13 -1 10 11 12 14 15 16 17 18 19 20 21 output 1 2 3 4 5 3 7 6 9
3 4 5 6 7 10 9 8 11 5 12 10 11 13 -1 14 15 16 17 18 19 20 21 output 1 2 3 4 5 6 7 8 9 6 11 3 9 14
3 4 5 6 7 8 9 5 11 17 9 5 11 13 -1 10 12 14 15 16 18 19 20 21 output 1 2 3 4 5 6 7 3 9 10 17 3 14
3 4 5 6 7 10 9 8 11 5 12 10 11 13 -1 14 15 16 17 18 19 20 21 output 1 2 3 4 5 6 7 8 9 6 11 3 9 14
3 4 5 6 7 8 9 5 13 -1 10 11 12 14 15 16 17 18 19 20 21 output 1 2 3 4 5 3 7 6 9
3 4 5 6 7 8 9 5 11 17 9 5 11 13 -1 10 12 14 15 16 18 19 20 21 output 1 2 3 4 5 6 7 3 9 10 17 3 14
3 4 5 6 7 8 9 5 13 -1 10 11 12 14 15 16 17 18 19 20 21 output 1 2 3 4 5 3 7 6 9
3 4 5 6 7 8 9 5 11 17 9 5 11 13 -1 10 12 14 15 16 18 19 20 21 output 1 2 3 4 5 6 7 3 9 10 17 3 14
3 4 5 6 7 10 9 8 11 5 12 10 11 13 -1 14 15 16 17 18 19 20 21 output 1 2 3 4 5 6 7 8 9 6 11 3 9 14
3 4 5 6 7 5 9 8 11 5 9 17 11 13 -1 10 12 14 15 16 18 19 20 21 output 1 2 3 4 5 3 7 8 9 3 17 12 9 14
3 4 5 6 7 8 9 5 11 17 9 5 11 13 -1 10 12 14 15 16 18 19 20 21 output 1 2 3 4 5 6 7 3 9 10 17 3 14
3 4 5 6 7 8 9 5 11 17 9 5 11 13 -1 10 12 14 15 16 18 19 20 21 output 1 2 3 4 5 6 7 3 9 10 17 3 14
3 4 5 6 7 10 9 8 11 5 12 10 11 13 -1 14 15 16 17 18 19 20 21 output 1 2 16 17 3 18 4 5 6 7 8 9 6 7 3 14
3 4 5 6 7 10 9 8 11 5 12 10 11 13 -1 14 15 16 17 18 19 20 21 output 1 2 3 4 5 8 7 6 9 6 11 3 9 14
3 4 5 6 7 8 9 5 13 -1 10 11 12 14 15 16 17 18 19 20 21 output 1 2 3 4 5 3 7 6 9
3 4 5 6 7 8 9 10 11 10 12 5 11 10 17 18 13 -1 14 15 16 19 20 21 output 1 2 3 4 5 8 7 6 9 3 11 8 9 3 15 16 17
3 4 5 6 7 10 9 8 11 10 12 5 11 10 17 18 13 -1 14 15 16 19 20 21 output 1 2 3 4 5 8 7 6 9 6 11 3 9 6 15 16 17
3 4 5 6 7 10 9 8 11 10 12 5 11 10 17 18 13 -1 14 15 16 19 20 21 output 1 2 3 4 5 6 7 8 9 3 11 6 9 3 15 16 17
3 4 5 6 7 8 9 10 11 10 12 5 11 13 -1 14 15 16 17 18 19 20 21 output 1 2 3 4 5 8 7 6 9 8 11 3 9 14
3 4 5 6 7 8 9 5 13 -1 10 11 12 14 15 16 17 18 19 20 21 output 1 2 3 4 5 3 7 6 9
3 4 5 6 7 8 9 5 11 17 12 5 13 -1 10 14 15 16 18 19 20 21 output 1 2 3 4 5 3 7 6 9 3 11 10 9 13
3 4 5 6 7 8 9 5 11 17 9 5 11 13 -1 10 12 14 15 16 18 19 20 21 output 1 2 3 4 5 6 7 3 9 10 17 3 14
3 4 5 6 7 8 9 5 11 17 9 5 11 13 -1 10 12 14 15 16 18 19 20 21 output 1 2 3 4 5 6 7 3 9 10 17 3 14
3 4 5 6 7 8 9 5 13 -1 10 11 12 14 15 16 17 18 19 20 21 output 1 2 3 4 5 3 7 6 9
3 4 5 6 7 5 9 8 11 5 12 17 11 5 21 18 13 -1 10 14 15 16 19 20 output 1 2 3 4 5 8 7 3 9 12 7 3 9 3 15 16 17
3 4 5 6 7 8 9 5 11 17 9 5 11 13 -1 10 12 14 15 16 18 19 20 21 output 1 2 3 4 5 6 7 3 9 10 17 3 14
3 4 5 6 7 8 9 5 11 17 12 5 13 -1 10 14 15 16 18 19 20 21 output 1 2 3 4 5 3 7 6 9 3 11 10 9 13
3 4 5 6 7 8 9 5 11 17 9 5 11 13 -1 10 12 14 15 16 18 19 20 21 output 1 2 3 4 5 6 7 3 9 10 17 3 14
3 4 5 6 7 8 9 5 13 -1 10 11 12 14 15 16 17 18 19 20 21 output 1 2 3 4 5 3 7 6 12 9
3 4 5 6 7 8 9 5 13 -1 10 11 12 14 15 16 17 18 19 20 21 output 1 2 14 15 3 16 4 5 6 7 3 12 9
3 4 5 6 7 10 9 8 11 10 12 5 11 13 -1 14 15 16 17 18 19 20 21 output 1 2 16 17 3 18 4 5 6 7 8 9 6 11 3 9 14
3 4 5 6 7 10 9 8 11 10 12 5 11 13 -1 14 15 16 17 18 19 20 21 output 1 2 16 17 3 18 4 5 6 7 8 9 6 11 3 9 14
3 4 5 6 7 10 9 8 11 5 12 10 11 5 17 18 13 -1 14 15 16 19 20 21 output 1 2 3 4 5 6 7 8 9 6 11 3 9 6 15 16 17
3 4 5 6 7 8 9 5 13 -1 10 11 12 14 15 16 17 18 19 20 21 output 1 2 3 4 5 3 7 6 9
3 4 5 6 7 10 9 8 11 5 12 10 11 13 -1 14 15 16 17 18 19 20 21 output 1 2 3 4 5 6 7 8 9 6 11 3 9 14
3 4 5 6 7 5 9 8 11 5 17 12 13 -1 10 14 15 16 18 19 20 21 output 1 2 16 17 3 18 4 5 8 7 3 9 3 11 12 13
3 4 5 6 7 10 9 8 11 5 12 10 11 5 17 18 13 -1 14 15 16 19 20 21 output 1 2 19 20 3 21 4 5 6 7 8 9 3 11 6 9 3 15 16 17
3 4 5 6 7 8 9 10 11 10 12 5 11 13 -1 14 15 16 17 18 19 20 21 output 1 2 3 4 5 8 7 6 9 8 7 3 9 14
3 4 5 6 7 8 9 10 11 10 12 5 11 13 -1 14 15 16 17 18 19 20 21 output 1 2 3 4 5 8 7 6 9 8 11 3 9 14
3 4 5 6 7 8 9 5 13 -1 10 11 12 14 15 16 17 18 19 20 21 output 1 2 3 4 5 3 7 6 9
3 4 5 6 7 5 9 8 13 -1 10 11 12 14 15 16 17 18 19 20 21 output 1 2 14 15 3 16 4 5 3 7 8 12 9
3 4 5 6 7 8 9 5 13 -1 10 11 12 14 15 16 17 18 19 20 21 output 1 2 14 15 3 16 4 5 6 7 3 12 9
3 4 5 6 7 5 9 8 13 -1 10 11 12 14 15 16 17 18 19 20 21 output 1 2 14 15 3 16 4 5 3 7 8 12 9
3 4 5 6 7 8 9 5 13 -1 10 11 12 14 15 16 17 18 19 20 21 output 1 2 3 4 5 3 7 6 12 9
3 4 5 6 7 10 9 8 11 5 12 10 11 5 17 18 13 -1 14 15 16 19 20 21 output 1 2 3 4 5 6 7 8 9 6 11 3 9 6 15 16 17
3 4 5 6 7 10 9 8 11 5 12 10 11 5 17 18 13 -1 14 15 16 19 20 21 output 1 2 19 20 3 21 4 5 6 7 8 9 3 11 6 9 3 15 16 17
3 4 5 6 7 10 9 8 11 10 9 5 11 10 17 18 13 -1 12 14 15 16 19 20 21 output 1 2 3 4 5 8 7 6 9 6 19 3 9 6 15 16 17
3 4 5 6 7 5 9 8 11 5 12 17 11 5 21 18 13 -1 10 14 15 16 19 20 output 1 2 20 21 3 22 4 5 19 7 8 9 3 11 19 9 3 12 16 17
19 6 7 8 9 17 13 -1 3 4 5 10 11 12 14 15 16 18 20 21 output 1 2 3 4 5 19 7
3 4 5 6 7 8 9 10 11 10 12 5 11 13 -1 14 15 16 17 18 19 20 21 output 1 2 3 4 5 8 7 6 9 3 11 8 9 14
3 4 5 6 7 5 9 8 11 5 17 12 13 -1 10 14 15 16 18 19 20 21 output 1 2 16 17 3 18 4 5 3 7 8 9 3 11 12 13
3 4 5 6 7 8 9 5 13 -1 10 11 12 14 15 16 17 18 19 20 21 output 1 2 3 4 5 3 7 6 9
3 4 5 6 7 10 9 8 11 5 12 10 11 13 -1 14 15 16 17 18 19 20 21 output 1 2 3 4 5 6 7 8 9 6 11 3 9 14
3 4 5 6 7 8 9 10 11 10 12 5 11 13 -1 14 15 16 17 18 19 20 21 output 1 2 16 17 3 18 4 5 8 7 6 9 8 11 3 9 14
3 4 5 6 7 5 9 8 13 -1 10 11 12 14 15 16 17 18 19 20 21 output 1 2 14 15 3 16 4 5 3 7 8 12 9
3 4 5 6 7 10 9 8 11 10 12 5 11 10 17 18 13 -1 14 15 16 19 20 21 output 1 2 3 4 5 8 7 6 9 6 11 3 9 6 15 16 17
3 4 5 6 7 8 9 5 11 17 9 5 11 13 -1 10 12 14 15 16 18 19 20 21 output 1 2 3 4 5 6 7 3 9 10 17 3 14
3 4 5 6 7 8 9 10 11 10 12 5 11 10 17 18 13 -1 14 15 16 19 20 21 output 1 2 19 20 3 21 4 5 6 7 8 9 8 11 3 9 8 15 16 17
3 4 5 6 7 8 9 5 11 17 9 5 11 13 -1 10 12 14 15 16 18 19 20 21 output 1 2 3 4 5 6 7 3 9 10 17 3 14
3 4 5 6 7 10 9 8 11 10 12 5 11 13 -1 14 15 16 17 18 19 20 21 output 1 2 16 17 3 18 4 5 6 7 8 9 6 11 3 9 14
3 4 5 6 7 8 9 10 11 10 12 5 11 13 -1 14 15 16 17 18 19 20 21 output 1 2 16 17 3 18 4 5 8 7 6 9 8 11 3 9 14
3 4 5 6 7 10 9 8 11 5 12 10 11 13 -1 14 15 16 17 18 19 20 21 output 1 2 16 17 3 18 4 5 6 7 8 9 6 11 3 9 14
3 4 5 6 7 8 9 5 11 17 9 5 11 5 21 18 13 -1 10 12 14 15 16 19 20 output 1 2 3 4 5 6 7 3 9 10 20 3 9 3 15 16 17
3 4 5 6 7 8 9 10 11 10 12 5 11 13 -1 14 15 16 17 18 19 20 21 output 1 2 3 4 5 8 7 6 9 8 11 3 9 14
3 4 5 6 7 8 9 10 11 10 12 5 11 13 -1 14 15 16 17 18 19 20 21 output 1 2 16 17 3 18 4 5 8 7 6 9 8 11 3 9 14
3 4 5 6 7 8 9 5 13 -1 10 11 12 14 15 16 17 18 19 20 21 output 1 2 3 4 5 3 7 6 9
3 4 5 6 7 8 9 5 11 17 9 5 11 13 -1 10 12 14 15 16 18 19 20 21 output 1 2 3 4 5 6 7 3 9 10 17 3 14
3 4 5 6 7 10 9 8 11 10 12 5 11 13 -1 14 15 16 17 18 19 20 21 output 1 2 3 4 5 8 7 6 9 6 11 3 9 14
3 4 5 6 7 8 9 5 11 17 9 5 11 13 -1 10 12 14 15 16 18 19 20 21 output 1 2 3 4 5 6 7 3 9 10 17 3 14
3 4 5 6 7 10 9 8 11 10 12 5 11 13 -1 14 15 16 17 18 19 20 21 output 1 2 16 17 3 18 4 5 6 7 8 9 6 7 3 14
3 4 5 6 7 8 9 10 11 10 12 5 11 10 17 18 13 -1 14 15 16 19 20 21 output 1 2 3 4 5 8 7 6 9 8 11 3 9 8 15 16 17
3 4 5 6 7 5 9 8 11 13 -1 10 12 14 15 16 17 18 19 20 21 output 1 2 14 15 3 16 4 5 3 7 8 9 10
3 4 14 15 5 16 6 7 8 9 5 11 13 -1 10 12 17 18 19 20 21 output 1 2 3 4 5 6 7 8 5 10 9 12 13
3 4 5 6 7 10 9 8 11 5 12 10 11 13 -1 14 15 16 17 18 19 20 21 output 1 2 3 4 5 6 7 8 9 6 11 3 9 14
3 4 5 6 7 8 9 5 13 -1 10 11 12 14 15 16 17 18 19 20 21 output 1 2 3 4 5 3 7 6 9
3 4 5 6 7 8 9 5 11 17 9 5 11 13 -1 10 12 14 15 16 18 19 20 21 output 1 2 3 4 5 6 7 3 9 10 17 3 14
3 4 5 6 7 10 9 8 11 10 12 5 11 10 17 18 13 -1 14 15 16 19 20 21 output 1 2 3 4 5 8 7 6 9 6 11 3 9 6 15 16 17
3 4 5 6 7 8 9 5 11 17 9 5 11 13 -1 10 12 14 15 16 18 19 20 21 output 1 2 3 4 5 6 7 3 9 10 17 3 9 14
3 4 5 6 7 8 9 5 11 17 9 5 11 13 -1 10 12 14 15 16 18 19 20 21 output 1 2 3 4 5 6 7 3 9 10 17 3 14
3 4 5 6 7 5 9 8 11 5 9 17 11 13 -1 10 12 14 15 16 18 19 20 21 output 1 2 3 4 5 3 7 8 9 3 17 12 9 14
3 4 5 6 7 8 9 5 13 -1 10 11 12 14 15 16 17 18 19 20 21 output 1 2 3 4 5 3 7 6 12 9
3 4 5 6 7 8 9 5 11 17 9 5 11 13 -1 10 12 14 15 16 18 19 20 21 output 1 2 3 4 5 6 7 3 9 10 17 3 14
3 4 5 6 7 10 9 8 11 10 12 5 11 10 17 18 13 -1 14 15 16 19 20 21 output 1 2 19 20 3 21 4 5 6 7 8 9 6 11 3 9 3 15 16 17
3 4 5 6 7 10 9 8 11 5 12 10 11 5 17 18 13 -1 14 15 16 19 20 21 output 1 2 3 4 5 6 7 8 9 6 11 3 9 6 15 16 17
3 4 5 6 7 8 9 5 11 17 9 5 11 13 -1 10 12 14 15 16 18 19 20 21 output 1 2 3 4 5 6 7 3 9 10 17 3 14
3 4 5 6 7 10 9 8 11 10 12 5 11 10 17 18 13 -1 14 15 16 19 20 21 output 1 2 3 4 5 6 7 8 9 3 11 6 9 3 15 16 17
3 4 5 6 7 10 9 8 11 5 12 10 11 5 17 18 13 -1 14 15 16 19 20 21 output 1 2 3 4 5 6 7 8 9 3 11 6 9 3 15 16 17
3 4 5 6 7 8 9 5 13 -1 10 11 12 14 15 16 17 18 19 20 21 output 1 2 14 15 3 16 4 5 3 7 6 12 9
3 4 5 6 7 10 9 8 11 5 12 10 11 5 17 18 13 -1 14 15 16 19 20 21 output 1 2 3 4 5 6 7 8 9 6 7 3 9 6 15 16 17
3 4 5 6 7 10 9 8 11 5 12 10 11 13 -1 14 15 16 17 18 19 20 21 output 1 2 16 17 3 18 4 5 6 7 8 9 6 11 3 9 14
3 4 5 6 7 8 9 5 13 -1 10 11 12 14 15 16 17 18 19 20 21 output 1 2 3 4 5 3 7 6 9
3 4 5 6 7 8 9 10 11 10 12 5 11 10 17 18 13 -1 14 15 16 19 20 21 output 1 2 3 4 5 8 7 6 9 8 11 3 9 8 15 16 17
19 6 7 8 9 17 13 -1 3 4 5 10 11 12 14 15 16 18 20 21 output 1 2 3 4 5 19 7
3 4 5 6 7 8 9 5 11 17 9 5 11 13 -1 10 12 14 15 16 18 19 20 21 output 1 2 3 4 5 6 7 3 9 10 17 3 14
3 4 5 6 7 8 9 5 13 -1 10 11 12 14 15 16 17 18 19 20 21 output 1 2 3 4 5 3 7 6 12 9
3 4 5 6 7 10 9 8 11 10 12 5 11 10 17 18 13 -1 14 15 16 19 20 21 output 1 2 3 4 5 8 7 6 9 6 11 3 9 6 15 16 17
3 4 5 6 7 10 9 8 11 10 12 5 11 13 -1 14 15 16 17 18 19 20 21 output 1 2 16 17 3 18 4 5 6 7 8 9 6 11 3 9 14
3 4 5 6 7 10 9 8 11 5 12 10 11 13 -1 14 15 16 17 18 19 20 21 output 1 2 3 4 5 8 7 6 9 6 11 3 9 14
3 4 5 6 7 10 9 8 11 5 12 10 11 5 17 18 13 -1 14 15 16 19 20 21 output 1 2 3 4 5 6 7 8 9 6 11 3 9 6 15 16 17
3 4 5 6 7 8 9 10 11 10 12 5 11 13 -1 14 15 16 17 18 19 20 21 output 1 2 16 17 3 18 4 5 6 7 8 9 8 11 3 9 14
3 4 5 6 7 5 9 8 11 5 17 12 13 -1 10 14 15 16 18 19 20 21 output 1 2 16 17 3 18 4 5 3 7 8 9 3 11 12 13
3 4 5 6 7 5 9 8 11 5 9 17 11 13 -1 10 12 14 15 16 18 19 20 21 output 1 2 3 4 5 3 7 8 9 3 17 12 9 14
3 4 5 6 7 8 9 5 11 17 9 5 11 13 -1 10 12 14 15 16 18 19 20 21 output 1 2 3 4 5 6 7 3 9 10 17 3 14
3 4 5 6 7 10 9 8 11 5 12 10 11 13 -1 14 15 16 17 18 19 20 21 output 1 2 3 4 5 6 7 8 9 6 11 3 9 14
3 4 5 6 7 8 9 5 11 17 9 5 11 13 -1 10 12 14 15 16 18 19 20 21 output 1 2 3 4 5 6 7 3 9 10 17 3 14
3 4 5 6 7 8 9 5 11 17 9 5 11 13 -1 10 12 14 15 16 18 19 20 21 output 1 2 3 4 5 6 7 3 9 10 17 3 14
3 4 5 6 7 8 9 5 13 -1 10 11 12 14 15 16 17 18 19 20 21 output 1 2 3 4 5 3 7 6 9
3 4 5 6 7 10 9 8 11 5 12 10 11 13 -1 14 15 16 17 18 19 20 21 output 1 2 3 4 5 6 7 8 9 6 11 3 9 14
3 4 5 6 7 8 9 10 11 10 12 5 11 13 -1 14 15 16 17 18 19 20 21 output 1 2 3 4 5 8 7 6 9 3 11 8 9 14
3 4 5 6 7 10 9 8 11 5 12 10 11 13 -1 14 15 16 17 18 19 20 21 output 1 2 3 4 5 6 7 8 9 6 11 3 9 14
3 4 5 6 7 8 9 5 13 -1 10 11 12 14 15 16 17 18 19 20 21 output 1 2 3 4 5 3 7 6 9
3 4 5 6 7 8 9 5 13 -1 10 11 12 14 15 16 17 18 19 20 21 output 1 2 14 15 3 16 4 5 3 7 6 12 9
3 4 5 6 7 8 9 5 11 17 9 5 11 13 -1 10 12 14 15 16 18 19 20 21 output 1 2 3 4 5 6 7 3 9 10 17 3 14
3 4 5 6 7 10 9 8 11 10 12 5 11 10 17 18 13 -1 14 15 16 19 20 21 output 1 2 3 4 5 8 7 6 9 6 11 3 9 6 15 16 17
3 4 5 6 7 8 9 5 13 -1 10 11 12 14 15 16 17 18 19 20 21 output 1 2 3 4 5 3 7 6 9
3 4 5 6 7 10 9 8 11 10 12 5 11 10 17 18 13 -1 14 15 16 19 20 21 output 1 2 3 4 5 8 7 6 9 6 11 3 9 6 15 16 17
3 4 5 6 7 8 9 10 11 10 12 5 11 13 -1 14 15 16 17 18 19 20 21 output 1 2 3 4 5 8 7 6 9 3 11 8 9 14
3 4 5 6 7 8 9 10 11 10 12 5 11 13 -1 14 15 16 17 18 19 20 21 output 1 2 3 4 5 8 7 6 9 3 11 8 9 14
3 4 5 6 7 8 9 5 11 17 9 5 11 13 -1 10 12 14 15 16 18 19 20 21 output 1 2 3 4 5 6 7 3 9 10 17 3 14
3 4 5 6 7 8 9 5 13 -1 10 11 12 14 15 16 17 18 19 20 21 output 1 2 3 4 5 3 7 6 9
3 4 5 6 7 10 9 8 11 5 12 10 11 5 17 18 13 -1 14 15 16 19 20 21 output 1 2 3 4 5 6 7 8 9 6 11 3 9 6 15 16 17
3 4 5 6 7 10 9 8 11 10 12 5 11 10 17 18 13 -1 14 15 16 19 20 21 output 1 2 3 4 5 8 7 6 9 6 11 3 9 6 15 16 17
3 4 5 6 7 10 9 8 11 5 12 10 11 13 -1 14 15 16 17 18 19 20 21 output 1 2 3 4 5 8 7 6 9 6 11 3 9 14
3 4 5 6 7 8 9 5 13 -1 10 11 12 14 15 16 17 18 19 20 21 output 1 2 3 4 5 3 7 6 9
3 4 5 6 7 8 9 5 13 -1 10 11 12 14 15 16 17 18 19 20 21 output 1 2 3 4 5 3 7 6 9
3 4 5 6 7 8 9 5 11 17 9 5 11 13 -1 10 12 14 15 16 18 19 20 21 output 1 2 3 4 5 6 7 3 9 10 17 3 9 14
3 4 5 6 7 8 9 5 11 17 9 5 11 13 -1 10 12 14 15 16 18 19 20 21 output 1 2 3 4 5 6 7 3 9 10 17 3 14
3 4 5 6 7 10 9 8 11 10 12 5 11 10 17 18 13 -1 14 15 16 19 20 21 output 1 2 3 4 5 8 7 6 9 6 11 3 9 6 15 16 17
3 4 5 6 7 8 9 5 13 -1 10 11 12 14 15 16 17 18 19 20 21 output 1 2 3 4 5 3 7 6 12 9
3 4 5 6 7 10 9 8 11 5 12 10 11 5 17 18 13 -1 14 15 16 19 20 21 output 1 2 3 4 5 6 7 8 9 6 11 3 9 6 15 16 17
3 4 14 15 5 16 6 7 10 9 8 11 5 12 10 11 5 17 18 13 -1 19 20 21 output 1 2 3 4 5 6 7 8 9 10 11 12 9 14 5 12 5 18 19 20
3 4 5 6 7 8 9 5 11 17 9 5 11 13 -1 10 12 14 15 16 18 19 20 21 output 1 2 3 4 5 6 7 3 9 10 17 3 14
3 4 5 6 7 8 9 10 11 10 12 5 11 10 17 18 13 -1 14 15 16 19 20 21 output 1 2 19 20 3 21 4 5 6 7 8 9 8 11 3 9 8 15 16 17
3 4 5 6 7 5 9 8 11 13 -1 10 12 14 15 16 17 18 19 20 21 output 1 2 14 15 3 16 4 5 3 7 8 9 10
3 4 5 6 7 8 9 10 11 10 12 5 11 10 17 18 13 -1 14 15 16 19 20 21 output 1 2 3 4 5 8 7 6 9 8 11 3 9 8 15 16 17
3 4 5 6 7 8 9 5 11 17 9 5 11 5 21 18 13 -1 10 12 14 15 16 19 20 output 1 2 3 4 5 6 7 3 9 10 20 3 9 3 15 16 17
3 4 5 6 7 10 9 8 11 5 12 10 11 5 17 18 13 -1 14 15 16 19 20 21 output 1 2 19 20 3 21 4 5 6 7 8 9 3 11 6 9 3 15 16 17
3 4 5 6 7 5 9 8 11 5 17 12 13 -1 10 14 15 16 18 19 20 21 output 1 2 16 17 3 18 4 5 3 7 8 9 3 11 12 13
3 4 5 6 7 10 9 8 11 10 9 5 11 13 -1 12 14 15 16 17 18 19 20 21 output 1 2 17 18 3 19 4 5 6 7 8 9 6 7 3 14
3 4 5 6 7 8 9 5 11 17 9 5 11 13 -1 10 12 14 15 16 18 19 20 21 output 1 2 3 4 5 6 7 3 9 10 17 3 14
3 4 5 6 7 8 9 5 13 -1 10 11 12 14 15 16 17 18 19 20 21 output 1 2 3 4 5 3 7 6 12 9
3 4 5 6 7 8 9 5 13 -1 10 11 12 14 15 16 17 18 19 20 21 output 1 2 14 15 3 16 4 5 3 7 6 12 9
3 4 5 6 7 8 9 5 13 -1 10 11 12 14 15 16 17 18 19 20 21 output 1 2 3 4 5 3 7 6 12 9
3 4 5 6 7 8 9 5 11 17 9 5 11 13 -1 10 12 14 15 16 18 19 20 21 output 1 2 3 4 5 6 7 3 9 10 17 3 9 14
3 4 5 6 7 8 9 5 11 17 9 5 11 13 -1 10 12 14 15 16 18 19 20 21 output 1 2 3 4 5 6 7 3 9 10 17 3 14
3 4 5 6 7 8 9 10 11 10 12 5 11 13 -1 14 15 16 17 18 19 20 21 output 1 2 3 4 5 8 7 6 9 3 11 8 9 14
3 4 5 6 7 8 9 5 13 -1 10 11 12 14 15 16 17 18 19 20 21 output 1 2 3 4 5 3 7 6 12 9
3 4 5 6 7 10 9 8 11 10 12 5 11 10 17 18 13 -1 14 15 16 19 20 21 output 1 2 3 4 5 6 7 8 9 3 11 6 9 3 15 16 17
3 4 5 6 7 10 9 8 11 5 12 10 11 5 17 18 13 -1 14 15 16 19 20 21 output 1 2 3 4 5 6 7 8 9 6 11 3 9 6 15 16 17
3 4 5 6 7 8 9 10 11 10 12 5 11 13 -1 14 15 16 17 18 19 20 21 output 1 2 3 4 5 8 7 6 9 3 11 8 9 14
3 4 5 6 7 5 9 8 11 5 9 17 11 13 -1 10 12 14 15 16 18 19 20 21 output 1 2 3 4 5 3 7 8 9 3 17 12 9 14
3 4 5 6 7 10 9 8 11 5 12 10 11 13 -1 14 15 16 17 18 19 20 21 output 1 2 3 4 5 8 7 6 9 6 11 3 9 14
3 4 5 6 7 8 9 5 13 -1 10 11 12 14 15 16 17 18 19 20 21 output 1 2 3 4 5 3 7 6 12 9
3 4 5 6 7 10 9 8 11 5 12 10 11 13 -1 14 15 16 17 18 19 20 21 output 1 2 16 17 3 18 4 5 6 7 8 9 3 11 6 9 14
3 4 5 6 7 8 9 10 11 10 12 5 11 10 17 18 13 -1 14 15 16 19 20 21 output 1 2 3 4 5 8 7 6 9 8 11 3 9 8 15 16 17
3 4 5 6 7 8 9 5 13 -1 10 11 12 14 15 16 17 18 19 20 21 output 1 2 14 15 3 16 4 5 3 7 6 12 9
3 4 5 6 7 10 9 8 11 5 12 10 11 13 -1 14 15 16 17 18 19 20 21 output 1 2 3 4 5 6 7 8 9 6 11 3 9 14
3 4 5 6 7 10 9 8 11 5 12 10 11 13 -1 14 15 16 17 18 19 20 21 output 1 2 3 4 5 8 7 6 9 6 11 3 9 14
3 4 5 6 7 8 9 5 11 17 9 5 11 13 -1 10 12 14 15 16 18 19 20 21 output 1 2 3 4 5 6 7 3 9 10 17 3 14
3 4 5 6 7 10 9 8 11 5 12 10 11 5 17 18 13 -1 14 15 16 19 20 21 output 1 2 3 4 5 6 7 8 9 6 7 3 9 6 15 16 17
3 4 5 6 7 8 9 5 13 -1 10 11 12 14 15 16 17 18 19 20 21 output 1 2 3 4 5 3 7 6 9
3 4 5 6 7 10 9 8 11 10 12 5 11 10 17 18 13 -1 14 15 16 19 20 21 output 1 2 3 4 5 6 7 8 9 3 11 6 9 3 15 16 17
3 4 5 6 7 10 9 8 11 10 12 5 11 10 17 18 13 -1 14 15 16 19 20 21 output 1 2 3 4 5 8 7 6 9 6 11 3 9 6 15 16 17
3 4 5 6 7 8 9 5 11 17 9 5 11 13 -1 10 12 14 15 16 18 19 20 21 output 1 2 3 4 5 6 7 3 9 10 17 3 14
3 4 14 15 5 16 6 7 10 9 8 11 5 12 10 11 5 17 18 13 -1 19 20 21 output 1 2 3 4 5 6 7 8 9 10 11 12 9 14 5 12 5 18 19 20
3 4 5 6 7 5 9 8 11 5 17 12 13 -1 10 14 15 16 18 19 20 21 output 1 2 16 17 3 18 4 5 8 7 3 9 3 11 12 13
3 4 5 6 7 8 9 5 11 17 9 5 11 13 -1 10 12 14 15 16 18 19 20 21 output 1 2 3 4 5 6 7 3 9 10 17 3 14
3 4 5 6 7 10 9 8 11 10 12 5 11 13 -1 14 15 16 17 18 19 20 21 output 1 2 3 4 5 8 7 6 9 6 11 3 9 14
3 4 5 6 7 8 9 10 11 10 12 5 11 13 -1 14 15 16 17 18 19 20 21 output 1 2 16 17 3 18 4 5 8 7 6 9 8 11 3 9 14
3 4 5 6 7 8 9 5 13 -1 10 11 12 14 15 16 17 18 19 20 21 output 1 2 3 4 5 3 7 6 12 9
3 4 5 6 7 10 9 8 11 10 12 5 11 10 17 18 13 -1 14 15 16 19 20 21 output 1 2 3 4 5 6 7 8 9 3 11 6 9 3 15 16 17
3 4 5 6 7 10 9 8 11 5 12 10 11 5 17 18 13 -1 14 15 16 19 20 21 output 1 2 3 4 5 6 7 8 9 6 11 3 9 6 15 16 17
3 4 5 6 7 10 9 8 11 10 12 5 11 13 -1 14 15 16 17 18 19 20 21 output 1 2 16 17 3 18 4 5 6 7 8 9 6 11 3 9 14
3 4 5 6 7 8 9 10 11 10 12 5 11 13 -1 14 15 16 17 18 19 20 21 output 1 2 3 4 5 8 7 6 9 8 11 3 9 14
3 4 5 6 7 8 9 5 11 17 9 5 11 13 -1 10 12 14 15 16 18 19 20 21 output 1 2 3 4 5 6 7 3 9 10 17 3 14
3 4 5 6 7 10 9 8 11 10 12 5 11 10 17 18 13 -1 14 15 16 19 20 21 output 1 2 3 4 5 6 7 8 9 3 11 6 9 3 15 16 17
3 4 5 6 7 8 9 10 11 10 12 5 11 13 -1 14 15 16 17 18 19 20 21 output 1 2 3 4 5 8 7 6 9 8 11 3 9 14
3 4 5 6 7 10 9 8 11 5 12 10 11 13 -1 14 15 16 17 18 19 20 21 output 1 2 16 17 3 18 4 5 6 7 8 9 6 11 3 9 14
3 4 5 6 7 8 9 5 11 17 9 5 11 13 -1 10 12 14 15 16 18 19 20 21 output 1 2 3 4 5 6 7 3 9 10 17 3 14
3 4 5 6 7 10 9 8 11 5 12 10 11 5 17 18 13 -1 14 15 16 19 20 21 output 1 2 3 4 5 6 7 8 9 6 11 3 9 6 15 16 17
3 4 5 6 7 8 9 5 13 -1 10 11 12 14 15 16 17 18 19 20 21 output 1 2 3 4 5 3 7 6 12 9
3 4 5 6 7 8 9 10 11 10 12 5 11 13 -1 14 15 16 17 18 19 20 21 output 1 2 3 4 5 8 7 6 9 8 11 3 9 14
3 4 5 6 7 8 9 5 11 17 9 5 11 13 -1 10 12 14 15 16 18 19 20 21 output 1 2 3 4 5 6 7 3 9 10 17 3 14
3 4 14 15 5 16 6 7 5 9 8 11 5 17 12 13 -1 10 18 19 20 21 output 1 2 3 4 5 6 7 8 11 10 5 12 5 14 15 16
3 4 5 6 7 10 9 8 11 10 12 5 11 10 17 18 13 -1 14 15 16 19 20 21 output 1 2 3 4 5 6 7 8 9 3 11 6 9 3 15 16 17
3 4 5 6 7 10 9 8 11 5 12 10 11 13 -1 14 15 16 17 18 19 20 21 output 1 2 3 4 5 6 7 8 9 6 11 3 9 14
3 4 5 6 7 10 9 8 11 10 12 5 11 10 17 18 13 -1 14 15 16 19 20 21 output 1 2 3 4 5 6 7 8 9 3 11 6 9 3 15 16 17
3 4 5 6 7 5 9 8 11 5 17 12 13 -1 10 14 15 16 18 19 20 21 output 1 2 16 17 3 18 4 5 3 7 8 9 3 11 12 13
3 4 14 15 5 16 6 7 5 9 8 11 5 12 17 13 -1 10 18 19 20 21 output 1 2 3 4 5 6 7 8 18 10 11 12 18 10 5 16
3 4 5 6 7 5 9 8 11 5 12 17 11 13 -1 10 14 15 16 18 19 20 21 output 1 2 3 4 5 8 7 3 9 12 11 3 14
3 4 5 6 7 8 9 5 13 -1 10 11 12 14 15 16 17 18 19 20 21 output 1 2 3 4 5 3 7 6 12 9
19 6 7 8 9 17 13 -1 3 4 5 10 11 12 14 15 16 18 20 21 output 9 10 11 2 3 4 5 11 13 6 14 11 7
3 4 5 6 7 8 9 10 11 10 12 5 11 13 -1 14 15 16 17 18 19 20 21 output 1 2 3 4 5 8 7 6 9 8 11 3 9 14
3 4 5 6 7 5 9 8 11 5 9 17 11 13 -1 10 12 14 15 16 18 19 20 21 output 1 2 3 4 5 8 7 3 9 12 7 3 9 14
3 4 14 15 5 16 6 7 8 9 5 11 5 17 12 13 -1 10 18 19 20 21 output 1 2 3 4 5 6 7 8 5 10 9 12 5 14 15 16
3 4 5 6 7 10 9 8 11 10 12 5 11 13 -1 14 15 16 17 18 19 20 21 output 1 2 3 4 5 6 7 8 9 3 11 6 9 14
3 4 5 6 7 10 9 8 11 10 12 5 11 13 -1 14 15 16 17 18 19 20 21 output 1 2 16 17 3 18 4 5 6 7 8 9 6 11 3 9 14
3 4 5 6 7 8 9 5 11 17 9 5 11 13 -1 10 12 14 15 16 18 19 20 21 output 1 2 3 4 5 6 7 3 9 10 17 3 14
3 4 5 6 7 10 9 8 11 5 12 10 11 5 17 18 13 -1 14 15 16 19 20 21 output 1 2 3 4 5 6 7 8 9 6 11 3 9 6 15 16 17
3 4 5 6 7 8 9 10 11 10 9 5 11 10 17 18 13 -1 12 14 15 16 19 20 21 output 1 2 3 4 5 6 7 3 9 15 7 3 9 3 25 16 17
3 4 5 6 7 8 9 10 11 10 12 5 11 10 17 18 13 -1 14 15 16 19 20 21 output 1 2 3 4 5 8 7 6 9 8 11 3 9 8 15 16 17
3 4 5 6 7 8 9 5 13 -1 10 11 12 14 15 16 17 18 19 20 21 output 1 2 3 4 5 3 7 6 12 9
3 4 5 6 7 8 9 5 11 17 9 5 11 13 -1 10 12 14 15 16 18 19 20 21 output 1 2 3 4 5 3 7 6 9 3 7 10 9 14
3 4 5 6 7 8 9 5 11 17 9 5 11 13 -1 10 12 14 15 16 18 19 20 21 output 1 2 3 4 5 3 7 6 9 3 7 10 9 14
3 4 5 6 7 5 9 8 11 5 17 12 13 -1 10 14 15 16 18 19 20 21 output 1 2 16 17 3 18 4 5 3 7 8 9 3 11 12 13
3 4 5 6 7 8 9 5 11 17 9 5 11 13 -1 10 12 14 15 16 18 19 20 21 output 1 2 3 4 5 6 7 3 9 10 17 3 14
3 4 5 6 7 8 9 5 13 -1 10 11 12 14 15 16 17 18 19 20 21 output 1 2 3 4 5 3 7 6 9
3 4 5 6 7 8 9 10 11 10 12 5 11 13 -1 14 15 16 17 18 19 20 21 output 1 2 3 4 5 8 7 6 9 8 7 3 9 14
3 4 5 6 7 8 9 10 11 10 12 5 11 13 -1 14 15 16 17 18 19 20 21 output 1 2 3 4 5 8 7 6 9 8 11 3 9 14
3 4 5 6 7 10 9 8 11 5 12 10 11 5 17 18 13 -1 14 15 16 19 20 21 output 1 2 3 4 5 8 7 6 9 6 7 3 9 6 15 16 17
3 4 5 6 7 5 9 8 11 5 9 17 11 5 21 18 13 -1 10 12 14 15 16 19 20 output 1 2 3 4 5 3 7 8 9 3 20 12 9 3 15 16 17
3 4 5 6 7 8 9 -1 10 11 12 13 14 15 16 17 18 19 20 21 22 23 24 25 output 1 2 3 4 5 9 7
11 12 13 4 5 14 7 6 15 14 16 13 15 14 17 18 9 -1 3 8 10 19 20 21 22 23 24 25 output 1 2 3 4 5 6 7 8 9 3 11 6 9 3 15 16 17
11 12 19 20 13 21 4 5 6 7 13 15 9 22 -1 3 8 10 14 16 17 18 23 24 25 output 1 2 3 4 5 6 7 8 9 10 5 12 5 21 20 13
11 12 13 4 5 6 7 13 15 17 16 13 9 -1 3 8 10 14 18 19 20 21 22 23 24 25 output 1 2 3 4 5 6 7 18 9 18 11 3 9 13
11 12 13 4 5 14 7 6 15 13 16 14 15 9 -1 3 8 10 17 18 19 20 21 22 23 24 25 output 1 2 3 4 5 6 7 8 9 6 11 3 9 14
11 12 13 4 5 6 7 14 15 14 8 13 15 9 -1 3 10 16 17 18 19 20 21 22 23 24 25 output 1 2 3 4 5 6 7 8 9 8 25 3 9 14
11 12 19 20 13 21 4 5 14 7 6 15 13 16 14 15 9 -1 3 8 10 17 18 22 23 24 25 output 1 2 3 4 5 6 7 8 9 10 11 12 9 10 5 17
11 12 13 4 5 13 7 6 15 13 16 17 15 9 -1 3 8 10 14 18 19 20 21 22 23 24 25 output 1 2 3 4 5 8 7 3 9 12 11 3 14
11 12 13 4 5 6 7 6 15 14 7 13 15 9 -1 3 8 10 16 17 18 19 20 21 22 23 24 25 output 1 2 3 4 5 6 7 3 9 20 19 3 14
11 12 13 4 5 6 7 14 15 14 16 13 15 9 -1 3 8 10 17 18 19 20 21 22 23 24 25 output 1 2 3 4 5 8 7 6 9 8 11 3 9 14
11 12 19 20 13 21 4 5 14 7 6 15 13 16 14 15 13 17 18 9 -1 3 8 10 22 23 24 25 output 1 2 5 7 8 9 10 11 12 5 14 9 12 5 18 19 20
11 12 13 4 5 14 7 6 15 14 16 13 15 9 -1 3 8 10 17 18 19 20 21 22 23 24 25 output 1 2 3 4 5 8 7 6 9 6 11 3 9 14
11 12 13 4 5 13 7 6 13 9 -1 3 8 10 14 15 16 17 18 19 20 21 22 23 24 25 output 1 2 3 4 5 3 7 8 16 3 18 17 10
11 12 13 4 5 14 7 6 15 13 16 14 15 13 17 18 9 -1 3 8 10 19 20 21 22 23 24 25 output 1 2 3 4 5 6 7 8 9 6 11 3 9 6 15 16 17
11 12 13 4 5 14 7 6 15 14 16 13 15 9 -1 3 8 10 17 18 19 20 21 22 23 24 25 output 1 2 3 4 5 6 7 8 9 3 11 6 9 14
11 12 13 4 5 13 7 6 15 9 -1 3 8 10 14 16 17 18 19 20 21 22 23 24 25 output 1 2 3 4 5 8 7 3 10
11 12 13 4 5 14 7 6 15 14 16 13 15 9 -1 3 8 10 17 18 19 20 21 22 23 24 25 output 1 2 21 22 3 23 4 5 6 7 8 9 6 11 3 9 14
3 4 5 6 7 8 9 -1 10 11 12 13 14 15 16 17 18 19 20 21 22 23 24 25 output 1 2 3 4 5 23 7
11 12 13 4 5 6 7 13 9 -1 3 8 10 14 15 16 17 18 19 20 21 22 23 24 25 output 1 2 3 4 5 3 7 6 15 9
11 12 13 4 5 14 7 6 15 14 16 13 15 9 -1 3 8 10 17 18 19 20 21 22 23 24 25 output 1 2 3 4 5 8 7 6 9 6 11 3 9 14
11 12 13 7 6 15 13 16 17 15 9 -1 3 4 5 8 10 14 18 19 20 21 22 23 24 25 output 1 2 3 14 15 5 4 3 6 9 8 3 11
11 12 19 20 13 21 4 5 14 7 6 15 14 16 13 15 13 17 18 9 -1 3 8 10 22 23 24 25 output 1 2 3 4 5 6 7 8 9 10 11 12 5 14 9 12 5 18 19 20
11 12 13 4 5 14 7 6 15 14 16 13 15 14 17 18 9 -1 3 8 10 19 20 21 22 23 24 25 output 1 2 3 4 5 6 7 8 9 3 11 6 9 3 15 16 17
11 12 13 4 5 14 7 6 15 13 16 14 15 13 17 18 9 -1 3 8 10 19 20 21 22 23 24 25 output 1 2 3 4 5 6 7 8 9 3 11 6 9 3 15 16 17
3 4 5 6 7 8 9 -1 10 11 12 13 14 15 16 17 18 19 20 21 22 23 24 25 output 1 2 3 4 5 24 7
11 12 13 4 5 6 7 14 15 14 16 13 15 9 -1 3 8 10 17 18 19 20 21 22 23 24 25 output 1 2 3 4 5 8 7 6 9 8 11 3 9 14
11 12 13 4 5 13 7 6 15 13 17 16 9 -1 3 8 10 14 18 19 20 21 22 23 24 25 output 1 2 20 21 3 22 4 5 3 7 8 9 3 11 12 13
11 12 13 4 5 14 7 6 15 14 16 13 15 9 -1 3 8 10 17 18 19 20 21 22 23 24 25 output 1 2 3 4 5 6 7 8 9 3 11 6 9 14
11 12 13 4 5 6 7 13 15 17 7 13 15 9 -1 3 8 10 14 16 18 19 20 21 22 23 24 25 output 1 2 3 4 5 6 7 3 9 10 20 3 14
11 12 13 4 5 6 7 13 9 -1 3 8 10 14 15 16 17 18 19 20 21 22 23 24 25 output 1 2 3 4 5 3 7 6 9
11 12 19 20 13 21 4 5 14 7 6 15 14 16 13 15 9 -1 3 8 10 17 18 22 23 24 25 output 1 2 3 4 5 6 7 8 11 10 9 12 9 14 5 12 17
11 12 13 4 5 14 7 6 15 14 16 13 15 14 17 18 9 -1 3 8 10 19 20 21 22 23 24 25 output 1 2 3 4 5 8 7 6 9 6 7 3 9 6 15 16 17
11 12 13 4 5 14 7 6 15 14 16 13 15 9 -1 3 8 10 17 18 19 20 21 22 23 24 25 output 1 2 3 4 5 8 7 6 9 6 11 3 9 14
