3 4 5 6 7 8 9 10 11 10 12 5 11 13 -1 14 15 16 17 18 19 20 output 1 2 3 4 5 8 7 6 9 3 11 8 9 14
3 4 5 6 7 8 9 5 13 -1 10 11 12 14 15 16 17 18 19 20 output 1 2 3 4 5 3 7 6 9
3 4 5 6 7 10 9 8 11 10 12 5 11 10 14 15 13 -1 16 17 18 19 20 output 1 2 3 4 5 6 7 8 9 3 11 6 9 3 15 16 17
3 4 5 6 7 8 9 10 11 10 12 5 11 13 -1 14 15 16 17 18 19 20 output 1 2 3 4 5 8 7 6 9 3 11 8 9 14
3 4 5 6 7 8 9 10 11 10 12 5 11 13 -1 14 15 16 17 18 19 20 output 1 2 3 4 5 8 7 6 9 3 11 8 9 14
3 4 5 6 7 8 9 5 11 14 12 5 13 -1 10 15 16 17 18 19 20 output 1 2 17 18 3 19 4 5 3 7 6 9 3 7 10 13
3 4 5 6 7 8 9 5 11 14 12 5 13 -1 10 15 16 17 18 19 20 output 1 2 3 4 5 3 7 6 9 3 7 10 9 13
3 4 5 6 7 8 9 10 11 10 12 5 11 10 14 15 13 -1 16 17 18 19 20 output 1 2 3 4 5 8 7 6 9 8 11 3 9 8 15 16 17
3 4 5 6 7 8 9 10 11 10 12 5 11 13 -1 14 15 16 17 18 19 20 output 1 2 18 19 3 20 4 5 8 7 6 9 8 11 3 9 14
3 4 5 6 7 8 9 10 11 10 12 5 11 13 -1 14 15 16 17 18 19 20 output 1 2 3 4 5 8 7 6 9 3 11 8 9 14
3 4 5 6 7 8 9 10 11 10 12 5 11 13 -1 14 15 16 17 18 19 20 output 1 2 3 4 5 8 7 6 9 8 11 3 9 14
3 4 5 6 7 10 9 8 11 10 12 5 11 10 14 15 13 -1 16 17 18 19 20 output 1 2 19 20 3 21 4 5 6 7 8 9 6 11 3 9 3 15 16 17
3 4 5 6 7 8 9 5 13 -1 10 11 12 14 15 16 17 18 19 20 output 1 2 3 4 5 3 7 6 12 9
3 4 5 6 7 8 9 5 13 -1 10 11 12 14 15 16 17 18 19 20 output 1 2 3 4 5 3 7 6 12 9
3 4 5 6 7 8 9 5 13 -1 10 11 12 14 15 16 17 18 19 20 output 1 2 3 4 5 3 7 6 9
3 4 5 6 7 8 9 10 11 10 12 5 11 13 -1 14 15 16 17 18 19 20 output 1 2 18 19 3 20 4 5 8 7 6 9 8 11 3 9 14
3 4 5 6 7 8 9 5 13 -1 10 11 12 14 15 16 17 18 19 20 output 1 2 16 17 3 18 4 5 6 7 3 12 9
19 6 7 8 9 14 13 -1 3 4 5 10 11 12 15 16 17 18 20 output 9 10 11 2 3 4 5 11 7
3 4 5 6 7 10 9 8 11 10 12 5 11 10 14 15 13 -1 16 17 18 19 20 output 1 2 3 4 5 6 7 8 9 3 11 6 9 3 15 16 17
3 4 5 6 7 10 9 8 11 5 12 10 11 5 14 15 13 -1 16 17 18 19 20 output 1 2 3 4 5 6 7 8 9 6 11 3 9 6 15 16 17
3 4 16 17 5 18 6 7 5 9 8 11 13 -1 10 12 14 15 19 20 output 1 2 3 4 5 6 7 8 11 10 5 12 13
3 4 5 6 7 8 9 10 11 10 12 5 11 13 -1 14 15 16 17 18 19 20 output 1 2 18 19 3 20 4 5 8 7 6 9 8 11 3 9 14
3 4 5 6 7 10 9 8 11 10 12 5 11 10 14 15 13 -1 16 17 18 19 20 output 1 2 3 4 5 6 7 8 9 3 11 6 9 3 15 16 17
3 4 5 6 7 8 9 5 13 -1 10 11 12 14 15 16 17 18 19 20 output 1 2 3 4 5 3 7 6 9
3 4 16 17 5 18 6 7 10 9 8 11 10 12 5 11 13 -1 14 15 19 20 output 1 2 3 4 5 6 7 8 11 10 9 12 9 14 5 12 17
3 4 5 6 7 8 9 10 11 10 12 5 11 13 -1 14 15 16 17 18 19 20 output 1 2 3 4 5 8 7 6 9 8 11 3 9 14
3 4 5 6 7 10 9 8 11 10 12 5 11 13 -1 14 15 16 17 18 19 20 output 1 2 18 19 3 20 4 5 6 7 8 9 6 11 3 9 14
3 4 5 6 7 5 9 8 11 5 14 12 13 -1 10 15 16 17 18 19 20 output 1 2 17 18 3 19 4 5 3 7 8 9 3 11 12 13
3 4 5 6 7 8 9 5 11 14 9 5 11 13 -1 10 12 15 16 17 18 19 20 output 1 2 3 4 5 3 7 6 9 3 7 10 9 14
3 4 5 6 7 8 9 5 11 14 9 5 11 13 -1 10 12 15 16 17 18 19 20 output 1 2 3 4 5 3 7 6 9 3 7 10 9 14
3 4 5 6 7 8 9 5 13 -1 10 11 12 14 15 16 17 18 19 20 output 1 2 16 17 3 18 4 5 3 7 6 12 9
3 4 5 6 7 8 9 5 13 -1 10 11 12 14 15 16 17 18 19 20 output 1 2 3 4 5 3 7 6 12 9
3 4 5 6 7 8 9 5 13 -1 10 11 12 14 15 16 17 18 19 20 output 1 2 3 4 5 3 7 6 12 9
3 4 5 6 7 10 9 8 11 10 12 5 11 13 -1 14 15 16 17 18 19 20 output 1 2 3 4 5 8 7 6 9 6 11 3 9 14
3 4 5 6 7 8 9 5 11 14 12 5 13 -1 10 15 16 17 18 19 20 output 1 2 3 4 5 3 7 6 9 3 7 10 9 13
3 4 16 17 5 18 6 7 10 9 8 11 10 12 5 11 13 -1 14 15 19 20 output 1 2 5 7 8 11 10 9 12 9 14 5 12 17
3 4 5 6 7 8 9 5 13 -1 10 11 12 14 15 16 17 18 19 20 output 1 2 16 17 3 18 4 5 3 7 6 12 9
3 4 5 6 7 8 9 5 13 -1 10 11 12 14 15 16 17 18 19 20 output 1 2 3 4 5 3 7 6 9
3 4 5 6 7 8 9 5 13 -1 10 11 12 14 15 16 17 18 19 20 output 1 2 3 4 5 3 7 6 12 9
3 4 5 6 7 10 9 8 11 10 12 5 11 10 14 15 13 -1 16 17 18 19 20 output 1 2 19 20 3 21 4 5 6 7 8 9 6 11 3 9 3 15 16 17
3 4 5 6 7 8 9 10 11 10 12 5 11 13 -1 14 15 16 17 18 19 20 output 1 2 3 4 5 8 7 6 9 8 11 3 9 14
3 4 5 6 7 10 9 8 11 10 12 5 11 10 14 15 13 -1 16 17 18 19 20 output 1 2 3 4 5 8 7 6 9 6 11 3 9 6 15 16 17
3 4 16 17 5 18 6 7 10 9 8 11 10 12 5 11 13 -1 14 15 19 20 output 1 2 3 4 5 6 7 8 9 10 11 12 5 14 9 12 17
3 4 5 6 7 5 9 8 11 5 14 12 13 -1 10 15 16 17 18 19 20 output 1 2 17 18 3 19 4 5 3 7 8 9 3 11 12 13
3 4 5 6 7 10 9 8 11 10 12 5 11 10 14 15 13 -1 16 17 18 19 20 output 1 2 19 20 3 21 4 5 6 7 8 9 3 11 6 9 3 15 16 17
3 4 5 6 7 8 9 5 13 -1 10 11 12 14 15 16 17 18 19 20 output 1 2 3 4 5 3 7 6 12 9
3 4 5 6 7 8 9 10 11 10 12 5 11 13 -1 14 15 16 17 18 19 20 output 1 2 3 4 5 8 7 6 9 3 11 8 9 14
3 4 16 17 5 18 6 7 5 9 8 11 5 14 12 13 -1 10 15 19 20 output 1 2 3 4 5 6 7 8 11 10 5 12 5 14 15 16
3 4 5 6 7 8 9 10 11 10 12 5 11 13 -1 14 15 16 17 18 19 20 output 1 2 3 4 5 8 7 6 9 8 11 3 9 14
3 4 5 6 7 8 9 5 13 -1 10 11 12 14 15 16 17 18 19 20 output 1 2 16 17 3 18 4 5 6 7 3 12 9
3 4 5 6 7 8 9 5 13 -1 10 11 12 14 15 16 17 18 19 20 output 1 2 3 4 5 3 7 6 9
3 4 16 17 5 18 6 7 10 9 8 11 10 12 5 11 13 -1 14 15 19 20 output 1 2 5 7 8 9 10 11 12 9 14 5 12 17
3 4 5 6 7 8 9 10 11 10 12 5 11 13 -1 14 15 16 17 18 19 20 output 1 2 3 4 5 8 7 6 9 3 11 8 9 14
3 4 5 6 7 8 9 10 11 10 12 5 11 10 14 15 13 -1 16 17 18 19 20 output 1 2 3 4 5 8 7 6 9 8 7 3 9 8 15 16 17
3 4 5 6 7 10 9 8 11 10 12 5 11 10 14 15 13 -1 16 17 18 19 20 output 1 2 3 4 5 6 7 8 9 3 11 6 9 3 15 16 17
3 4 5 6 7 10 9 8 11 10 12 5 11 13 -1 14 15 16 17 18 19 20 output 1 2 18 19 3 20 4 5 6 7 8 9 6 11 3 9 14
3 4 16 17 5 18 6 7 5 9 8 11 13 -1 10 12 14 15 19 20 output 1 2 5 7 8 11 10 5 13
3 4 5 6 7 8 9 5 11 14 9 5 11 13 -1 10 12 15 16 17 18 19 20 output 1 2 3 4 5 3 7 6 9 3 7 10 9 14
3 4 5 6 7 8 9 5 11 14 12 5 13 -1 10 15 16 17 18 19 20 output 1 2 3 4 5 3 7 6 9 3 7 10 9 13
3 4 5 6 7 8 9 5 13 -1 10 11 12 14 15 16 17 18 19 20 output 1 2 16 17 3 18 4 5 6 7 3 12 9
3 4 5 6 7 8 9 10 11 10 12 5 11 13 -1 14 15 16 17 18 19 20 output 1 2 3 4 5 8 7 6 9 8 11 3 9 14
3 4 16 17 5 18 6 7 10 9 8 11 5 12 10 11 5 14 15 13 -1 19 20 output 1 2 5 7 8 9 10 11 12 9 14 5 12 9 18 19 20
3 4 5 6 7 8 9 5 11 14 9 5 11 13 -1 10 12 15 16 17 18 19 20 output 1 2 3 4 5 6 7 3 9 10 17 3 14
3 4 16 17 5 18 6 7 10 9 8 11 10 12 5 11 13 -1 14 15 19 20 output 1 2 5 7 8 9 10 11 12 5 14 9 12 17
3 4 16 17 5 18 6 7 10 9 8 11 10 12 5 11 13 -1 14 15 19 20 output 1 2 5 7 8 9 10 11 12 9 14 5 12 17
3 4 5 6 7 8 9 5 11 14 12 5 13 -1 10 15 16 17 18 19 20 output 1 2 17 18 3 19 4 5 3 7 6 9 3 11 10 13
3 4 16 17 5 18 6 7 5 9 8 11 13 -1 10 12 14 15 19 20 output 1 2 3 4 5 6 7 8 11 10 5 12 13
3 4 16 17 5 18 6 7 10 9 8 11 10 12 5 11 13 -1 14 15 19 20 output 1 2 5 7 8 11 10 9 12 9 14 5 12 17
3 4 16 17 5 18 6 7 5 9 8 11 13 -1 10 12 14 15 19 20 output 1 2 5 7 8 11 10 5 13
3 4 5 6 7 10 9 8 11 10 12 5 11 10 14 15 13 -1 16 17 18 19 20 output 1 2 19 20 3 21 4 5 6 7 8 9 6 11 3 9 3 15 16 17
3 4 5 6 7 8 9 10 11 10 12 5 11 13 -1 14 15 16 17 18 19 20 output 1 2 3 4 5 8 7 6 9 8 11 3 9 14
3 4 5 6 7 5 9 8 11 5 12 14 11 5 20 15 13 -1 10 16 17 18 19 output 1 2 3 4 5 8 7 3 9 12 11 3 9 3 15 16 17
3 4 5 6 7 8 9 10 11 10 12 5 11 13 -1 14 15 16 17 18 19 20 output 1 2 18 19 3 20 4 5 6 7 8 9 8 11 3 9 14
3 4 5 6 7 10 9 8 11 5 12 10 11 5 14 15 13 -1 16 17 18 19 20 output 1 2 19 20 3 21 4 5 6 7 8 9 3 11 6 9 3 15 16 17
3 4 16 17 5 18 6 7 10 9 8 11 10 12 5 11 13 -1 14 15 19 20 output 1 2 5 7 8 9 10 11 12 9 14 5 12 17
3 4 5 6 7 8 9 10 11 10 12 5 11 13 -1 14 15 16 17 18 19 20 output 1 2 18 19 3 20 4 5 8 7 6 9 8 11 3 9 14
3 4 5 6 7 5 9 8 11 5 14 12 13 -1 10 15 16 17 18 19 20 output 1 2 17 18 3 19 4 5 3 7 8 9 3 11 12 13
3 4 5 6 7 8 9 10 11 10 12 5 11 13 -1 14 15 16 17 18 19 20 output 1 2 3 4 5 8 7 6 9 8 11 3 9 14
3 4 16 17 5 18 6 7 5 9 8 11 13 -1 10 12 14 15 19 20 output 1 2 5 7 8 11 10 5 13
3 4 16 17 5 18 6 7 10 9 8 11 10 12 5 11 5 14 15 13 -1 19 20 output 1 2 5 7 8 9 10 11 12 9 14 5 12 9 18 19 20
3 4 16 17 5 18 6 7 8 9 5 11 13 -1 10 12 14 15 19 20 output 1 2 5 7 8 9 10 5 13
3 4 5 6 7 10 9 8 11 10 12 5 11 10 14 15 13 -1 16 17 18 19 20 output 1 2 19 20 3 21 4 5 6 7 8 9 6 11 3 9 3 15 16 17
3 4 16 17 5 18 6 7 5 9 8 11 13 -1 10 12 14 15 19 20 output 1 2 5 7 8 5 10 11 13
3 4 5 6 7 8 9 10 11 10 12 5 11 13 -1 14 15 16 17 18 19 20 output 1 2 3 4 5 8 7 6 9 8 11 3 9 14
3 4 5 6 7 8 9 5 13 -1 10 11 12 14 15 16 17 18 19 20 output 1 2 3 4 5 3 7 6 9
3 4 5 6 7 10 9 8 11 10 12 5 11 10 14 15 13 -1 16 17 18 19 20 output 1 2 19 20 3 21 4 5 6 7 8 9 3 11 6 9 3 15 16 17
3 4 5 6 7 8 9 5 11 14 9 5 11 13 -1 10 12 15 16 17 18 19 20 output 1 2 3 4 5 6 7 3 9 10 17 3 14
3 4 16 17 5 18 6 7 10 9 8 11 10 12 5 11 13 -1 14 15 19 20 output 1 2 5 7 8 9 10 11 12 9 14 5 12 17
3 4 5 6 7 8 9 10 11 10 12 5 11 13 -1 14 15 16 17 18 19 20 output 1 2 3 4 5 8 7 6 9 8 11 3 9 14
3 4 5 6 7 8 9 5 13 -1 10 11 12 14 15 16 17 18 19 20 output 1 2 16 17 3 18 4 5 6 7 3 12 9
3 4 5 6 7 10 9 8 11 10 12 5 11 10 14 15 13 -1 16 17 18 19 20 output 1 2 3 4 5 6 7 8 9 3 11 6 9 3 15 16 17
3 4 16 17 5 18 6 7 10 9 8 11 10 12 5 11 13 -1 14 15 19 20 output 1 2 5 7 8 9 10 11 12 9 14 5 12 17
3 4 16 17 5 18 6 7 5 9 8 11 13 -1 10 12 14 15 19 20 output 1 2 5 7 8 5 10 11 13
3 4 5 6 7 8 9 5 13 -1 10 11 12 14 15 16 17 18 19 20 output 1 2 3 4 5 3 7 6 9
3 4 5 6 7 10 9 8 11 5 12 10 11 5 14 15 13 -1 16 17 18 19 20 output 1 2 19 20 3 21 4 5 6 7 8 9 3 11 6 9 3 15 16 17
3 4 5 6 7 8 9 5 13 -1 10 11 12 14 15 16 17 18 19 20 output 1 2 3 4 5 3 7 6 9
3 4 5 6 7 8 9 5 13 -1 10 11 12 14 15 16 17 18 19 20 output 1 2 16 17 3 18 4 5 3 7 6 12 9
3 4 5 6 7 10 9 8 11 10 12 5 11 13 -1 14 15 16 17 18 19 20 output 1 2 3 4 5 6 7 8 9 3 11 6 9 14
3 4 5 6 7 10 9 8 11 10 12 5 11 10 14 15 13 -1 16 17 18 19 20 output 1 2 19 20 3 21 4 5 6 7 8 9 6 11 3 9 3 15 16 17
3 4 5 6 7 8 9 10 11 10 12 5 11 13 -1 14 15 16 17 18 19 20 output 1 2 18 19 3 20 4 5 8 7 6 9 8 11 3 9 14
3 4 5 6 7 8 9 5 13 -1 10 11 12 14 15 16 17 18 19 20 output 1 2 3 4 5 3 7 6 9
3 4 5 6 7 10 9 8 11 10 12 5 11 10 14 15 13 -1 16 17 18 19 20 output 1 2 3 4 5 8 7 6 9 6 11 3 9 6 15 16 17
3 4 16 17 5 18 6 7 10 9 8 11 10 12 5 11 13 -1 14 15 19 20 output 1 2 5 7 8 9 10 11 12 9 14 5 12 17
3 4 5 6 7 10 9 8 11 10 12 5 11 13 -1 14 15 16 17 18 19 20 output 1 2 18 19 3 20 4 5 6 7 8 9 6 11 3 9 14
3 4 5 6 7 10 9 8 11 10 12 5 11 10 14 15 13 -1 16 17 18 19 20 output 1 2 19 20 3 21 4 5 6 7 8 9 6 11 3 9 3 15 16 17
3 4 5 6 7 10 9 8 11 10 12 5 11 13 -1 14 15 16 17 18 19 20 output 1 2 18 19 3 20 4 5 6 7 8 9 6 11 3 9 14
3 4 5 6 7 8 9 5 13 -1 10 11 12 14 15 16 17 18 19 20 output 1 2 16 17 3 18 4 5 3 7 6 12 9
3 4 5 6 7 5 9 8 11 5 14 12 13 -1 10 15 16 17 18 19 20 output 1 2 17 18 3 19 4 5 3 7 8 9 3 11 12 13
3 4 5 6 7 8 9 10 11 10 12 5 11 13 -1 14 15 16 17 18 19 20 output 1 2 3 4 5 8 7 6 9 3 11 8 9 14
3 4 5 6 7 8 9 5 11 14 12 5 13 -1 10 15 16 17 18 19 20 output 1 2 3 4 5 3 7 6 9 3 7 10 9 13
3 4 5 6 7 10 9 8 11 10 12 5 11 10 14 15 13 -1 16 17 18 19 20 output 1 2 19 20 3 21 4 5 6 7 8 9 6 11 3 9 3 15 16 17
3 4 5 6 7 8 9 10 11 10 12 5 11 13 -1 14 15 16 17 18 19 20 output 1 2 18 19 3 20 4 5 8 7 6 9 8 11 3 9 14
3 4 16 17 5 18 6 7 10 9 8 11 5 12 10 11 5 14 15 13 -1 19 20 output 1 2 3 4 5 6 7 8 9 10 11 12 9 14 5 12 5 18 19 20
3 4 16 17 5 18 6 7 5 9 8 11 13 -1 10 12 14 15 19 20 output 1 2 5 7 8 5 10 11 13
3 4 5 6 7 5 9 8 11 5 12 14 11 5 20 15 13 -1 10 16 17 18 19 output 1 2 20 21 3 22 4 5 19 7 8 9 19 11 3 9 3 12 16 17
3 4 16 17 5 18 6 7 10 9 8 11 5 12 10 11 5 14 15 13 -1 19 20 output 1 2 5 7 8 9 10 11 12 9 10 5 12 9 18 19 20
3 4 5 6 7 8 9 5 11 14 9 5 11 13 -1 10 12 15 16 17 18 19 20 output 1 2 3 4 5 6 7 3 9 10 17 3 14
3 4 5 6 7 10 9 8 11 10 12 5 11 10 14 15 13 -1 16 17 18 19 20 output 1 2 19 20 3 21 4 5 6 7 8 9 6 11 3 9 3 15 16 17
3 4 5 6 7 8 9 10 11 10 12 5 11 13 -1 14 15 16 17 18 19 20 output 1 2 3 4 5 8 7 6 9 8 11 3 9 14
3 4 16 17 5 18 6 7 5 9 8 11 13 -1 10 12 14 15 19 20 output 1 2 5 7 8 11 10 5 13
3 4 5 6 7 5 9 8 11 5 12 14 11 5 20 15 13 -1 10 16 17 18 19 output 1 2 20 21 3 22 4 5 19 7 8 9 3 11 19 9 3 12 16 17
3 4 5 6 7 5 9 8 11 5 12 14 11 5 20 15 13 -1 10 16 17 18 19 output 1 2 3 4 5 8 7 3 9 12 11 3 9 3 15 16 17
3 4 5 6 7 10 9 8 11 5 12 10 11 5 14 15 13 -1 16 17 18 19 20 output 1 2 3 4 5 8 7 6 9 6 11 3 9 6 15 16 17
3 4 5 6 7 8 9 10 11 10 12 5 11 13 -1 14 15 16 17 18 19 20 output 1 2 3 4 5 8 7 6 9 8 11 3 9 14
3 4 5 6 7 10 9 8 11 10 12 5 11 10 14 15 13 -1 16 17 18 19 20 output 1 2 19 20 3 21 4 5 8 7 6 9 6 11 3 9 6 15 16 17
3 4 16 17 5 18 6 7 10 9 8 11 5 12 10 11 5 14 15 13 -1 19 20 output 1 2 5 7 8 9 10 11 12 9 14 5 12 9 18 19 20
3 4 5 6 7 10 9 8 11 10 12 5 11 10 14 15 13 -1 16 17 18 19 20 output 1 2 19 20 3 21 4 5 6 7 8 9 6 11 3 9 3 15 16 17
3 4 16 17 5 18 6 7 10 9 8 11 10 12 5 11 13 -1 14 15 19 20 output 1 2 5 7 8 9 10 11 12 9 10 5 12 17
3 4 5 6 7 5 9 8 11 5 14 12 13 -1 10 15 16 17 18 19 20 output 1 2 17 18 3 19 4 5 3 7 8 9 3 11 12 13
3 4 5 6 7 10 9 8 11 10 12 5 11 10 14 15 13 -1 16 17 18 19 20 output 1 2 3 4 5 8 7 6 9 6 11 3 9 6 15 16 17
3 4 5 6 7 10 9 8 11 10 12 5 11 10 14 15 13 -1 16 17 18 19 20 output 1 2 19 20 3 21 4 5 6 7 8 9 6 11 3 9 3 15 16 17
3 4 5 6 7 8 9 10 11 10 12 5 11 13 -1 14 15 16 17 18 19 20 output 1 2 18 19 3 20 4 5 8 7 6 9 8 11 3 9 14
3 4 16 17 5 18 6 7 10 9 8 11 10 12 5 11 13 -1 14 15 19 20 output 1 2 3 4 5 6 7 8 9 10 11 12 5 14 9 12 17
3 4 16 17 5 18 6 7 10 9 8 11 10 12 5 11 13 -1 14 15 19 20 output 1 2 5 7 8 9 10 11 12 9 14 5 12 17
3 4 16 17 5 18 6 7 10 9 8 11 10 12 5 11 13 -1 14 15 19 20 output 1 2 5 7 8 9 10 11 12 5 14 9 12 17
3 4 5 6 7 8 9 5 13 -1 10 11 12 14 15 16 17 18 19 20 output 1 2 3 4 5 3 7 6 9
3 4 5 6 7 8 9 5 11 14 9 5 11 13 -1 10 12 15 16 17 18 19 20 output 1 2 3 4 5 3 7 6 9 3 7 10 9 14
3 4 16 17 5 18 6 7 10 9 8 11 10 12 5 11 13 -1 14 15 19 20 output 1 2 5 7 8 11 10 9 12 9 14 5 12 17
3 4 5 6 7 10 9 8 11 10 12 5 11 10 14 15 13 -1 16 17 18 19 20 output 1 2 3 4 5 8 7 6 9 6 11 3 9 6 15 16 17
3 4 5 6 7 8 9 10 11 10 12 5 11 13 -1 14 15 16 17 18 19 20 output 1 2 3 4 5 8 7 6 9 3 11 8 9 14
3 4 5 6 7 10 9 8 11 5 12 10 11 5 14 15 13 -1 16 17 18 19 20 output 1 2 3 4 5 6 7 8 9 6 11 3 9 6 15 16 17
3 4 5 6 7 8 9 10 11 10 12 5 11 13 -1 14 15 16 17 18 19 20 output 1 2 18 19 3 20 4 5 8 7 6 9 8 11 3 9 14
3 4 5 6 7 8 9 5 13 -1 10 11 12 14 15 16 17 18 19 20 output 1 2 16 17 3 18 4 5 3 7 6 12 9
3 4 5 6 7 5 9 8 11 5 14 12 13 -1 10 15 16 17 18 19 20 output 1 2 17 18 3 19 4 5 3 7 8 9 3 11 12 13
3 4 5 6 7 8 9 5 13 -1 10 11 12 14 15 16 17 18 19 20 output 1 2 3 4 5 3 7 6 9
3 4 5 6 7 8 9 10 11 10 12 5 11 13 -1 14 15 16 17 18 19 20 output 1 2 3 4 5 8 7 6 9 8 11 3 9 14
3 4 5 6 7 8 9 5 13 -1 10 11 12 14 15 16 17 18 19 20 output 1 2 3 4 5 3 7 6 12 9
3 4 5 6 7 10 9 8 11 10 12 5 11 10 14 15 13 -1 16 17 18 19 20 output 1 2 19 20 3 21 4 5 6 7 8 9 6 11 3 9 3 15 16 17
3 4 5 6 7 10 9 8 11 10 12 5 11 10 14 15 13 -1 16 17 18 19 20 output 1 2 19 20 3 21 4 5 6 7 8 9 6 11 3 9 3 15 16 17
3 4 5 6 7 10 9 8 11 10 12 5 11 10 14 15 13 -1 16 17 18 19 20 output 1 2 19 20 3 21 4 5 6 7 8 9 6 11 3 9 3 15 16 17
3 4 5 6 7 8 9 5 13 -1 10 11 12 14 15 16 17 18 19 20 output 1 2 3 4 5 3 7 6 9
3 4 5 6 7 8 9 5 11 14 9 5 11 13 -1 10 12 15 16 17 18 19 20 output 1 2 3 4 5 3 7 6 9 3 7 10 9 14
3 4 5 6 7 8 9 10 11 10 12 5 11 13 -1 14 15 16 17 18 19 20 output 1 2 3 4 5 8 7 6 9 8 11 3 9 14
3 4 5 6 7 10 9 8 11 10 12 5 11 10 14 15 13 -1 16 17 18 19 20 output 1 2 3 4 5 8 7 6 9 6 11 3 9 6 15 16 17
3 4 16 17 5 18 6 7 10 9 8 11 10 12 5 11 13 -1 14 15 19 20 output 1 2 5 7 8 9 10 11 12 5 14 9 12 17
3 4 5 6 7 8 9 10 11 10 12 5 11 13 -1 14 15 16 17 18 19 20 output 1 2 18 19 3 20 4 5 8 7 6 9 8 11 3 9 14
3 4 16 17 5 18 6 7 10 9 8 11 5 12 10 11 5 14 15 13 -1 19 20 output 1 2 3 4 5 6 7 8 9 10 11 12 9 14 5 12 5 18 19 20
3 4 5 6 7 10 9 8 11 10 12 5 11 10 14 15 13 -1 16 17 18 19 20 output 1 2 19 20 3 21 4 5 6 7 8 9 6 11 3 9 3 15 16 17
3 4 5 6 7 5 9 8 11 5 14 12 13 -1 10 15 16 17 18 19 20 output 1 2 17 18 3 19 4 5 8 7 3 9 3 11 12 13
3 4 5 6 7 10 9 8 11 5 12 10 11 5 14 15 13 -1 16 17 18 19 20 output 1 2 3 4 5 6 7 8 9 6 11 3 9 6 15 16 17
3 4 5 6 7 8 9 5 13 -1 10 11 12 14 15 16 17 18 19 20 output 1 2 3 4 5 3 7 6 9
3 4 16 17 5 18 6 7 10 9 8 11 10 12 5 11 13 -1 14 15 19 20 output 1 2 3 4 5 6 7 8 9 10 11 12 5 14 9 12 17
3 4 5 6 7 8 9 5 13 -1 10 11 12 14 15 16 17 18 19 20 output 1 2 3 4 5 3 7 6 12 9
3 4 5 6 7 8 9 10 11 10 12 5 11 10 14 15 13 -1 16 17 18 19 20 output 1 2 3 4 5 8 7 6 9 8 7 3 9 8 15 16 17
3 4 5 6 7 8 9 5 11 14 12 5 13 -1 10 15 16 17 18 19 20 output 1 2 17 18 3 19 4 5 3 7 6 9 3 11 10 13
3 4 16 17 5 18 6 7 10 9 8 11 10 12 5 11 13 -1 14 15 19 20 output 1 2 5 7 8 9 10 11 12 9 10 5 12 17
3 4 5 6 7 8 9 5 13 -1 10 11 12 14 15 16 17 18 19 20 output 1 2 3 4 5 3 7 6 9
3 4 5 6 7 8 9 5 13 -1 10 11 12 14 15 16 17 18 19 20 output 1 2 16 17 3 18 4 5 3 7 6 12 9
3 4 5 6 7 5 9 8 11 5 14 12 13 -1 10 15 16 17 18 19 20 output 1 2 17 18 3 19 4 5 3 7 8 9 3 11 12 13
3 4 5 6 7 10 9 8 11 10 12 5 11 10 14 15 13 -1 16 17 18 19 20 output 1 2 3 4 5 6 7 8 9 3 11 6 9 3 15 16 17
3 4 5 6 7 8 9 10 11 10 12 5 11 13 -1 14 15 16 17 18 19 20 output 1 2 3 4 5 8 7 6 9 8 11 3 9 14
3 4 5 6 7 10 9 8 11 5 12 10 11 5 14 15 13 -1 16 17 18 19 20 output 1 2 3 4 5 6 7 8 9 6 11 3 9 6 15 16 17
3 4 16 17 5 18 6 7 10 9 8 11 10 12 5 11 13 -1 14 15 19 20 output 1 2 5 7 8 9 10 11 12 5 14 9 12 17
3 4 16 17 5 18 6 7 5 9 8 11 5 14 12 13 -1 10 15 19 20 output 1 2 5 7 8 5 10 11 12 5 14 15 16
3 4 5 6 7 10 9 8 11 5 12 10 11 5 14 15 13 -1 16 17 18 19 20 output 1 2 3 4 5 6 7 8 9 6 11 3 9 6 15 16 17
3 4 16 17 5 18 6 7 10 9 8 11 10 12 5 11 13 -1 14 15 19 20 output 1 2 5 7 8 9 10 11 12 9 14 5 12 17
3 4 5 6 7 8 9 10 11 10 12 5 11 13 -1 14 15 16 17 18 19 20 output 1 2 18 19 3 20 4 5 8 7 6 9 8 7 3 14
3 4 5 6 7 8 9 5 13 -1 10 11 12 14 15 16 17 18 19 20 output 1 2 3 4 5 3 7 6 12 9
3 4 16 17 5 18 6 7 10 9 8 11 5 12 10 11 5 14 15 13 -1 19 20 output 1 2 3 4 5 6 7 8 9 10 11 12 9 14 5 12 5 18 19 20
3 4 16 17 5 18 6 7 10 9 8 11 5 12 10 11 5 14 15 13 -1 19 20 output 1 2 5 7 8 9 10 11 12 9 14 5 12 9 18 19 20
3 4 5 6 7 8 9 5 13 -1 10 11 12 14 15 16 17 18 19 20 output 1 2 3 4 5 3 7 6 12 9
3 4 5 6 7 8 9 10 11 10 12 5 11 13 -1 14 15 16 17 18 19 20 output 1 2 18 19 3 20 4 5 8 7 6 9 8 11 3 9 14
3 4 5 6 7 8 9 5 13 -1 10 11 12 14 15 16 17 18 19 20 output 1 2 3 4 5 3 7 6 12 9
3 4 5 6 7 10 9 8 11 10 12 5 11 10 14 15 13 -1 16 17 18 19 20 output 1 2 3 4 5 8 7 6 9 6 11 3 9 6 15 16 17
3 4 5 6 7 10 9 8 11 10 12 5 11 13 -1 14 15 16 17 18 19 20 output 1 2 18 19 3 20 4 5 6 7 8 9 6 11 3 9 14
3 4 16 17 5 18 6 7 10 9 8 11 10 12 5 11 13 -1 14 15 19 20 output 1 2 5 7 8 9 10 11 12 9 14 5 12 17
3 4 5 6 7 8 9 5 13 -1 10 11 12 14 15 16 17 18 19 20 output 1 2 3 4 5 3 7 6 9
3 4 5 6 7 8 9 10 11 10 12 5 11 13 -1 14 15 16 17 18 19 20 output 1 2 3 4 5 8 7 6 9 8 11 3 9 14
3 4 16 17 5 18 6 7 10 9 8 11 10 12 5 11 13 -1 14 15 19 20 output 1 2 5 7 8 11 10 9 12 9 14 5 12 17
3 4 5 6 7 10 9 8 11 10 12 5 11 10 14 15 13 -1 16 17 18 19 20 output 1 2 19 20 3 21 4 5 6 7 8 9 6 11 3 9 3 15 16 17
3 4 16 17 5 18 6 7 10 9 8 11 10 12 5 11 13 -1 14 15 19 20 output 1 2 5 7 8 11 10 9 12 9 14 5 12 17
3 4 16 17 5 18 6 7 5 9 8 11 13 -1 10 12 14 15 19 20 output 1 2 5 7 8 11 10 5 13
3 4 5 6 7 10 9 8 11 10 12 5 11 10 14 15 13 -1 16 17 18 19 20 output 1 2 19 20 3 21 4 5 6 7 8 9 6 11 3 9 3 15 16 17
3 4 16 17 5 18 6 7 10 9 8 11 5 12 10 11 5 14 15 13 -1 19 20 output 1 2 3 4 5 6 7 8 9 10 11 12 9 14 5 12 5 18 19 20
3 4 5 6 7 10 9 8 11 10 12 5 11 10 14 15 13 -1 16 17 18 19 20 output 1 2 3 4 5 8 7 6 9 6 11 3 9 6 15 16 17
3 4 5 6 7 8 9 5 11 14 9 5 11 13 -1 10 12 15 16 17 18 19 20 output 22 4 5 6 7 10 14
3 4 16 17 5 18 6 7 10 9 8 11 10 12 5 11 13 -1 14 15 19 20 output 1 2 5 7 8 9 10 11 12 9 14 5 12 17
3 4 16 17 5 18 6 7 10 9 8 11 10 12 5 11 13 -1 14 15 19 20 output 1 2 3 4 5 6 7 8 9 10 11 12 5 14 9 12 17
3 4 5 6 7 5 9 8 11 5 14 12 13 -1 10 15 16 17 18 19 20 output 1 2 17 18 3 19 4 5 3 7 8 9 3 11 12 13
3 4 5 6 7 10 9 8 11 10 12 5 11 10 14 15 13 -1 16 17 18 19 20 output 1 2 3 4 5 8 7 6 9 6 11 3 9 6 15 16 17
3 4 5 6 7 8 9 5 13 -1 10 11 12 14 15 16 17 18 19 20 output 1 2 3 4 5 3 7 6 9
3 4 5 6 7 10 9 8 11 10 12 5 11 10 14 15 13 -1 16 17 18 19 20 output 1 2 19 20 3 21 4 5 6 7 8 9 6 11 3 9 3 15 16 17
3 4 5 6 7 8 9 5 11 14 12 5 13 -1 10 15 16 17 18 19 20 output 1 2 17 18 3 19 4 5 3 7 6 9 3 11 10 13
3 4 5 6 7 10 9 8 11 10 12 5 11 10 14 15 13 -1 16 17 18 19 20 output 1 2 3 4 5 6 7 8 9 3 11 6 9 3 15 16 17
3 4 16 17 5 18 6 7 5 9 8 11 5 14 12 13 -1 10 15 19 20 output 1 2 5 7 8 5 10 11 12 5 14 15 16
3 4 16 17 5 18 6 7 5 9 8 11 13 -1 10 12 14 15 19 20 output 1 2 5 7 8 5 10 11 13
3 4 5 6 7 5 9 8 11 5 12 14 11 5 20 15 13 -1 10 16 17 18 19 output 1 2 3 4 5 8 7 3 9 12 7 3 9 3 15 16 17
3 4 5 6 7 8 9 5 13 -1 10 11 12 14 15 16 17 18 19 20 output 1 2 3 4 5 3 7 6 9
3 4 5 6 7 10 9 8 11 10 12 5 11 13 -1 14 15 16 17 18 19 20 output 1 2 18 19 3 20 4 5 6 7 8 9 3 11 6 9 14
19 6 7 8 9 14 13 -1 3 4 5 10 11 12 15 16 17 18 20 output 9 10 11 2 3 4 5 11 7
3 4 5 6 7 5 9 8 11 5 14 12 13 -1 10 15 16 17 18 19 20 output 1 2 17 18 3 19 4 5 3 7 8 9 3 11 12 13
3 4 5 6 7 10 9 8 11 10 12 5 11 10 14 15 13 -1 16 17 18 19 20 output 1 2 3 4 5 8 7 6 9 6 11 3 9 6 15 16 17
3 4 5 6 7 8 9 5 11 14 9 5 11 13 -1 10 12 15 16 17 18 19 20 output 1 2 3 4 5 3 7 6 9 3 7 10 9 14
3 4 5 6 7 8 9 10 11 10 12 5 11 10 14 15 13 -1 16 17 18 19 20 output 1 2 3 4 5 8 7 6 9 8 7 3 9 8 15 16 17
3 4 5 6 7 10 9 8 11 10 12 5 11 10 14 15 13 -1 16 17 18 19 20 output 1 2 3 4 5 8 7 6 9 6 11 3 9 6 15 16 17
3 4 5 6 7 5 9 8 11 5 14 12 13 -1 10 15 16 17 18 19 20 output 1 2 17 18 3 19 4 5 3 7 8 9 3 11 12 13
3 4 5 6 7 8 9 5 11 14 12 5 13 -1 10 15 16 17 18 19 20 output 20 4 5 6 7 10 13
3 4 5 6 7 8 9 5 13 -1 10 11 12 14 15 16 17 18 19 20 output 1 2 16 17 3 18 4 5 3 7 6 12 9
3 4 5 6 7 10 9 8 11 10 12 5 11 10 14 15 13 -1 16 17 18 19 20 output 1 2 19 20 3 21 4 5 6 7 8 9 3 11 6 9 3 15 16 17
3 4 5 6 7 5 9 8 11 5 14 12 13 -1 10 15 16 17 18 19 20 output 1 2 17 18 3 19 4 5 3 7 8 9 3 11 12 13
3 4 5 6 7 10 9 8 11 10 12 5 11 13 -1 14 15 16 17 18 19 20 output 1 2 18 19 3 20 4 5 6 7 8 9 6 11 3 9 14
3 4 5 6 7 8 9 5 11 14 9 5 11 13 -1 10 12 15 16 17 18 19 20 output 1 2 3 4 5 3 7 6 9 3 7 10 9 14
3 4 5 6 7 5 9 8 11 5 12 14 11 5 20 15 13 -1 10 16 17 18 19 output 1 2 3 4 5 19 7 8 9 19 11 3 9 19 12 16 17
3 4 5 6 7 10 9 8 11 10 12 5 11 10 14 15 13 -1 16 17 18 19 20 output 1 2 19 20 3 21 4 5 6 7 8 9 3 11 6 9 3 15 16 17
3 4 16 17 5 18 6 7 10 9 8 11 10 12 5 11 13 -1 14 15 19 20 output 1 2 5 7 8 9 10 11 12 9 14 5 12 17
3 4 5 6 7 8 9 5 13 -1 10 11 12 14 15 16 17 18 19 20 output 1 2 16 17 3 18 4 5 3 7 6 12 9
3 4 5 6 7 8 9 5 13 -1 10 11 12 14 15 16 17 18 19 20 output 1 2 3 4 5 3 7 6 12 9
3 4 5 6 7 10 9 8 11 10 12 5 11 10 14 15 13 -1 16 17 18 19 20 output 1 2 3 4 5 8 7 6 9 6 11 3 9 6 15 16 17
3 4 5 6 7 8 9 5 13 -1 10 11 12 14 15 16 17 18 19 20 output 1 2 16 17 3 18 4 5 3 7 6 12 9
3 4 5 6 7 10 9 8 11 10 12 5 11 10 14 15 13 -1 16 17 18 19 20 output 1 2 19 20 3 21 4 5 6 7 8 9 6 11 3 9 3 15 16 17
3 4 16 17 5 18 6 7 10 9 8 11 5 12 10 11 5 14 15 13 -1 19 20 output 1 2 5 7 8 9 10 11 12 9 14 5 12 9 18 19 20
3 4 5 6 7 10 9 8 11 10 12 5 11 10 14 15 13 -1 16 17 18 19 20 output 1 2 3 4 5 6 7 8 9 3 11 6 9 3 15 16 17
3 4 5 6 7 8 9 10 11 10 12 5 11 13 -1 14 15 16 17 18 19 20 output 1 2 3 4 5 8 7 6 9 8 11 3 9 14
3 4 5 6 7 8 9 5 11 14 12 5 13 -1 10 15 16 17 18 19 20 output 1 2 3 4 5 3 7 6 9 3 7 10 9 13
3 4 5 6 7 5 9 8 11 5 12 14 11 5 20 15 13 -1 10 16 17 18 19 output 1 2 3 4 5 8 7 3 9 12 7 3 9 3 15 16 17
3 4 5 6 7 10 9 8 11 10 12 5 11 13 -1 14 15 16 17 18 19 20 output 1 2 3 4 5 6 7 8 9 3 11 6 9 14
3 4 5 6 7 8 9 5 11 14 12 5 13 -1 10 15 16 17 18 19 20 output 20 4 5 6 7 10 13
3 4 16 17 5 18 6 7 10 9 8 11 10 12 5 11 13 -1 14 15 19 20 output 1 2 5 7 8 9 10 11 12 9 14 5 12 17
3 4 16 17 5 18 6 7 5 9 8 11 5 14 12 13 -1 10 15 19 20 output 1 2 5 7 8 5 10 11 12 5 14 15 16
3 4 5 6 7 10 9 8 11 10 12 5 11 10 14 15 13 -1 16 17 18 19 20 output 1 2 3 4 5 6 7 8 9 3 11 6 9 3 15 16 17
3 4 5 6 7 8 9 10 11 10 12 5 11 13 -1 14 15 16 17 18 19 20 output 1 2 3 4 5 8 7 6 9 3 11 8 9 14
3 4 5 6 7 10 9 8 11 10 12 5 11 10 14 15 13 -1 16 17 18 19 20 output 1 2 3 4 5 6 7 8 9 3 11 6 9 3 15 16 17
3 4 5 6 7 10 9 8 11 10 12 5 11 10 14 15 13 -1 16 17 18 19 20 output 1 2 19 20 3 21 4 5 8 7 6 9 6 11 3 9 6 15 16 17
3 4 16 17 5 18 6 7 5 9 8 11 13 -1 10 12 14 15 19 20 output 1 2 5 7 8 11 10 5 13
3 4 16 17 5 18 6 7 10 9 8 11 10 12 5 11 13 -1 14 15 19 20 output 1 2 5 7 8 9 10 11 12 9 10 5 12 17
3 4 5 6 7 10 9 8 11 10 12 5 11 10 14 15 13 -1 16 17 18 19 20 output 1 2 3 4 5 8 7 6 9 6 11 3 9 6 15 16 17
3 4 5 6 7 8 9 10 11 10 12 5 11 13 -1 14 15 16 17 18 19 20 output 1 2 3 4 5 8 7 6 9 8 11 3 9 14
3 4 5 6 7 10 9 8 11 10 12 5 11 10 14 15 13 -1 16 17 18 19 20 output 1 2 19 20 3 21 4 5 6 7 8 9 3 11 6 9 3 15 16 17
3 4 5 6 7 8 9 5 13 -1 10 11 12 14 15 16 17 18 19 20 output 1 2 3 4 5 3 7 6 9
3 4 5 6 7 10 9 8 11 10 12 5 11 10 14 15 13 -1 16 17 18 19 20 output 1 2 19 20 3 21 4 5 6 7 8 9 3 11 6 9 3 15 16 17
3 4 5 6 7 8 9 5 11 14 12 5 13 -1 10 15 16 17 18 19 20 output 1 2 3 4 5 3 7 6 9 3 7 10 9 13
3 4 5 6 7 8 9 5 13 -1 10 11 12 14 15 16 17 18 19 20 output 1 2 16 17 3 18 4 5 3 7 6 12 9
3 4 5 6 7 8 9 5 11 14 12 5 13 -1 10 15 16 17 18 19 20 output 1 2 3 4 5 3 7 6 9 3 7 10 9 13
3 4 5 6 7 10 9 8 11 10 12 5 11 10 14 15 13 -1 16 17 18 19 20 output 1 2 3 4 5 6 7 8 9 3 11 6 9 3 15 16 17
3 4 5 6 7 10 9 8 11 10 12 5 11 13 -1 14 15 16 17 18 19 20 output 1 2 18 19 3 20 4 5 6 7 8 9 6 7 3 14
3 4 5 6 7 8 9 10 11 10 12 5 11 13 -1 14 15 16 17 18 19 20 output 1 2 3 4 5 8 7 6 9 8 11 3 9 14
3 4 5 6 7 10 9 8 11 10 12 5 11 10 14 15 13 -1 16 17 18 19 20 output 1 2 19 20 3 21 4 5 6 7 8 9 3 11 6 9 3 15 16 17
3 4 5 6 7 10 9 8 11 10 12 5 11 10 14 15 13 -1 16 17 18 19 20 output 1 2 19 20 3 21 4 5 6 7 8 9 6 11 3 9 3 15 16 17
3 4 5 6 7 8 9 5 13 -1 10 11 12 14 15 16 17 18 19 20 output 1 2 3 4 5 3 7 6 12 9
3 4 16 17 5 18 6 7 10 9 8 11 10 12 5 11 13 -1 14 15 19 20 output 1 2 5 7 8 11 10 9 12 9 14 5 12 17
3 4 5 6 7 8 9 5 13 -1 10 11 12 14 15 16 17 18 19 20 output 1 2 3 4 5 3 7 6 12 9
3 4 16 17 5 18 6 7 5 9 8 11 5 14 12 13 -1 10 15 19 20 output 1 2 5 7 8 5 10 11 12 5 14 15 16
3 4 16 17 5 18 6 7 5 9 8 11 5 14 12 13 -1 10 15 19 20 output 1 2 5 7 8 5 10 11 12 5 14 15 16
3 4 5 6 7 8 9 10 11 10 12 5 11 13 -1 14 15 16 17 18 19 20 output 1 2 3 4 5 8 7 6 9 8 11 3 9 14
3 4 5 6 7 8 9 10 11 10 12 5 11 13 -1 14 15 16 17 18 19 20 output 1 2 3 4 5 8 7 6 9 8 11 3 9 14
3 4 16 17 5 18 6 7 10 9 8 11 10 12 5 11 13 -1 14 15 19 20 output 1 2 3 4 5 6 7 8 11 10 9 12 9 14 5 12 17
3 4 5 6 7 8 9 5 13 -1 10 11 12 14 15 16 17 18 19 20 output 1 2 16 17 3 18 4 5 6 7 3 12 9
3 4 5 6 7 10 9 8 11 10 12 5 11 13 -1 14 15 16 17 18 19 20 output 1 2 18 19 3 20 4 5 6 7 8 9 6 11 3 9 14
3 4 5 6 7 5 9 8 11 5 14 12 13 -1 10 15 16 17 18 19 20 output 1 2 17 18 3 19 4 5 3 7 8 9 3 11 12 13
3 4 5 6 7 10 9 8 11 10 12 5 11 10 14 15 13 -1 16 17 18 19 20 output 1 2 3 4 5 6 7 8 9 3 11 6 9 3 15 16 17
3 4 5 6 7 8 9 10 11 10 12 5 11 13 -1 14 15 16 17 18 19 20 output 1 2 18 19 3 20 4 5 8 7 6 9 3 11 8 9 14
3 4 16 17 5 18 6 7 10 9 8 11 10 12 5 11 13 -1 14 15 19 20 output 1 2 5 7 8 9 10 11 12 9 14 5 12 17
3 4 5 6 7 8 9 10 11 10 12 5 11 13 -1 14 15 16 17 18 19 20 output 1 2 18 19 3 20 4 5 8 7 6 9 8 11 3 9 14
3 4 5 6 7 8 9 5 11 14 9 5 11 13 -1 10 12 15 16 17 18 19 20 output 1 2 3 4 5 6 7 3 9 10 17 3 9 14
3 4 5 6 7 5 9 8 11 5 14 12 13 -1 10 15 16 17 18 19 20 output 1 2 17 18 3 19 4 5 3 7 8 9 3 11 12 13
3 4 5 6 7 8 9 5 11 14 9 5 11 13 -1 10 12 15 16 17 18 19 20 output 1 2 3 4 5 3 7 6 9 3 7 10 9 14
3 4 5 6 7 5 9 8 11 5 14 12 13 -1 10 15 16 17 18 19 20 output 1 2 17 18 3 19 4 5 3 7 8 9 3 11 12 13
3 4 5 6 7 8 9 5 13 -1 10 11 12 14 15 16 17 18 19 20 output 1 2 3 4 5 3 7 6 12 9
3 4 5 6 7 10 9 8 11 10 12 5 11 10 14 15 13 -1 16 17 18 19 20 output 1 2 3 4 5 6 7 8 9 3 11 6 9 3 15 16 17
3 4 5 6 7 8 9 5 13 -1 10 11 12 14 15 16 17 18 19 20 output 1 2 3 4 5 3 7 6 9
3 4 5 6 7 8 9 5 13 -1 10 11 12 14 15 16 17 18 19 20 output 1 2 16 17 3 18 4 5 3 7 6 12 9
3 4 5 6 7 8 9 5 11 14 12 5 13 -1 10 15 16 17 18 19 20 output 1 2 17 18 3 19 4 5 3 7 6 9 3 11 10 13
3 4 5 6 7 8 9 10 11 10 12 5 11 13 -1 14 15 16 17 18 19 20 output 1 2 18 19 3 20 4 5 8 7 6 9 3 11 8 9 14
3 4 16 17 5 18 6 7 10 9 8 11 10 12 5 11 13 -1 14 15 19 20 output 1 2 3 4 5 6 7 8 11 10 9 12 9 14 5 12 17
3 4 5 6 7 8 9 5 11 14 12 5 13 -1 10 15 16 17 18 19 20 output 1 2 17 18 3 19 4 5 3 7 6 9 3 11 10 13
3 4 5 6 7 8 9 10 11 10 12 5 11 13 -1 14 15 16 17 18 19 20 output 1 2 3 4 5 8 7 6 9 8 11 3 9 14
3 4 16 17 5 18 6 7 10 9 8 11 5 12 10 11 5 14 15 13 -1 19 20 output 1 2 3 4 5 6 7 8 9 10 11 12 9 14 5 12 5 18 19 20
3 4 5 6 7 8 9 10 11 10 12 5 11 13 -1 14 15 16 17 18 19 20 output 1 2 3 4 5 8 7 6 9 3 11 8 9 14
3 4 5 6 7 10 9 8 11 10 12 5 11 10 14 15 13 -1 16 17 18 19 20 output 1 2 3 4 5 6 7 8 9 3 11 6 9 3 15 16 17
3 4 5 6 7 8 9 5 13 -1 10 11 12 14 15 16 17 18 19 20 output 1 2 3 4 5 3 7 6 9
3 4 5 6 7 8 9 5 11 14 12 5 13 -1 10 15 16 17 18 19 20 output 1 2 17 18 3 19 4 5 3 7 6 9 3 11 10 13
3 4 16 17 5 18 6 7 5 9 8 11 13 -1 10 12 14 15 19 20 output 1 2 5 7 8 5 10 11 13
3 4 5 6 7 8 9 10 11 10 12 5 11 13 -1 14 15 16 17 18 19 20 output 1 2 3 4 5 8 7 6 9 8 11 3 9 14
3 4 5 6 7 10 9 8 11 10 12 5 11 10 14 15 13 -1 16 17 18 19 20 output 1 2 19 20 3 21 4 5 6 7 8 9 6 11 3 9 3 15 16 17
3 4 16 17 5 18 6 7 10 9 8 11 5 12 10 11 5 14 15 13 -1 19 20 output 1 2 3 4 5 6 7 8 9 10 11 12 9 14 5 12 5 18 19 20
3 4 16 17 5 18 6 7 5 9 8 11 13 -1 10 12 14 15 19 20 output 1 2 5 7 8 11 10 5 13
3 4 16 17 5 18 6 7 5 9 8 11 5 14 12 13 -1 10 15 19 20 output 1 2 5 7 8 5 10 11 12 5 14 15 16
3 4 5 6 7 5 9 8 11 5 14 12 13 -1 10 15 16 17 18 19 20 output 1 2 17 18 3 19 4 5 3 7 8 9 3 11 12 13
3 4 16 17 5 18 6 7 10 9 8 11 10 12 5 11 13 -1 14 15 19 20 output 1 2 5 7 8 9 10 11 12 5 14 9 12 17
3 4 5 6 7 8 9 5 11 14 9 5 11 13 -1 10 12 15 16 17 18 19 20 output 1 2 3 4 5 6 7 3 9 10 17 3 9 14
3 4 5 6 7 8 9 10 11 10 12 5 11 13 -1 14 15 16 17 18 19 20 output 1 2 3 4 5 8 7 6 9 8 11 3 9 14
3 4 5 6 7 8 9 5 13 -1 10 11 12 14 15 16 17 18 19 20 output 1 2 3 4 5 3 7 6 9
3 4 5 6 7 8 9 5 13 -1 10 11 12 14 15 16 17 18 19 20 output 1 2 3 4 5 3 7 6 9
3 4 5 6 7 10 9 8 11 10 12 5 11 10 14 15 13 -1 16 17 18 19 20 output 1 2 3 4 5 6 7 8 9 3 11 6 9 3 15 16 17
3 4 5 6 7 10 9 8 11 10 12 5 11 10 14 15 13 -1 16 17 18 19 20 output 1 2 3 4 5 8 7 6 9 6 11 3 9 6 15 16 17
3 4 5 6 7 8 9 5 11 14 9 5 11 13 -1 10 12 15 16 17 18 19 20 output 1 2 3 4 5 3 7 6 9 3 7 10 9 14
3 4 5 6 7 8 9 5 13 -1 10 11 12 14 15 16 17 18 19 20 output 1 2 16 17 3 18 4 5 3 7 6 12 9
3 4 16 17 5 18 6 7 10 9 8 11 10 12 5 11 13 -1 14 15 19 20 output 1 2 5 7 8 5 10 11 17
3 4 5 6 7 8 9 5 13 -1 10 11 12 14 15 16 17 18 19 20 output 1 2 16 17 3 18 4 5 3 7 6 12 9
3 4 16 17 5 18 6 7 10 9 8 11 10 12 5 11 13 -1 14 15 19 20 output 1 2 3 4 5 6 7 8 9 10 11 12 5 14 9 12 17
3 4 5 6 7 10 9 8 11 10 12 5 11 10 14 15 13 -1 16 17 18 19 20 output 1 2 19 20 3 21 4 5 6 7 8 9 3 11 6 9 3 15 16 17
3 4 5 6 7 10 9 8 11 10 12 5 11 10 14 15 13 -1 16 17 18 19 20 output 1 2 19 20 3 21 4 5 6 7 8 9 6 11 3 9 3 15 16 17
3 4 5 6 7 8 9 10 11 10 12 5 11 13 -1 14 15 16 17 18 19 20 output 1 2 3 4 5 8 7 6 9 3 11 8 9 14
3 4 5 6 7 10 9 8 11 10 12 5 11 10 14 15 13 -1 16 17 18 19 20 output 1 2 3 4 5 6 7 8 9 3 11 6 9 3 15 16 17
3 4 5 6 7 8 9 5 13 -1 10 11 12 14 15 16 17 18 19 20 output 1 2 16 17 3 18 4 5 3 7 6 12 9
3 4 5 6 7 8 9 5 13 -1 10 11 12 14 15 16 17 18 19 20 output 1 2 16 17 3 18 4 5 3 7 6 12 9
3 4 5 6 7 10 9 8 11 10 12 5 11 10 14 15 13 -1 16 17 18 19 20 output 1 2 3 4 5 8 7 6 9 6 7 3 9 6 15 16 17
3 4 16 17 5 18 6 7 10 9 8 11 10 12 5 11 13 -1 14 15 19 20 output 1 2 3 4 5 6 7 8 11 10 9 12 9 14 5 12 17
3 4 5 6 7 8 9 5 13 -1 10 11 12 14 15 16 17 18 19 20 output 1 2 3 4 5 3 7 6 12 9
3 4 5 6 7 8 9 5 13 -1 10 11 12 14 15 16 17 18 19 20 output 1 2 16 17 3 18 4 5 3 7 6 12 9
3 4 5 6 7 8 9 5 13 -1 10 11 12 14 15 16 17 18 19 20 output 1 2 3 4 5 3 7 6 12 9
3 4 5 6 7 8 9 5 11 14 9 5 11 13 -1 10 12 15 16 17 18 19 20 output 1 2 3 4 5 6 7 3 9 10 17 3 14
3 4 5 6 7 8 9 5 11 14 9 5 11 13 -1 10 12 15 16 17 18 19 20 output 1 2 3 4 5 6 7 3 9 10 17 3 9 14
3 4 5 6 7 10 9 8 11 10 12 5 11 10 14 15 13 -1 16 17 18 19 20 output 1 2 19 20 3 21 4 5 6 7 8 9 3 11 6 9 3 15 16 17
3 4 5 6 7 8 9 10 11 10 12 5 11 13 -1 14 15 16 17 18 19 20 output 1 2 3 4 5 8 7 6 9 8 11 3 9 14
3 4 5 6 7 10 9 8 11 10 12 5 11 10 14 15 13 -1 16 17 18 19 20 output 1 2 19 20 3 21 4 5 6 7 8 9 3 11 6 9 3 15 16 17
3 4 5 6 7 8 9 5 13 -1 10 11 12 14 15 16 17 18 19 20 output 1 2 16 17 3 18 4 5 3 7 6 12 9
3 4 5 6 7 10 9 8 11 10 12 5 11 10 14 15 13 -1 16 17 18 19 20 output 1 2 19 20 3 21 4 5 6 7 8 9 3 11 6 9 3 15 16 17
3 4 5 6 7 10 9 8 11 10 12 5 11 10 14 15 13 -1 16 17 18 19 20 output 1 2 19 20 3 21 4 5 6 7 8 9 6 11 3 9 3 15 16 17
3 4 5 6 7 5 9 8 11 5 14 12 13 -1 10 15 16 17 18 19 20 output 1 2 17 18 3 19 4 5 3 7 8 9 3 11 12 13
3 4 5 6 7 8 9 5 11 14 9 5 11 13 -1 10 12 15 16 17 18 19 20 output 1 2 3 4 5 6 7 3 9 10 17 3 9 14
3 4 5 6 7 10 9 8 11 10 12 5 11 10 14 15 13 -1 16 17 18 19 20 output 1 2 19 20 3 21 4 5 8 7 6 9 6 11 3 9 6 15 16 17
3 4 5 6 7 5 9 8 11 5 14 12 13 -1 10 15 16 17 18 19 20 output 1 2 17 18 3 19 4 5 3 7 8 9 3 11 12 13
3 4 5 6 7 10 9 8 11 10 12 5 11 10 14 15 13 -1 16 17 18 19 20 output 1 2 19 20 3 21 4 5 6 7 8 9 3 11 6 9 3 15 16 17
3 4 5 6 7 10 9 8 11 10 12 5 11 10 14 15 13 -1 16 17 18 19 20 output 1 2 19 20 3 21 4 5 6 7 8 9 3 11 6 9 3 15 16 17
3 4 5 6 7 5 9 8 11 5 12 14 11 5 20 15 13 -1 10 16 17 18 19 output 1 2 3 4 5 8 7 3 9 12 7 3 9 3 15 16 17
3 4 16 17 5 18 6 7 8 9 5 11 13 -1 10 12 14 15 19 20 output 1 2 3 4 5 6 7 8 5 10 9 12 13
3 4 16 17 5 18 6 7 10 9 8 11 10 12 5 11 13 -1 14 15 19 20 output 1 2 3 4 5 6 7 8 11 10 9 12 9 14 5 12 17
3 4 5 6 7 10 9 8 11 10 12 5 11 10 14 15 13 -1 16 17 18 19 20 output 1 2 19 20 3 21 4 5 6 7 8 9 6 11 3 9 3 15 16 17
3 4 5 6 7 8 9 5 11 14 9 5 11 13 -1 10 12 15 16 17 18 19 20 output 1 2 3 4 5 3 7 6 9 3 17 10 9 14
3 4 16 17 5 18 6 7 5 9 8 11 5 14 12 13 -1 10 15 19 20 output 1 2 5 7 8 5 10 11 12 5 14 15 16
3 4 16 17 5 18 6 7 10 9 8 11 10 12 5 11 13 -1 14 15 19 20 output 1 2 5 7 8 9 10 11 12 5 14 9 12 17
3 4 5 6 7 10 9 8 11 10 12 5 11 10 14 15 13 -1 16 17 18 19 20 output 1 2 3 4 5 6 7 8 9 3 11 6 9 3 15 16 17
3 4 16 17 5 18 6 7 10 9 8 11 5 12 10 11 5 14 15 13 -1 19 20 output 1 2 3 4 5 6 7 8 11 10 9 12 9 14 5 12 9 18 19 20
3 4 5 6 7 10 9 8 11 10 12 5 11 10 14 15 13 -1 16 17 18 19 20 output 1 2 3 4 5 8 7 6 9 6 11 3 9 6 15 16 17
3 4 5 6 7 8 9 5 11 14 9 5 11 13 -1 10 12 15 16 17 18 19 20 output 1 2 3 4 5 3 7 6 9 3 7 10 9 14
3 4 16 17 5 18 6 7 10 9 8 11 10 12 5 11 13 -1 14 15 19 20 output 1 2 5 7 8 11 10 9 12 9 14 5 12 17
3 4 16 17 5 18 6 7 5 9 8 11 13 -1 10 12 14 15 19 20 output 1 2 5 7 8 5 10 11 12 13
3 4 16 17 5 18 6 7 10 9 8 11 5 12 10 11 5 14 15 13 -1 19 20 output 1 2 3 4 5 6 7 8 9 10 11 12 9 14 5 12 5 18 19 20
3 4 5 6 7 10 9 8 11 10 12 5 11 10 14 15 13 -1 16 17 18 19 20 output 1 2 3 4 5 8 7 6 9 6 11 3 9 6 15 16 17
3 4 5 6 7 8 9 5 13 -1 10 11 12 14 15 16 17 18 19 20 output 1 2 3 4 5 3 7 6 12 9
3 4 5 6 7 8 9 5 13 -1 10 11 12 14 15 16 17 18 19 20 output 1 2 3 4 5 3 7 6 9
3 4 5 6 7 10 9 8 11 10 12 5 11 13 -1 14 15 16 17 18 19 20 output 1 2 18 19 3 20 4 5 6 7 8 9 6 11 3 9 14
3 4 5 6 7 5 9 8 11 5 14 12 13 -1 10 15 16 17 18 19 20 output 1 2 17 18 3 19 4 5 3 7 8 9 3 11 12 13
3 4 5 6 7 5 9 8 11 5 14 12 13 -1 10 15 16 17 18 19 20 output 1 2 17 18 3 19 4 5 3 7 8 9 3 11 12 13
3 4 5 6 7 8 9 5 13 -1 10 11 12 14 15 16 17 18 19 20 output 1 2 3 4 5 3 7 6 9
3 4 5 6 7 8 9 10 11 10 12 5 11 13 -1 14 15 16 17 18 19 20 output 1 2 3 4 5 8 7 6 9 3 11 8 9 14
3 4 5 6 7 8 9 5 13 -1 10 11 12 14 15 16 17 18 19 20 output 1 2 3 4 5 3 7 6 12 9
3 4 5 6 7 8 9 10 11 10 12 5 11 13 -1 14 15 16 17 18 19 20 output 1 2 18 19 3 20 4 5 8 7 6 9 8 11 3 9 14
3 4 5 6 7 5 9 8 11 5 14 12 13 -1 10 15 16 17 18 19 20 output 1 2 17 18 3 19 4 5 3 7 8 9 3 11 12 13
3 4 5 6 7 8 9 10 11 10 12 5 11 13 -1 14 15 16 17 18 19 20 output 1 2 3 4 5 8 7 6 9 3 11 8 9 14
3 4 5 6 7 8 9 5 13 -1 10 11 12 14 15 16 17 18 19 20 output 1 2 3 4 5 3 7 6 9
3 4 5 6 7 8 9 5 13 -1 10 11 12 14 15 16 17 18 19 20 output 1 2 3 4 5 3 7 6 12 9
3 4 5 6 7 10 9 8 11 10 12 5 11 10 14 15 13 -1 16 17 18 19 20 output 1 2 3 4 5 8 7 6 9 6 11 3 9 6 15 16 17
3 4 5 6 7 10 9 8 11 10 12 5 11 10 14 15 13 -1 16 17 18 19 20 output 1 2 3 4 5 8 7 6 9 6 11 3 9 6 15 16 17
3 4 5 6 7 8 9 5 13 -1 10 11 12 14 15 16 17 18 19 20 output 1 2 3 4 5 3 7 6 9
3 4 5 6 7 8 9 5 13 -1 10 11 12 14 15 16 17 18 19 20 output 1 2 3 4 5 3 7 6 12 9
3 4 5 6 7 5 9 8 11 5 9 14 11 13 -1 10 12 15 16 17 18 19 20 output 1 2 3 4 5 8 7 3 9 12 7 3 9 14
3 4 5 6 7 8 9 5 13 -1 10 11 12 14 15 16 17 18 19 20 output 1 2 16 17 3 18 4 5 6 7 3 12 9
3 4 5 6 7 8 9 5 13 -1 10 11 12 14 15 16 17 18 19 20 output 1 2 16 17 3 18 4 5 3 7 6 12 9
3 4 5 6 7 8 9 5 11 14 9 5 11 13 -1 10 12 15 16 17 18 19 20 output 1 2 19 20 3 21 4 5 3 7 6 9 3 17 10 14
3 4 5 6 7 8 9 10 11 10 12 5 11 13 -1 14 15 16 17 18 19 20 output 1 2 3 4 5 8 7 6 9 8 11 3 9 14
3 4 5 6 7 8 9 5 11 14 12 5 13 -1 10 15 16 17 18 19 20 output 1 2 3 4 5 3 7 6 9 3 11 10 9 13
3 4 5 6 7 10 9 8 11 10 12 5 11 10 14 15 13 -1 16 17 18 19 20 output 1 2 19 20 3 21 4 5 6 7 8 9 6 11 3 9 3 15 16 17
3 4 5 6 7 8 9 5 13 -1 10 11 12 14 15 16 17 18 19 20 output 1 2 16 17 3 18 4 5 6 7 3 12 9
3 4 5 6 7 8 9 5 11 14 9 5 11 13 -1 10 12 15 16 17 18 19 20 output 1 2 3 4 5 6 7 3 9 10 17 3 14
3 4 5 6 7 8 9 5 13 -1 10 11 12 14 15 16 17 18 19 20 output 1 2 16 17 3 18 4 5 3 7 6 12 9
3 4 5 6 7 8 9 10 11 10 12 5 11 13 -1 14 15 16 17 18 19 20 output 1 2 3 4 5 8 7 6 9 8 11 3 9 14
3 4 5 6 7 8 9 10 11 10 12 5 11 13 -1 14 15 16 17 18 19 20 output 1 2 3 4 5 8 7 6 9 8 11 3 9 14
3 4 5 6 7 8 9 5 13 -1 10 11 12 14 15 16 17 18 19 20 output 1 2 16 17 3 18 4 5 3 7 6 12 9
3 4 5 6 7 8 9 10 11 10 12 5 11 13 -1 14 15 16 17 18 19 20 output 1 2 3 4 5 8 7 6 9 3 11 8 9 14
3 4 5 6 7 8 9 5 11 14 12 5 13 -1 10 15 16 17 18 19 20 output 1 2 3 4 5 3 7 6 9 3 11 10 9 13
3 4 5 6 7 8 9 5 13 -1 10 11 12 14 15 16 17 18 19 20 output 1 2 3 4 5 3 7 6 9
3 4 5 6 7 8 9 5 13 -1 10 11 12 14 15 16 17 18 19 20 output 1 2 16 17 3 18 4 5 3 7 6 12 9
3 4 5 6 7 10 9 8 11 10 12 5 11 10 14 15 13 -1 16 17 18 19 20 output 1 2 19 20 3 21 4 5 6 7 8 9 6 11 3 9 3 15 16 17
3 4 5 6 7 10 9 8 11 10 12 5 11 13 -1 14 15 16 17 18 19 20 output 1 2 18 19 3 20 4 5 6 7 8 9 6 11 3 9 14
3 4 16 17 5 18 6 7 10 9 8 11 10 12 5 11 13 -1 14 15 19 20 output 1 2 5 7 8 9 10 11 12 9 14 5 12 17
3 4 5 6 7 10 9 8 11 10 12 5 11 10 14 15 13 -1 16 17 18 19 20 output 1 2 19 20 3 21 4 5 6 7 8 9 6 11 3 9 3 15 16 17
3 4 5 6 7 10 9 8 11 5 12 10 11 5 14 15 13 -1 16 17 18 19 20 output 1 2 19 20 3 21 4 5 6 7 8 9 3 11 6 9 3 15 16 17
3 4 16 17 5 18 6 7 10 9 8 11 5 12 10 11 5 14 15 13 -1 19 20 output 1 2 3 4 5 6 7 8 11 10 9 12 9 14 5 12 9 18 19 20
3 4 5 6 7 10 9 8 11 10 12 5 11 10 14 15 13 -1 16 17 18 19 20 output 1 2 19 20 3 21 4 5 6 7 8 9 6 11 3 9 3 15 16 17
3 4 5 6 7 8 9 5 13 -1 10 11 12 14 15 16 17 18 19 20 output 1 2 16 17 3 18 4 5 3 7 6 12 9
3 4 16 17 5 18 6 7 10 9 8 11 5 12 10 11 5 14 15 13 -1 19 20 output 1 2 5 7 8 9 10 11 12 9 14 5 12 9 18 19 20
3 4 5 6 7 10 9 8 11 10 12 5 11 10 14 15 13 -1 16 17 18 19 20 output 1 2 3 4 5 8 7 6 9 6 11 3 9 6 15 16 17
3 4 5 6 7 8 9 5 13 -1 10 11 12 14 15 16 17 18 19 20 output 1 2 3 4 5 3 7 6 12 9
3 4 5 6 7 10 9 8 11 10 12 5 11 10 14 15 13 -1 16 17 18 19 20 output 1 2 3 4 5 8 7 6 9 6 11 3 9 6 15 16 17
3 4 16 17 5 18 6 7 5 9 8 11 13 -1 10 12 14 15 19 20 output 1 2 5 7 8 11 10 5 13
3 4 5 6 7 10 9 8 11 5 12 10 11 5 14 15 13 -1 16 17 18 19 20 output 1 2 19 20 3 21 4 5 6 7 8 9 3 11 6 9 3 15 16 17
3 4 5 6 7 8 9 10 11 10 12 5 11 13 -1 14 15 16 17 18 19 20 output 1 2 18 19 3 20 4 5 8 7 6 9 8 11 3 9 14
3 4 5 6 7 10 9 8 11 10 12 5 11 10 14 15 13 -1 16 17 18 19 20 output 1 2 3 4 5 8 7 6 9 6 11 3 9 6 15 16 17
3 4 5 6 7 10 9 8 11 10 12 5 11 10 14 15 13 -1 16 17 18 19 20 output 1 2 19 20 3 21 4 5 6 7 8 9 3 11 6 9 3 15 16 17
3 4 5 6 7 8 9 5 13 -1 10 11 12 14 15 16 17 18 19 20 output 1 2 3 4 5 3 7 6 9
3 4 5 6 7 10 9 8 11 10 12 5 11 10 14 15 13 -1 16 17 18 19 20 output 1 2 19 20 3 21 4 5 6 7 8 9 3 11 6 9 3 15 16 17
3 4 5 6 7 8 9 5 11 14 12 5 13 -1 10 15 16 17 18 19 20 output 1 2 3 4 5 3 7 6 9 3 7 10 9 13
3 4 5 6 7 8 9 5 13 -1 10 11 12 14 15 16 17 18 19 20 output 1 2 3 4 5 3 7 6 12 9
3 4 16 17 5 18 6 7 5 9 8 11 5 14 12 13 -1 10 15 19 20 output 1 2 5 7 8 5 10 11 12 5 14 15 16
3 4 5 6 7 10 9 8 11 10 12 5 11 10 14 15 13 -1 16 17 18 19 20 output 1 2 19 20 3 21 4 5 6 7 8 9 6 11 3 9 3 15 16 17
3 4 5 6 7 5 9 8 11 13 -1 10 12 14 15 16 17 18 19 20 output 1 2 16 17 3 18 4 5 3 7 8 9 10
3 4 5 6 7 8 9 10 11 10 12 5 11 13 -1 14 15 16 17 18 19 20 output 1 2 3 4 5 8 7 6 9 3 11 8 9 14
3 4 5 6 7 10 9 8 11 10 12 5 11 10 14 15 13 -1 16 17 18 19 20 output 1 2 3 4 5 6 7 8 9 3 11 6 9 3 15 16 17
3 4 5 6 7 10 9 8 11 10 12 5 11 10 14 15 13 -1 16 17 18 19 20 output 1 2 3 4 5 6 7 8 9 3 11 6 9 3 15 16 17
3 4 5 6 7 10 9 8 11 10 12 5 11 10 14 15 13 -1 16 17 18 19 20 output 1 2 3 4 5 8 7 6 9 6 11 3 9 6 15 16 17
3 4 5 6 7 10 9 8 11 10 12 5 11 10 14 15 13 -1 16 17 18 19 20 output 1 2 19 20 3 21 4 5 6 7 8 9 3 11 6 9 3 15 16 17
3 4 5 6 7 10 9 8 11 10 12 5 11 10 14 15 13 -1 16 17 18 19 20 output 1 2 3 4 5 6 7 8 9 3 11 6 9 3 15 16 17
3 4 5 6 7 8 9 5 11 14 12 5 13 -1 10 15 16 17 18 19 20 output 1 2 3 4 5 3 7 6 9 3 7 10 9 13
3 4 5 6 7 8 9 5 13 -1 10 11 12 14 15 16 17 18 19 20 output 1 2 3 4 5 3 7 6 9
3 4 5 6 7 8 9 5 11 14 12 5 13 -1 10 15 16 17 18 19 20 output 1 2 3 4 5 3 7 6 9 3 7 10 9 13
3 4 5 6 7 8 9 5 13 -1 10 11 12 14 15 16 17 18 19 20 output 1 2 16 17 3 18 4 5 6 7 3 12 9
3 4 16 17 5 18 6 7 5 9 8 11 13 -1 10 12 14 15 19 20 output 1 2 3 4 5 6 7 8 11 10 5 12 13
3 4 5 6 7 8 9 5 11 14 12 5 13 -1 10 15 16 17 18 19 20 output 20 4 5 6 7 10 13
3 4 5 6 7 5 9 8 11 5 9 14 11 5 20 15 13 -1 10 12 16 17 18 19 output 1 2 3 4 5 3 7 8 9 3 20 12 9 3 15 16 17
3 4 16 17 5 18 6 7 5 9 8 11 13 -1 10 12 14 15 19 20 output 1 2 3 4 5 6 7 8 11 10 5 12 13
3 4 16 17 5 18 6 7 5 9 8 11 5 14 12 13 -1 10 15 19 20 output 1 2 5 7 8 5 10 11 12 5 14 15 16
3 4 5 6 7 10 9 8 11 10 12 5 11 10 14 15 13 -1 16 17 18 19 20 output 1 2 19 20 3 21 4 5 6 7 8 9 6 11 3 9 3 15 16 17
3 4 5 6 7 10 9 8 11 10 12 5 11 10 14 15 13 -1 16 17 18 19 20 output 1 2 19 20 3 21 4 5 6 7 8 9 6 11 3 9 3 15 16 17
3 4 16 17 5 18 6 7 10 9 8 11 5 12 10 11 5 14 15 13 -1 19 20 output 1 2 3 4 5 6 7 8 11 10 9 12 9 14 5 12 9 18 19 20
3 4 5 6 7 8 9 5 13 -1 10 11 12 14 15 16 17 18 19 20 output 1 2 3 4 5 3 7 6 9
3 4 16 17 5 18 6 7 5 9 8 11 13 -1 10 12 14 15 19 20 output 1 2 3 4 5 6 7 8 11 10 5 12 13
3 4 16 17 5 18 6 7 10 9 8 11 10 12 5 11 13 -1 14 15 19 20 output 1 2 5 7 8 9 10 11 12 9 14 5 12 17
3 4 16 17 5 18 6 7 10 9 8 11 5 12 10 11 5 14 15 13 -1 19 20 output 1 2 5 7 8 9 10 11 12 9 14 5 12 9 18 19 20
3 4 5 6 7 10 9 8 11 10 12 5 11 13 -1 14 15 16 17 18 19 20 output 1 2 3 4 5 6 7 8 9 3 11 6 9 14
3 4 5 6 7 8 9 10 11 10 12 5 11 13 -1 14 15 16 17 18 19 20 output 1 2 18 19 3 20 4 5 8 7 6 9 3 11 8 9 14
19 6 7 8 9 14 13 -1 3 4 5 10 11 12 15 16 17 18 20 output 9 10 11 2 3 4 5 11 7
3 4 5 6 7 8 9 5 13 -1 10 11 12 14 15 16 17 18 19 20 output 1 2 3 4 5 3 7 6 12 9
3 4 5 6 7 5 9 8 11 5 14 12 13 -1 10 15 16 17 18 19 20 output 1 2 17 18 3 19 4 5 3 7 8 9 3 11 12 13
3 4 5 6 7 5 9 8 11 5 9 14 11 13 -1 10 12 15 16 17 18 19 20 output 1 2 19 20 3 21 4 5 3 7 8 9 3 17 12 14
3 4 5 6 7 5 9 8 11 5 12 14 11 5 20 15 13 -1 10 16 17 18 19 output 1 2 3 4 5 19 7 8 9 19 7 3 9 19 12 16 17
3 4 5 6 7 8 9 10 11 10 12 5 11 13 -1 14 15 16 17 18 19 20 output 1 2 18 19 3 20 4 5 8 7 6 9 8 11 3 9 14
3 4 5 6 7 5 9 8 11 5 9 14 11 13 -1 10 12 15 16 17 18 19 20 output 1 2 3 4 5 8 7 3 9 12 7 3 9 14
3 4 5 6 7 10 9 8 11 10 12 5 11 10 14 15 13 -1 16 17 18 19 20 output 1 2 3 4 5 8 7 6 9 6 11 3 9 6 15 16 17
3 4 5 6 7 8 9 10 11 10 12 5 11 13 -1 14 15 16 17 18 19 20 output 1 2 18 19 3 20 4 5 6 7 8 9 8 11 3 9 14
3 4 5 6 7 8 9 5 13 -1 10 11 12 14 15 16 17 18 19 20 output 1 2 16 17 3 18 4 5 3 7 6 12 9
3 4 5 6 7 10 9 8 11 10 12 5 11 13 -1 14 15 16 17 18 19 20 output 1 2 18 19 3 20 4 5 6 7 8 9 6 7 3 14
3 4 5 6 7 5 9 8 11 5 14 12 13 -1 10 15 16 17 18 19 20 output 1 2 3 4 5 8 7 3 9 11 7 3 9 13
3 4 16 17 5 18 6 7 5 9 8 11 13 -1 10 12 14 15 19 20 output 1 2 5 7 8 11 10 5 13
3 4 16 17 5 18 6 7 10 9 8 11 5 12 10 11 5 14 15 13 -1 19 20 output 1 2 5 7 8 9 10 11 12 9 14 5 12 9 18 19 20
3 4 5 6 7 5 9 8 11 5 14 12 13 -1 10 15 16 17 18 19 20 output 1 2 17 18 3 19 4 5 3 7 8 9 3 11 12 13
3 4 5 6 7 10 9 8 11 10 12 5 11 10 14 15 13 -1 16 17 18 19 20 output 1 2 19 20 3 21 4 5 6 7 8 9 3 11 6 9 3 15 16 17
3 4 5 6 7 8 9 5 13 -1 10 11 12 14 15 16 17 18 19 20 output 1 2 3 4 5 3 7 6 9
3 4 5 6 7 8 9 10 11 10 12 5 11 13 -1 14 15 16 17 18 19 20 output 1 2 3 4 5 8 7 6 9 8 11 3 9 14
3 4 5 6 7 10 9 8 11 10 12 5 11 10 14 15 13 -1 16 17 18 19 20 output 1 2 3 4 5 6 7 8 9 3 11 6 9 3 15 16 17
19 6 7 8 9 14 13 -1 3 4 5 10 11 12 15 16 17 18 20 output 9 10 16 17 11 18 2 3 11 5 4 13 7
3 4 5 6 7 10 9 8 11 10 12 5 11 10 14 15 13 -1 16 17 18 19 20 output 1 2 3 4 5 6 7 8 9 3 11 6 9 3 15 16 17
3 4 5 6 7 8 9 10 11 10 12 5 11 13 -1 14 15 16 17 18 19 20 output 1 2 3 4 5 8 7 6 9 8 11 3 9 14
3 4 5 6 7 10 9 8 11 10 12 5 11 10 14 15 13 -1 16 17 18 19 20 output 1 2 3 4 5 8 7 6 9 6 11 3 9 6 15 16 17
3 4 5 6 7 10 9 8 11 10 12 5 11 10 14 15 13 -1 16 17 18 19 20 output 1 2 19 20 3 21 4 5 6 7 8 9 6 11 3 9 3 15 16 17
3 4 5 6 7 8 9 10 11 10 12 5 11 13 -1 14 15 16 17 18 19 20 output 1 2 3 4 5 8 7 6 9 3 11 8 9 14
3 4 5 6 7 8 9 10 11 10 12 5 11 13 -1 14 15 16 17 18 19 20 output 1 2 18 19 3 20 4 5 8 7 6 9 8 11 3 9 14
3 4 5 6 7 8 9 10 11 10 12 5 11 13 -1 14 15 16 17 18 19 20 output 1 2 3 4 5 8 7 6 9 8 11 3 9 14
3 4 5 6 7 8 9 5 13 -1 10 11 12 14 15 16 17 18 19 20 output 1 2 16 17 3 18 4 5 3 7 6 12 9
3 4 5 6 7 10 9 8 11 10 12 5 11 13 -1 14 15 16 17 18 19 20 output 1 2 3 4 5 8 7 6 9 6 11 3 9 14
3 4 16 17 5 18 6 7 10 9 8 11 10 12 5 11 13 -1 14 15 19 20 output 1 2 5 7 8 9 10 11 12 9 14 5 12 17
3 4 5 6 7 8 9 10 11 10 12 5 11 13 -1 14 15 16 17 18 19 20 output 1 2 18 19 3 20 4 5 8 7 6 9 8 7 3 14
3 4 5 6 7 10 9 8 11 10 12 5 11 10 14 15 13 -1 16 17 18 19 20 output 1 2 19 20 3 21 4 5 6 7 8 9 3 11 6 9 3 15 16 17
3 4 5 6 7 10 9 8 11 10 12 5 11 10 14 15 13 -1 16 17 18 19 20 output 1 2 3 4 5 8 7 6 9 6 11 3 9 6 15 16 17
3 4 5 6 7 8 9 10 11 10 12 5 11 13 -1 14 15 16 17 18 19 20 output 1 2 18 19 3 20 4 5 8 7 6 9 8 11 3 9 14
3 4 16 17 5 18 6 7 10 9 8 11 10 12 5 11 13 -1 14 15 19 20 output 1 2 3 4 5 6 7 8 9 10 11 12 5 14 9 12 17
3 4 5 6 7 10 9 8 11 10 12 5 11 10 14 15 13 -1 16 17 18 19 20 output 1 2 3 4 5 8 7 6 9 6 11 3 9 6 15 16 17
3 4 5 6 7 10 9 8 11 5 12 10 11 5 14 15 13 -1 16 17 18 19 20 output 1 2 3 4 5 6 7 8 9 6 11 3 9 6 15 16 17
3 4 5 6 7 8 9 5 13 -1 10 11 12 14 15 16 17 18 19 20 output 1 2 16 17 3 18 4 5 3 7 6 12 9
3 4 5 6 7 10 9 8 11 10 12 5 11 10 14 15 13 -1 16 17 18 19 20 output 1 2 3 4 5 8 7 6 9 6 11 3 9 6 15 16 17
3 4 5 6 7 10 9 8 11 10 12 5 11 10 14 15 13 -1 16 17 18 19 20 output 1 2 19 20 3 21 4 5 8 7 6 9 6 11 3 9 6 15 16 17
3 4 5 6 7 8 9 10 11 10 12 5 11 13 -1 14 15 16 17 18 19 20 output 1 2 18 19 3 20 4 5 8 7 6 9 8 11 3 9 14
3 4 5 6 7 8 9 10 11 10 12 5 11 13 -1 14 15 16 17 18 19 20 output 1 2 18 19 3 20 4 5 8 7 6 9 8 11 3 9 14
3 4 16 17 5 18 6 7 10 9 8 11 10 12 5 11 13 -1 14 15 19 20 output 1 2 5 7 8 9 10 11 12 5 14 9 12 17
3 4 5 6 7 10 9 8 11 10 12 5 11 10 14 15 13 -1 16 17 18 19 20 output 1 2 19 20 3 21 4 5 6 7 8 9 6 11 3 9 3 15 16 17
3 4 5 6 7 8 9 5 13 -1 10 11 12 14 15 16 17 18 19 20 output 1 2 3 4 5 3 7 6 12 9
3 4 5 6 7 8 9 5 13 -1 10 11 12 14 15 16 17 18 19 20 output 1 2 16 17 3 18 4 5 3 7 6 12 9
3 4 5 6 7 10 9 8 11 10 12 5 11 10 14 15 13 -1 16 17 18 19 20 output 1 2 3 4 5 8 7 6 9 6 11 3 9 6 15 16 17
3 4 5 6 7 5 9 8 11 5 14 12 13 -1 10 15 16 17 18 19 20 output 1 2 17 18 3 19 4 5 3 7 8 9 3 11 12 13
3 4 5 6 7 10 9 8 11 10 12 5 11 10 14 15 13 -1 16 17 18 19 20 output 1 2 19 20 3 21 4 5 6 7 8 9 3 11 6 9 3 15 16 17
3 4 5 6 7 8 9 10 11 10 12 5 11 13 -1 14 15 16 17 18 19 20 output 21 4 5 6 7 16 14
3 4 5 6 7 8 9 10 11 10 12 5 11 13 -1 14 15 16 17 18 19 20 output 1 2 18 19 3 20 4 5 8 7 6 9 8 7 3 14
3 4 5 6 7 10 9 8 11 10 12 5 11 10 14 15 13 -1 16 17 18 19 20 output 1 2 3 4 5 8 7 6 9 6 11 3 9 6 15 16 17
3 4 5 6 7 8 9 10 11 10 12 5 11 13 -1 14 15 16 17 18 19 20 output 1 2 3 4 5 8 7 6 9 8 11 3 9 14
3 4 5 6 7 8 9 10 11 10 12 5 11 13 -1 14 15 16 17 18 19 20 output 1 2 3 4 5 8 7 6 9 3 11 8 9 14
3 4 5 6 7 10 9 8 11 10 12 5 11 10 14 15 13 -1 16 17 18 19 20 output 1 2 3 4 5 6 7 8 9 3 11 6 9 3 15 16 17
3 4 5 6 7 5 9 8 11 5 14 12 13 -1 10 15 16 17 18 19 20 output 1 2 17 18 3 19 4 5 3 7 8 9 3 11 12 13
3 4 16 17 5 18 6 7 5 9 8 11 5 14 12 13 -1 10 15 19 20 output 1 2 5 7 8 5 10 11 12 5 14 15 16
3 4 16 17 5 18 6 7 5 9 8 11 5 14 12 13 -1 10 15 19 20 output 1 2 3 4 5 6 7 8 11 10 5 12 5 14 15 16
3 4 5 6 7 10 9 8 11 10 12 5 11 13 -1 14 15 16 17 18 19 20 output 1 2 3 4 5 6 7 8 9 3 11 6 9 14
3 4 5 6 7 8 9 10 11 10 12 5 11 13 -1 14 15 16 17 18 19 20 output 1 2 3 4 5 8 7 6 9 8 11 3 9 14
3 4 5 6 7 5 9 8 11 5 12 14 11 5 20 15 13 -1 10 16 17 18 19 output 1 2 3 4 5 8 7 3 9 12 11 3 9 3 15 16 17
3 4 5 6 7 8 9 5 13 -1 10 11 12 14 15 16 17 18 19 20 output 1 2 3 4 5 3 7 6 12 9
3 4 5 6 7 10 9 8 11 10 12 5 11 10 14 15 13 -1 16 17 18 19 20 output 1 2 19 20 3 21 4 5 6 7 8 9 6 11 3 9 3 15 16 17
3 4 5 6 7 10 9 8 11 10 12 5 11 10 14 15 13 -1 16 17 18 19 20 output 1 2 3 4 5 6 7 8 9 3 11 6 9 3 15 16 17
3 4 5 6 7 10 9 8 11 10 12 5 11 10 14 15 13 -1 16 17 18 19 20 output 1 2 19 20 3 21 4 5 6 7 8 9 6 11 3 9 3 15 16 17
3 4 5 6 7 8 9 5 11 14 9 5 11 13 -1 10 12 15 16 17 18 19 20 output 1 2 19 20 3 21 4 5 3 7 6 9 3 7 10 14
3 4 5 6 7 10 9 8 11 10 12 5 11 10 14 15 13 -1 16 17 18 19 20 output 1 2 19 20 3 21 4 5 8 7 6 9 6 11 3 9 6 15 16 17
3 4 16 17 5 18 6 7 5 9 8 11 13 -1 10 12 14 15 19 20 output 1 2 3 4 5 6 7 8 11 10 5 12 13
3 4 5 6 7 8 9 5 11 14 9 5 11 13 -1 10 12 15 16 17 18 19 20 output 22 4 5 6 7 10 14
3 4 5 6 7 10 9 8 11 10 12 5 11 10 14 15 13 -1 16 17 18 19 20 output 1 2 19 20 3 21 4 5 6 7 8 9 3 11 6 9 3 15 16 17
3 4 5 6 7 8 9 5 13 -1 10 11 12 14 15 16 17 18 19 20 output 1 2 3 4 5 3 7 6 12 9
3 4 5 6 7 8 9 5 11 14 9 5 11 13 -1 10 12 15 16 17 18 19 20 output 1 2 3 4 5 6 7 3 9 10 17 3 9 14
3 4 5 6 7 10 9 8 11 10 12 5 11 10 14 15 13 -1 16 17 18 19 20 output 1 2 19 20 3 21 4 5 6 7 8 9 6 11 3 9 3 15 16 17
3 4 5 6 7 8 9 5 13 -1 10 11 12 14 15 16 17 18 19 20 output 1 2 3 4 5 3 7 6 12 9
3 4 5 6 7 5 9 8 11 5 14 12 13 -1 10 15 16 17 18 19 20 output 1 2 17 18 3 19 4 5 3 7 8 9 3 11 12 13
3 4 16 17 5 18 6 7 5 9 8 11 13 -1 10 12 14 15 19 20 output 1 2 5 7 8 5 10 11 13
3 4 5 6 7 8 9 5 13 -1 10 11 12 14 15 16 17 18 19 20 output 1 2 3 4 5 3 7 6 9
3 4 5 6 7 8 9 10 11 10 12 5 11 13 -1 14 15 16 17 18 19 20 output 1 2 18 19 3 20 4 5 8 7 6 9 3 11 8 9 14
3 4 5 6 7 5 9 8 11 13 -1 10 12 14 15 16 17 18 19 20 output 1 2 16 17 3 18 4 5 3 7 8 9 10
3 4 5 6 7 10 9 8 11 10 12 5 11 13 -1 14 15 16 17 18 19 20 output 1 2 18 19 3 20 4 5 6 7 8 9 6 11 3 9 14
3 4 5 6 7 5 9 8 11 5 14 12 13 -1 10 15 16 17 18 19 20 output 1 2 17 18 3 19 4 5 3 7 8 9 3 11 12 13
3 4 16 17 5 18 6 7 10 9 8 11 10 12 5 11 13 -1 14 15 19 20 output 1 2 5 7 8 9 10 11 12 9 14 5 12 17
3 4 5 6 7 8 9 5 13 -1 10 11 12 14 15 16 17 18 19 20 output 1 2 3 4 5 3 7 6 9
3 4 16 17 5 18 6 7 10 9 8 11 10 12 5 11 13 -1 14 15 19 20 output 1 2 5 7 8 11 10 9 12 9 14 5 12 17
3 4 16 17 5 18 6 7 10 9 8 11 10 12 5 11 13 -1 14 15 19 20 output 1 2 5 7 8 11 10 9 12 9 14 5 12 17
3 4 5 6 7 10 9 8 11 10 12 5 11 10 14 15 13 -1 16 17 18 19 20 output 1 2 3 4 5 8 7 6 9 6 7 3 9 6 15 16 17
3 4 5 6 7 8 9 10 11 10 12 5 11 13 -1 14 15 16 17 18 19 20 output 1 2 18 19 3 20 4 5 8 7 6 9 8 11 3 9 14
3 4 16 17 5 18 6 7 10 9 8 11 5 12 10 11 5 14 15 13 -1 19 20 output 1 2 5 7 8 9 10 11 12 5 14 9 12 5 18 19 20
3 4 5 6 7 10 9 8 11 10 12 5 11 10 14 15 13 -1 16 17 18 19 20 output 1 2 3 4 5 8 7 6 9 6 11 3 9 6 15 16 17
3 4 5 6 7 5 9 8 11 5 9 14 11 13 -1 10 12 15 16 17 18 19 20 output 1 2 3 4 5 8 7 3 9 12 7 3 9 14
3 4 5 6 7 10 9 8 11 10 12 5 11 10 14 15 13 -1 16 17 18 19 20 output 1 2 3 4 5 8 7 6 9 6 11 3 9 6 15 16 17
3 4 16 17 5 18 6 7 5 9 8 11 5 14 12 13 -1 10 15 19 20 output 1 2 3 4 5 6 7 8 11 10 5 12 5 14 15 16
3 4 5 6 7 5 9 8 11 5 14 12 13 -1 10 15 16 17 18 19 20 output 1 2 17 18 3 19 4 5 3 7 8 9 3 11 12 13
3 4 5 6 7 8 9 5 13 -1 10 11 12 14 15 16 17 18 19 20 output 1 2 3 4 5 3 7 6 12 9
3 4 16 17 5 18 6 7 5 9 8 11 5 14 12 13 -1 10 15 19 20 output 1 2 5 7 8 5 10 11 12 5 14 15 16
3 4 5 6 7 10 9 8 11 10 12 5 11 13 -1 14 15 16 17 18 19 20 output 1 2 18 19 3 20 4 5 6 7 8 9 6 11 3 9 14
3 4 5 6 7 8 9 5 11 14 9 5 11 13 -1 10 12 15 16 17 18 19 20 output 1 2 3 4 5 6 7 3 9 10 17 3 14
3 4 5 6 7 8 9 10 11 10 12 5 11 13 -1 14 15 16 17 18 19 20 output 1 2 3 4 5 8 7 6 9 8 11 3 9 14
3 4 5 6 7 8 9 5 13 -1 10 11 12 14 15 16 17 18 19 20 output 1 2 3 4 5 3 7 6 9
3 4 5 6 7 10 9 8 11 10 12 5 11 10 14 15 13 -1 16 17 18 19 20 output 1 2 19 20 3 21 4 5 6 7 8 9 6 11 3 9 3 15 16 17
3 4 5 6 7 8 9 5 11 14 9 5 11 13 -1 10 12 15 16 17 18 19 20 output 1 2 3 4 5 6 7 3 9 10 17 3 14
3 4 5 6 7 8 9 5 13 -1 10 11 12 14 15 16 17 18 19 20 output 1 2 3 4 5 3 7 6 9
19 6 7 8 9 14 13 -1 3 4 5 10 11 12 15 16 17 18 20 output 9 10 16 17 11 18 2 3 11 5 4 13 7
3 4 5 6 7 8 9 5 11 14 9 5 11 13 -1 10 12 15 16 17 18 19 20 output 1 2 3 4 5 6 7 3 9 10 17 3 14
3 4 5 6 7 8 9 5 13 -1 10 11 12 14 15 16 17 18 19 20 output 1 2 16 17 3 18 4 5 3 7 6 12 9
3 4 5 6 7 8 9 5 11 14 9 5 11 13 -1 10 12 15 16 17 18 19 20 output 1 2 3 4 5 6 7 3 9 10 17 3 14
3 4 5 6 7 10 9 8 11 10 12 5 11 10 14 15 13 -1 16 17 18 19 20 output 1 2 19 20 3 21 4 5 8 7 6 9 6 11 3 9 6 15 16 17
3 4 5 6 7 10 9 8 11 10 12 5 11 10 14 15 13 -1 16 17 18 19 20 output 1 2 3 4 5 6 7 8 9 3 11 6 9 3 15 16 17
3 4 5 6 7 8 9 10 11 10 12 5 11 13 -1 14 15 16 17 18 19 20 output 1 2 3 4 5 8 7 6 9 8 11 3 9 14
3 4 16 17 5 18 6 7 10 9 8 11 10 12 5 11 13 -1 14 15 19 20 output 1 2 3 4 5 6 7 8 9 10 11 12 5 14 9 12 17
3 4 5 6 7 10 9 8 11 10 12 5 11 10 14 15 13 -1 16 17 18 19 20 output 1 2 3 4 5 6 7 8 9 3 11 6 9 3 15 16 17
3 4 5 6 7 10 9 8 11 10 12 5 11 10 14 15 13 -1 16 17 18 19 20 output 1 2 19 20 3 21 4 5 6 7 8 9 6 11 3 9 3 15 16 17
3 4 16 17 5 18 6 7 5 9 8 11 13 -1 10 12 14 15 19 20 output 1 2 3 4 5 6 7 8 11 10 5 12 13
3 4 16 17 5 18 6 7 10 9 8 11 10 12 5 11 13 -1 14 15 19 20 output 1 2 5 7 8 11 10 9 12 9 14 5 12 17
3 4 16 17 5 18 6 7 5 9 8 11 5 14 12 13 -1 10 15 19 20 output 1 2 5 7 8 5 10 11 12 5 14 15 16
3 4 5 6 7 8 9 5 11 14 9 5 11 13 -1 10 12 15 16 17 18 19 20 output 1 2 3 4 5 6 7 3 9 10 17 3 9 14
3 4 5 6 7 10 9 8 11 10 12 5 11 10 14 15 13 -1 16 17 18 19 20 output 1 2 19 20 3 21 4 5 6 7 8 9 3 11 6 9 3 15 16 17
3 4 5 6 7 8 9 5 13 -1 10 11 12 14 15 16 17 18 19 20 output 1 2 3 4 5 3 7 6 12 9
3 4 16 17 5 18 6 7 10 9 8 11 10 12 5 11 13 -1 14 15 19 20 output 1 2 3 4 5 6 7 8 9 10 11 12 5 14 9 12 17
3 4 5 6 7 5 9 8 11 5 14 12 13 -1 10 15 16 17 18 19 20 output 1 2 17 18 3 19 4 5 3 7 8 9 3 11 12 13
3 4 5 6 7 8 9 5 13 -1 10 11 12 14 15 16 17 18 19 20 output 1 2 3 4 5 3 7 6 12 9
3 4 5 6 7 8 9 10 11 10 12 5 11 13 -1 14 15 16 17 18 19 20 output 1 2 3 4 5 8 7 6 9 3 11 8 9 14
3 4 5 6 7 5 9 8 11 5 14 12 13 -1 10 15 16 17 18 19 20 output 1 2 17 18 3 19 4 5 3 7 8 9 3 11 12 13
3 4 5 6 7 8 9 5 13 -1 10 11 12 14 15 16 17 18 19 20 output 1 2 3 4 5 3 7 6 12 9
3 4 5 6 7 5 9 8 11 5 14 12 13 -1 10 15 16 17 18 19 20 output 1 2 17 18 3 19 4 5 3 7 8 9 3 11 12 13
3 4 5 6 7 10 9 8 11 10 12 5 11 10 14 15 13 -1 16 17 18 19 20 output 1 2 19 20 3 21 4 5 6 7 8 9 3 11 6 9 3 15 16 17
3 4 5 6 7 10 9 8 11 10 12 5 11 10 14 15 13 -1 16 17 18 19 20 output 1 2 3 4 5 8 7 6 9 6 11 3 9 6 15 16 17
3 4 5 6 7 8 9 10 11 10 12 5 11 13 -1 14 15 16 17 18 19 20 output 1 2 3 4 5 8 7 6 9 8 11 3 9 14
3 4 5 6 7 8 9 10 11 10 12 5 11 13 -1 14 15 16 17 18 19 20 output 1 2 18 19 3 20 4 5 8 7 6 9 8 11 3 9 14
3 4 5 6 7 8 9 5 13 -1 10 11 12 14 15 16 17 18 19 20 output 1 2 3 4 5 3 7 6 12 9
3 4 5 6 7 10 9 8 11 10 12 5 11 13 -1 14 15 16 17 18 19 20 output 1 2 18 19 3 20 4 5 6 7 8 9 6 7 3 14
3 4 5 6 7 8 9 5 11 14 9 5 11 13 -1 10 12 15 16 17 18 19 20 output 1 2 3 4 5 6 7 3 9 10 17 3 9 14
3 4 16 17 5 18 6 7 10 9 8 11 10 12 5 11 13 -1 14 15 19 20 output 1 2 3 4 5 6 7 8 11 10 9 12 9 14 5 12 17
3 4 5 6 7 8 9 5 11 14 12 5 13 -1 10 15 16 17 18 19 20 output 1 2 17 18 3 19 4 5 3 7 6 9 3 11 10 13
3 4 16 17 5 18 6 7 5 9 8 11 13 -1 10 12 14 15 19 20 output 1 2 3 4 5 6 7 8 11 10 5 12 13
3 4 5 6 7 5 9 8 11 5 14 12 13 -1 10 15 16 17 18 19 20 output 1 2 17 18 3 19 4 5 3 7 8 9 3 11 12 13
3 4 16 17 5 18 6 7 10 9 8 11 10 12 5 11 13 -1 14 15 19 20 output 1 2 5 7 8 9 10 11 12 9 10 5 12 17
3 4 5 6 7 5 9 8 11 5 14 12 13 -1 10 15 16 17 18 19 20 output 1 2 17 18 3 19 4 5 3 7 8 9 3 11 12 13
3 4 5 6 7 10 9 8 11 10 12 5 11 13 -1 14 15 16 17 18 19 20 output 1 2 18 19 3 20 4 5 6 7 8 9 6 11 3 9 14
3 4 5 6 7 10 9 8 11 10 12 5 11 13 -1 14 15 16 17 18 19 20 output 1 2 18 19 3 20 4 5 6 7 8 9 6 11 3 9 14
3 4 5 6 7 8 9 10 11 10 12 5 11 13 -1 14 15 16 17 18 19 20 output 1 2 3 4 5 8 7 6 9 8 11 3 9 14
3 4 5 6 7 10 9 8 11 10 12 5 11 10 14 15 13 -1 16 17 18 19 20 output 1 2 3 4 5 8 7 6 9 6 11 3 9 6 15 16 17
3 4 5 6 7 8 9 5 13 -1 10 11 12 14 15 16 17 18 19 20 output 1 2 3 4 5 3 7 6 12 9
3 4 16 17 5 18 6 7 10 9 8 11 10 12 5 11 13 -1 14 15 19 20 output 1 2 5 7 8 11 10 9 12 9 14 5 12 17
3 4 16 17 5 18 6 7 10 9 8 11 10 12 5 11 13 -1 14 15 19 20 output 1 2 3 4 5 6 7 8 11 10 9 12 9 14 5 12 17
3 4 5 6 7 8 9 10 11 10 12 5 11 13 -1 14 15 16 17 18 19 20 output 1 2 3 4 5 8 7 6 9 8 11 3 9 14
3 4 5 6 7 10 9 8 11 10 12 5 11 10 14 15 13 -1 16 17 18 19 20 output 1 2 3 4 5 6 7 8 9 3 11 6 9 3 15 16 17
3 4 5 6 7 10 9 8 11 10 12 5 11 10 14 15 13 -1 16 17 18 19 20 output 1 2 3 4 5 6 7 8 9 3 11 6 9 3 15 16 17
3 4 5 6 7 10 9 8 11 10 12 5 11 10 14 15 13 -1 16 17 18 19 20 output 1 2 3 4 5 6 7 8 9 3 11 6 9 3 15 16 17
3 4 5 6 7 8 9 5 13 -1 10 11 12 14 15 16 17 18 19 20 output 1 2 16 17 3 18 4 5 3 7 6 12 9
3 4 16 17 5 18 6 7 10 9 8 11 5 12 10 11 5 14 15 13 -1 19 20 output 1 2 5 7 8 9 10 11 12 9 14 5 12 9 18 19 20
3 4 16 17 5 18 6 7 10 9 8 11 5 12 10 11 5 14 15 13 -1 19 20 output 1 2 3 4 5 6 7 8 9 10 11 12 9 14 5 12 5 18 19 20
3 4 5 6 7 10 9 8 11 10 12 5 11 13 -1 14 15 16 17 18 19 20 output 1 2 3 4 5 6 7 8 9 3 11 6 9 14
3 4 5 6 7 8 9 5 13 -1 10 11 12 14 15 16 17 18 19 20 output 1 2 3 4 5 3 7 6 12 9
3 4 16 17 5 18 6 7 5 9 8 11 13 -1 10 12 14 15 19 20 output 1 2 3 4 5 6 7 8 11 10 5 12 13
3 4 5 6 7 10 9 8 11 10 12 5 11 10 14 15 13 -1 16 17 18 19 20 output 1 2 3 4 5 8 7 6 9 6 7 3 9 6 15 16 17
3 4 5 6 7 8 9 5 11 14 9 5 11 13 -1 10 12 15 16 17 18 19 20 output 1 2 3 4 5 6 7 3 9 10 17 3 14
3 4 5 6 7 8 9 10 11 10 12 5 11 13 -1 14 15 16 17 18 19 20 output 1 2 18 19 3 20 4 5 8 7 6 9 3 11 8 9 14
3 4 5 6 7 8 9 10 11 10 12 5 11 13 -1 14 15 16 17 18 19 20 output 1 2 18 19 3 20 4 5 8 7 6 9 8 7 3 14
3 4 5 6 7 10 9 8 11 5 12 10 11 5 14 15 13 -1 16 17 18 19 20 output 1 2 19 20 3 21 4 5 6 7 8 9 3 11 6 9 3 15 16 17
3 4 5 6 7 8 9 5 13 -1 10 11 12 14 15 16 17 18 19 20 output 1 2 3 4 5 3 7 6 9
3 4 16 17 5 18 6 7 5 9 8 11 13 -1 10 12 14 15 19 20 output 1 2 5 7 8 5 10 11 13
3 4 5 6 7 10 9 8 11 10 12 5 11 13 -1 14 15 16 17 18 19 20 output 1 2 18 19 3 20 4 5 6 7 8 9 6 7 3 14
3 4 5 6 7 10 9 8 11 10 12 5 11 10 14 15 13 -1 16 17 18 19 20 output 1 2 3 4 5 8 7 6 9 6 11 3 9 6 15 16 17
3 4 5 6 7 10 9 8 11 10 12 5 11 10 14 15 13 -1 16 17 18 19 20 output 1 2 19 20 3 21 4 5 6 7 8 9 6 11 3 9 3 15 16 17
3 4 5 6 7 10 9 8 11 10 12 5 11 10 14 15 13 -1 16 17 18 19 20 output 1 2 19 20 3 21 4 5 6 7 8 9 6 11 3 9 3 15 16 17
3 4 5 6 7 8 9 5 13 -1 10 11 12 14 15 16 17 18 19 20 output 1 2 3 4 5 3 7 6 9
3 4 5 6 7 8 9 5 11 14 9 5 11 13 -1 10 12 15 16 17 18 19 20 output 1 2 3 4 5 3 7 6 9 3 7 10 9 14
3 4 5 6 7 8 9 5 11 14 12 5 13 -1 10 15 16 17 18 19 20 output 1 2 3 4 5 3 7 6 9 3 11 10 9 13
3 4 5 6 7 10 9 8 11 10 12 5 11 10 14 15 13 -1 16 17 18 19 20 output 1 2 3 4 5 8 7 6 9 6 11 3 9 6 15 16 17
3 4 16 17 5 18 6 7 10 9 8 11 10 12 5 11 13 -1 14 15 19 20 output 1 2 3 4 5 6 7 8 11 10 9 12 9 14 5 12 17
3 4 5 6 7 10 9 8 11 10 12 5 11 10 14 15 13 -1 16 17 18 19 20 output 1 2 19 20 3 21 4 5 6 7 8 9 6 11 3 9 3 15 16 17
3 4 5 6 7 8 9 5 13 -1 10 11 12 14 15 16 17 18 19 20 output 1 2 3 4 5 3 7 6 9
3 4 5 6 7 8 9 5 11 14 9 5 11 13 -1 10 12 15 16 17 18 19 20 output 1 2 3 4 5 6 7 3 9 10 17 3 14
3 4 5 6 7 5 9 8 11 5 14 12 13 -1 10 15 16 17 18 19 20 output 1 2 17 18 3 19 4 5 3 7 8 9 3 11 12 13
3 4 5 6 7 8 9 10 11 10 12 5 11 13 -1 14 15 16 17 18 19 20 output 1 2 3 4 5 8 7 6 9 8 11 3 9 14
3 4 5 6 7 10 9 8 11 10 12 5 11 13 -1 14 15 16 17 18 19 20 output 1 2 18 19 3 20 4 5 6 7 8 9 6 7 3 14
3 4 5 6 7 8 9 10 11 10 12 5 11 13 -1 14 15 16 17 18 19 20 output 1 2 3 4 5 8 7 6 9 3 11 8 9 14
3 4 5 6 7 8 9 10 11 10 12 5 11 13 -1 14 15 16 17 18 19 20 output 1 2 18 19 3 20 4 5 8 7 6 9 8 11 3 9 14
3 4 5 6 7 10 9 8 11 10 12 5 11 10 14 15 13 -1 16 17 18 19 20 output 1 2 3 4 5 6 7 8 9 3 11 6 9 3 15 16 17
3 4 5 6 7 10 9 8 11 10 12 5 11 10 14 15 13 -1 16 17 18 19 20 output 1 2 19 20 3 21 4 5 6 7 8 9 3 11 6 9 3 15 16 17
3 4 16 17 5 18 6 7 5 9 8 11 5 14 12 13 -1 10 15 19 20 output 1 2 5 7 8 5 10 11 12 5 14 15 16
3 4 5 6 7 5 9 8 11 5 14 12 13 -1 10 15 16 17 18 19 20 output 1 2 17 18 3 19 4 5 3 7 8 9 3 11 12 13
3 4 5 6 7 10 9 8 11 10 12 5 11 10 14 15 13 -1 16 17 18 19 20 output 1 2 19 20 3 21 4 5 6 7 8 9 6 11 3 9 3 15 16 17
3 4 5 6 7 10 9 8 11 10 12 5 11 10 14 15 13 -1 16 17 18 19 20 output 1 2 19 20 3 21 4 5 6 7 8 9 6 11 3 9 3 15 16 17
3 4 5 6 7 8 9 5 11 14 9 5 11 13 -1 10 12 15 16 17 18 19 20 output 1 2 3 4 5 6 7 3 9 10 17 3 14
3 4 5 6 7 10 9 8 11 10 12 5 11 10 14 15 13 -1 16 17 18 19 20 output 1 2 19 20 3 21 4 5 6 7 8 9 3 11 6 9 3 15 16 17
3 4 5 6 7 10 9 8 11 10 12 5 11 10 14 15 13 -1 16 17 18 19 20 output 1 2 19 20 3 21 4 5 6 7 8 9 6 11 3 9 3 15 16 17
3 4 5 6 7 10 9 8 11 5 12 10 11 5 14 15 13 -1 16 17 18 19 20 output 1 2 3 4 5 6 7 8 9 6 11 3 9 6 15 16 17
3 4 5 6 7 8 9 5 13 -1 10 11 12 14 15 16 17 18 19 20 output 1 2 16 17 3 18 4 5 3 7 6 12 9
19 6 7 8 9 14 13 -1 3 4 5 10 11 12 15 16 17 18 20 output 9 10 16 17 11 18 2 3 11 5 4 13 7
3 4 5 6 7 10 9 8 11 10 12 5 11 10 14 15 13 -1 16 17 18 19 20 output 1 2 3 4 5 8 7 6 9 6 11 3 9 6 15 16 17
3 4 5 6 7 8 9 10 11 10 12 5 11 13 -1 14 15 16 17 18 19 20 output 1 2 3 4 5 8 7 6 9 8 11 3 9 14
3 4 5 6 7 8 9 10 11 10 12 5 11 13 -1 14 15 16 17 18 19 20 output 1 2 3 4 5 8 7 6 9 8 11 3 9 14
3 4 5 6 7 10 9 8 11 10 12 5 11 10 14 15 13 -1 16 17 18 19 20 output 1 2 3 4 5 6 7 8 9 3 11 6 9 3 15 16 17
3 4 5 6 7 8 9 5 13 -1 10 11 12 14 15 16 17 18 19 20 output 1 2 16 17 3 18 4 5 3 7 6 12 9
3 4 5 6 7 8 9 5 11 14 12 5 13 -1 10 15 16 17 18 19 20 output 1 2 3 4 5 3 7 6 9 3 7 10 9 13
3 4 16 17 5 18 6 7 5 9 8 11 5 14 12 13 -1 10 15 19 20 output 1 2 5 7 8 5 10 11 12 5 14 15 16
3 4 5 6 7 5 9 8 11 5 14 12 13 -1 10 15 16 17 18 19 20 output 1 2 17 18 3 19 4 5 3 7 8 9 3 11 12 13
3 4 5 6 7 10 9 8 11 10 12 5 11 10 14 15 13 -1 16 17 18 19 20 output 1 2 3 4 5 8 7 6 9 6 11 3 9 6 15 16 17
3 4 5 6 7 8 9 10 11 10 12 5 11 13 -1 14 15 16 17 18 19 20 output 1 2 18 19 3 20 4 5 8 7 6 9 8 7 3 14
3 4 5 6 7 10 9 8 11 10 12 5 11 10 14 15 13 -1 16 17 18 19 20 output 1 2 3 4 5 6 7 8 9 3 11 6 9 3 15 16 17
3 4 5 6 7 8 9 5 13 -1 10 11 12 14 15 16 17 18 19 20 output 1 2 3 4 5 3 7 6 9
3 4 5 6 7 8 9 5 11 14 9 5 11 13 -1 10 12 15 16 17 18 19 20 output 1 2 19 20 3 21 4 5 3 7 6 9 3 17 10 14
3 4 16 17 5 18 6 7 5 9 8 11 5 14 12 13 -1 10 15 19 20 output 1 2 3 4 5 6 7 8 11 10 5 12 5 14 15 16
3 4 5 6 7 10 9 8 11 10 12 5 11 13 -1 14 15 16 17 18 19 20 output 1 2 18 19 3 20 4 5 6 7 8 9 6 11 3 9 14
3 4 5 6 7 8 9 10 11 10 12 5 11 13 -1 14 15 16 17 18 19 20 output 1 2 3 4 5 8 7 6 9 8 11 3 9 14
3 4 5 6 7 10 9 8 11 10 12 5 11 10 14 15 13 -1 16 17 18 19 20 output 1 2 3 4 5 8 7 6 9 6 11 3 9 6 15 16 17
3 4 5 6 7 10 9 8 11 10 12 5 11 10 14 15 13 -1 16 17 18 19 20 output 1 2 19 20 3 21 4 5 8 7 6 9 6 11 3 9 6 15 16 17
3 4 5 6 7 8 9 5 13 -1 10 11 12 14 15 16 17 18 19 20 output 1 2 3 4 5 3 7 6 9
3 4 16 17 5 18 6 7 10 9 8 11 10 9 5 13 -1 12 14 15 19 20 output 1 2 3 4 5 6 7 8 9 10 11 12 9 18 5 12 16
3 4 5 6 7 10 9 8 11 10 12 5 11 10 14 15 13 -1 16 17 18 19 20 output 1 2 19 20 3 21 4 5 6 7 8 9 6 11 3 9 3 15 16 17
3 4 5 6 7 10 9 8 11 10 12 5 11 10 14 15 13 -1 16 17 18 19 20 output 1 2 3 4 5 8 7 6 9 6 11 3 9 6 15 16 17
3 4 16 17 5 18 6 7 10 9 8 11 10 12 5 11 13 -1 14 15 19 20 output 1 2 5 7 8 9 10 11 12 5 14 9 12 17
3 4 5 6 7 8 9 5 13 -1 10 11 12 14 15 16 17 18 19 20 output 1 2 3 4 5 3 7 6 9
3 4 16 17 5 18 6 7 10 9 8 11 10 12 5 11 13 -1 14 15 19 20 output 1 2 5 7 8 9 10 11 12 9 14 5 12 17
3 4 5 6 7 8 9 10 11 10 12 5 11 13 -1 14 15 16 17 18 19 20 output 1 2 3 4 5 8 7 6 9 8 11 3 9 14
3 4 5 6 7 10 9 8 11 10 12 5 11 10 14 15 13 -1 16 17 18 19 20 output 1 2 3 4 5 8 7 6 9 6 11 3 9 6 15 16 17
3 4 16 17 5 18 6 7 10 9 8 11 10 12 5 11 13 -1 14 15 19 20 output 1 2 5 7 8 9 10 11 12 9 14 5 12 17
3 4 5 6 7 10 9 8 11 10 12 5 11 10 14 15 13 -1 16 17 18 19 20 output 1 2 3 4 5 6 7 8 9 3 11 6 9 3 15 16 17
3 4 16 17 5 18 6 7 5 9 8 11 13 -1 10 12 14 15 19 20 output 1 2 5 7 8 11 10 5 13
3 4 16 17 5 18 6 7 5 9 8 11 5 14 12 13 -1 10 15 19 20 output 1 2 5 7 8 5 10 11 12 5 14 15 16
3 4 16 17 5 18 6 7 10 9 8 11 10 12 5 11 13 -1 14 15 19 20 output 1 2 5 7 8 9 10 11 12 5 14 9 12 17
3 4 5 6 7 10 9 8 11 10 12 5 11 10 14 15 13 -1 16 17 18 19 20 output 1 2 19 20 3 21 4 5 6 7 8 9 3 11 6 9 3 15 16 17
3 4 5 6 7 8 9 10 11 10 12 5 11 13 -1 14 15 16 17 18 19 20 output 1 2 3 4 5 8 7 6 9 3 11 8 9 14
3 4 5 6 7 5 9 8 11 5 9 14 11 13 -1 10 12 15 16 17 18 19 20 output 1 2 3 4 5 8 7 3 9 12 17 3 9 14
3 4 5 6 7 10 9 8 11 10 12 5 11 10 14 15 13 -1 16 17 18 19 20 output 1 2 3 4 5 8 7 6 9 6 11 3 9 6 15 16 17
3 4 5 6 7 10 9 8 11 5 12 10 11 5 14 15 13 -1 16 17 18 19 20 output 1 2 19 20 3 21 4 5 6 7 8 9 3 11 6 9 3 15 16 17
3 4 5 6 7 8 9 5 11 14 9 5 11 13 -1 10 12 15 16 17 18 19 20 output 1 2 3 4 5 16 7 6 9 3 17 16 9 14
3 4 5 6 7 10 9 8 11 10 12 5 11 10 14 15 13 -1 16 17 18 19 20 output 1 2 19 20 3 21 4 5 6 7 8 9 6 11 3 9 3 15 16 17
3 4 5 6 7 10 9 8 11 10 12 5 11 13 -1 14 15 16 17 18 19 20 output 1 2 18 19 3 20 4 5 6 7 8 9 6 11 3 9 14
3 4 5 6 7 10 9 8 11 10 12 5 11 10 14 15 13 -1 16 17 18 19 20 output 1 2 19 20 3 21 4 5 8 7 6 9 6 11 3 9 6 15 16 17
3 4 5 6 7 10 9 8 11 10 12 5 11 10 14 15 13 -1 16 17 18 19 20 output 1 2 19 20 3 21 4 5 6 7 8 9 6 11 3 9 3 15 16 17
3 4 5 6 7 8 9 10 11 10 12 5 11 13 -1 14 15 16 17 18 19 20 output 1 2 3 4 5 8 7 6 9 8 7 3 9 14
3 4 5 6 7 8 9 5 13 -1 10 11 12 14 15 16 17 18 19 20 output 1 2 16 17 3 18 4 5 3 7 6 12 9
3 4 5 6 7 8 9 5 13 -1 10 11 12 14 15 16 17 18 19 20 output 1 2 3 4 5 3 7 6 9
3 4 5 6 7 5 9 8 11 5 14 12 13 -1 10 15 16 17 18 19 20 output 1 2 17 18 3 19 4 5 3 7 8 9 3 11 12 13
3 4 5 6 7 8 9 5 13 -1 10 11 12 14 15 16 17 18 19 20 output 1 2 3 4 5 3 7 6 9
3 4 5 6 7 10 9 8 11 10 12 5 11 10 14 15 13 -1 16 17 18 19 20 output 1 2 19 20 3 21 4 5 6 7 8 9 6 11 3 9 3 15 16 17
3 4 5 6 7 8 9 5 13 -1 10 11 12 14 15 16 17 18 19 20 output 1 2 3 4 5 3 7 6 9
3 4 5 6 7 5 9 8 11 5 12 14 11 5 20 15 13 -1 10 16 17 18 19 output 1 2 3 4 5 8 7 3 9 12 7 3 9 3 15 16 17
3 4 5 6 7 10 9 8 11 10 12 5 11 10 14 15 13 -1 16 17 18 19 20 output 1 2 3 4 5 8 7 6 9 6 11 3 9 6 15 16 17
3 4 5 6 7 10 9 8 11 10 12 5 11 10 14 15 13 -1 16 17 18 19 20 output 1 2 19 20 3 21 4 5 6 7 8 9 6 11 3 9 3 15 16 17
3 4 16 17 5 18 6 7 10 9 8 11 10 12 5 11 13 -1 14 15 19 20 output 1 2 5 7 8 11 10 9 12 9 14 5 12 17
3 4 16 17 5 18 6 7 8 9 5 11 13 -1 10 12 14 15 19 20 output 1 2 5 7 8 5 10 9 12 13
3 4 5 6 7 8 9 5 11 14 12 5 13 -1 10 15 16 17 18 19 20 output 1 2 17 18 3 19 4 5 3 7 6 9 3 11 10 13
3 4 5 6 7 10 9 8 11 10 12 5 11 10 14 15 13 -1 16 17 18 19 20 output 1 2 19 20 3 21 4 5 6 7 8 9 3 11 6 9 3 15 16 17
3 4 5 6 7 8 9 10 11 10 12 5 11 13 -1 14 15 16 17 18 19 20 output 1 2 18 19 3 20 4 5 8 7 6 9 8 7 3 14
3 4 5 6 7 8 9 10 11 10 12 5 11 13 -1 14 15 16 17 18 19 20 output 1 2 3 4 5 8 7 6 9 8 11 3 9 14
3 4 5 6 7 8 9 5 11 14 9 5 11 13 -1 10 12 15 16 17 18 19 20 output 1 2 3 4 5 6 7 3 9 10 17 3 14
3 4 5 6 7 10 9 8 11 10 12 5 11 10 14 15 13 -1 16 17 18 19 20 output 1 2 3 4 5 6 7 8 9 3 11 6 9 3 15 16 17
3 4 5 6 7 10 9 8 11 10 12 5 11 10 14 15 13 -1 16 17 18 19 20 output 1 2 19 20 3 21 4 5 8 7 6 9 6 11 3 9 6 15 16 17
3 4 16 17 5 18 6 7 5 9 8 11 13 -1 10 12 14 15 19 20 output 1 2 3 4 5 6 7 8 11 10 5 12 13
3 4 16 17 5 18 6 7 10 9 8 11 10 12 5 11 13 -1 14 15 19 20 output 1 2 3 4 5 6 7 8 9 10 11 12 5 14 9 12 17
3 4 5 6 7 10 9 8 11 10 12 5 11 13 -1 14 15 16 17 18 19 20 output 1 2 18 19 3 20 4 5 6 7 8 9 6 11 3 9 14
3 4 16 17 5 18 6 7 10 9 8 11 10 12 5 11 13 -1 14 15 19 20 output 1 2 3 4 5 6 7 8 9 10 11 12 5 14 9 12 17
19 6 7 8 9 14 13 -1 3 4 5 10 11 12 15 16 17 18 20 output 9 10 11 2 3 11 5 4 7
3 4 16 17 5 18 6 7 10 9 8 11 5 12 10 11 5 14 15 13 -1 19 20 output 1 2 3 4 5 6 7 8 11 10 9 12 9 14 5 12 9 18 19 20
3 4 5 6 7 8 9 10 11 10 12 5 11 13 -1 14 15 16 17 18 19 20 output 1 2 3 4 5 8 7 6 9 3 11 8 9 14
3 4 5 6 7 8 9 5 13 -1 10 11 12 14 15 16 17 18 19 20 output 1 2 3 4 5 3 7 6 9
3 4 5 6 7 8 9 10 11 10 12 5 11 13 -1 14 15 16 17 18 19 20 output 1 2 3 4 5 8 7 6 9 3 11 8 9 14
3 4 5 6 7 8 9 5 13 -1 10 11 12 14 15 16 17 18 19 20 output 1 2 3 4 5 3 7 6 9
3 4 5 6 7 8 9 10 11 10 12 5 11 13 -1 14 15 16 17 18 19 20 output 1 2 18 19 3 20 4 5 6 7 8 9 8 11 3 9 14
3 4 16 17 5 18 6 7 10 9 8 11 5 12 10 11 5 14 15 13 -1 19 20 output 1 2 5 7 8 9 10 11 12 9 14 5 12 9 18 19 20
3 4 5 6 7 8 9 5 13 -1 10 11 12 14 15 16 17 18 19 20 output 1 2 3 4 5 3 7 6 9
3 4 5 6 7 10 9 8 11 10 12 5 11 10 14 15 13 -1 16 17 18 19 20 output 1 2 19 20 3 21 4 5 6 7 8 9 6 11 3 9 3 15 16 17
3 4 5 6 7 10 9 8 11 10 12 5 11 13 -1 14 15 16 17 18 19 20 output 1 2 18 19 3 20 4 5 6 7 8 9 6 7 3 14
3 4 5 6 7 5 9 8 11 5 14 12 13 -1 10 15 16 17 18 19 20 output 1 2 17 18 3 19 4 5 3 7 8 9 3 11 12 13
3 4 5 6 7 10 9 8 11 10 12 5 11 10 14 15 13 -1 16 17 18 19 20 output 1 2 19 20 3 21 4 5 6 7 8 9 6 11 3 9 3 15 16 17
3 4 5 6 7 8 9 5 13 -1 10 11 12 14 15 16 17 18 19 20 output 1 2 3 4 5 3 7 6 9
3 4 5 6 7 10 9 8 11 10 12 5 11 13 -1 14 15 16 17 18 19 20 output 1 2 3 4 5 6 7 8 9 3 11 6 9 14
3 4 5 6 7 5 9 8 11 5 14 12 13 -1 10 15 16 17 18 19 20 output 1 2 17 18 3 19 4 5 3 7 8 9 3 11 12 13
3 4 16 17 5 18 6 7 10 9 8 11 10 12 5 11 13 -1 14 15 19 20 output 1 2 5 7 8 9 10 11 12 9 14 5 12 17
3 4 16 17 5 18 6 7 10 9 8 11 5 12 10 11 5 14 15 13 -1 19 20 output 1 2 3 4 5 6 7 8 9 10 11 12 9 14 5 12 5 18 19 20
3 4 16 17 5 18 6 7 5 9 8 11 5 14 12 13 -1 10 15 19 20 output 1 2 5 7 8 5 10 11 12 5 14 15 16
3 4 5 6 7 10 9 8 11 5 12 10 11 5 14 15 13 -1 16 17 18 19 20 output 1 2 19 20 3 21 4 5 6 7 8 9 3 11 6 9 3 15 16 17
3 4 5 6 7 10 9 8 11 5 12 10 11 5 14 15 13 -1 16 17 18 19 20 output 1 2 3 4 5 6 7 8 9 6 11 3 9 6 15 16 17
3 4 5 6 7 10 9 8 11 10 12 5 11 10 14 15 13 -1 16 17 18 19 20 output 1 2 3 4 5 6 7 8 9 3 11 6 9 3 15 16 17
3 4 5 6 7 10 9 8 11 10 12 5 11 10 14 15 13 -1 16 17 18 19 20 output 1 2 19 20 3 21 4 5 8 7 6 9 6 11 3 9 6 15 16 17
3 4 5 6 7 8 9 10 11 10 12 5 11 13 -1 14 15 16 17 18 19 20 output 1 2 3 4 5 8 7 6 9 8 11 3 9 14
3 4 5 6 7 5 9 8 11 5 9 14 11 13 -1 10 12 15 16 17 18 19 20 output 1 2 19 20 3 21 4 5 3 7 8 9 3 17 12 14
3 4 5 6 7 8 9 10 11 10 12 5 11 13 -1 14 15 16 17 18 19 20 output 1 2 3 4 5 8 7 6 9 8 7 3 9 14
3 4 5 6 7 8 9 5 13 -1 10 11 12 14 15 16 17 18 19 20 output 1 2 3 4 5 3 7 6 9
3 4 5 6 7 5 9 8 11 5 14 12 13 -1 10 15 16 17 18 19 20 output 1 2 17 18 3 19 4 5 3 7 8 9 3 12 11 13
3 4 5 6 7 8 9 5 13 -1 10 11 12 14 15 16 17 18 19 20 output 1 2 16 17 3 18 4 5 3 7 6 12 9
3 4 5 6 7 8 9 10 11 10 12 5 11 13 -1 14 15 16 17 18 19 20 output 1 2 18 19 3 20 4 5 8 7 6 9 8 11 3 9 14
3 4 16 17 5 18 6 7 10 9 8 11 5 12 10 11 5 14 15 13 -1 19 20 output 1 2 5 7 8 9 10 11 12 5 14 9 12 5 18 19 20
3 4 5 6 7 10 9 8 11 10 12 5 11 10 14 15 13 -1 16 17 18 19 20 output 1 2 19 20 3 21 4 5 8 7 6 9 6 11 3 9 6 15 16 17
3 4 16 17 5 18 6 7 10 9 8 11 5 12 10 11 5 14 15 13 -1 19 20 output 1 2 3 4 5 6 7 8 9 10 11 12 9 14 5 12 5 18 19 20
3 4 5 6 7 10 9 8 11 10 12 5 11 10 14 15 13 -1 16 17 18 19 20 output 1 2 3 4 5 6 7 8 9 3 11 6 9 3 15 16 17
3 4 5 6 7 10 9 8 11 10 12 5 11 10 14 15 13 -1 16 17 18 19 20 output 1 2 19 20 3 21 4 5 8 7 6 9 6 11 3 9 6 15 16 17
3 4 5 6 7 10 9 8 11 10 12 5 11 10 14 15 13 -1 16 17 18 19 20 output 1 2 3 4 5 8 7 6 9 6 11 3 9 6 15 16 17
3 4 16 17 5 18 6 7 5 9 8 11 13 -1 10 12 14 15 19 20 output 1 2 5 7 8 5 10 11 13
3 4 5 6 7 10 9 8 11 10 12 5 11 10 14 15 13 -1 16 17 18 19 20 output 1 2 3 4 5 6 7 8 9 3 11 6 9 3 15 16 17
3 4 5 6 7 8 9 5 13 -1 10 11 12 14 15 16 17 18 19 20 output 1 2 3 4 5 3 7 6 9
3 4 5 6 7 8 9 5 13 -1 10 11 12 14 15 16 17 18 19 20 output 1 2 3 4 5 3 7 6 9
3 4 5 6 7 8 9 5 13 -1 10 11 12 14 15 16 17 18 19 20 output 1 2 3 4 5 3 7 6 12 9
3 4 5 6 7 10 9 8 11 10 12 5 11 10 14 15 13 -1 16 17 18 19 20 output 1 2 19 20 3 21 4 5 6 7 8 9 3 11 6 9 3 15 16 17
3 4 5 6 7 5 9 8 11 5 14 12 13 -1 10 15 16 17 18 19 20 output 1 2 17 18 3 19 4 5 3 7 8 9 3 11 12 13
3 4 5 6 7 8 9 5 11 14 9 5 11 13 -1 10 12 15 16 17 18 19 20 output 1 2 3 4 5 6 7 3 9 10 17 3 14
3 4 5 6 7 10 9 8 11 10 12 5 11 13 -1 14 15 16 17 18 19 20 output 1 2 18 19 3 20 4 5 6 7 8 9 6 11 3 9 14
3 4 5 6 7 8 9 5 11 14 9 5 11 13 -1 10 12 15 16 17 18 19 20 output 1 2 3 4 5 3 7 6 9 3 7 10 9 14
19 6 7 8 9 14 13 -1 3 4 5 10 11 12 15 16 17 18 20 output 9 10 16 17 11 18 2 3 11 5 4 13 7
3 4 16 17 5 18 6 7 5 9 8 11 13 -1 10 12 14 15 19 20 output 1 2 5 7 8 5 10 11 12 13
3 4 16 17 5 18 6 7 10 9 8 11 10 12 5 11 13 -1 14 15 19 20 output 1 2 5 7 8 9 10 11 12 9 14 5 12 17
19 6 7 8 9 14 13 -1 3 4 5 10 11 12 15 16 17 18 20 output 9 10 16 17 11 18 2 3 11 5 4 13 7
3 4 5 6 7 10 9 8 11 10 12 5 11 10 14 15 13 -1 16 17 18 19 20 output 1 2 19 20 3 21 4 5 6 7 8 9 6 11 3 9 3 15 16 17
3 4 5 6 7 5 9 8 11 5 14 12 13 -1 10 15 16 17 18 19 20 output 1 2 17 18 3 19 4 5 8 7 3 9 3 11 12 13
3 4 5 6 7 5 9 8 11 5 12 14 11 5 20 15 13 -1 10 16 17 18 19 output 1 2 3 4 5 19 7 8 9 19 7 3 9 19 12 16 17
