14 3 4 5 6 7 8 9 10 11 8 12 5 11 13 -1 15 16 17 18 19 20 21 22 23 24 25 26 27 28 29 30 31 32 33 34 35 36 37 38 39 40 41 42 43 44 45 46 47 48 49 50 51 52 53 54 55 56 57 58 59 60 61 output 2 3 4 5 6 9 8 7 10 7 12 4 10 15
15 3 4 5 6 7 10 9 5 13 -1 8 11 12 14 16 17 18 19 20 21 22 23 24 25 26 27 28 29 30 31 32 33 34 35 36 37 38 39 40 41 42 43 44 45 46 47 48 49 50 51 52 53 54 55 56 57 58 59 60 61 output 2 3 4 5 6 4 8 7 13 10
19 3 4 16 17 5 18 6 7 8 9 10 11 8 12 5 11 13 -1 14 15 20 21 22 23 24 25 26 27 28 29 30 31 32 33 34 35 36 37 38 39 40 41 42 43 44 45 46 47 48 49 50 51 52 53 54 55 56 57 58 59 60 61 output 2 3 6 8 9 10 11 12 13 10 15 6 13 18
20 3 4 5 6 7 5 9 10 13 -1 8 11 12 14 15 16 17 18 19 21 22 23 24 25 26 27 28 29 30 31 32 33 34 35 36 37 38 39 40 41 42 43 44 45 46 47 48 49 50 51 52 53 54 55 56 57 58 59 60 61 output 2 3 17 18 4 19 5 6 4 8 9 13 10
22 3 4 5 6 7 10 9 5 11 21 9 5 11 13 -1 8 12 14 15 16 17 18 19 20 23 24 25 26 27 28 29 30 31 32 33 34 35 36 37 38 39 40 41 42 43 44 45 46 47 48 49 50 51 52 53 54 55 56 57 58 59 60 61 output 2 3 4 5 6 7 8 4 10 11 18 4 15
23 3 4 5 6 7 10 9 8 11 8 12 5 11 13 -1 14 15 16 17 18 19 20 21 22 24 25 26 27 28 29 30 31 32 33 34 35 36 37 38 39 40 41 42 43 44 45 46 47 48 49 50 51 52 53 54 55 56 57 58 59 60 61 output 2 3 4 5 6 9 8 7 10 9 12 4 10 15
15 3 4 16 17 5 18 6 7 8 9 10 11 8 12 5 11 13 -1 14 19 20 21 22 23 24 25 26 27 28 29 30 31 32 33 34 35 36 37 38 39 40 41 42 43 44 45 46 47 48 49 50 51 52 53 54 55 56 57 58 59 60 61 output 2 3 6 8 9 10 11 12 13 10 15 6 13 18
24 3 4 5 6 7 8 9 10 11 8 12 5 11 13 -1 14 15 16 17 18 19 20 21 22 23 25 26 27 28 29 30 31 32 33 34 35 36 37 38 39 40 41 42 43 44 45 46 47 48 49 50 51 52 53 54 55 56 57 58 59 60 61 output 2 3 19 20 4 21 5 6 7 8 9 10 7 12 4 10 15
14 3 4 16 17 5 18 6 7 8 9 10 11 5 12 8 11 5 21 25 13 -1 15 19 20 22 23 24 26 27 28 29 30 31 32 33 34 35 36 37 38 39 40 41 42 43 44 45 46 47 48 49 50 51 52 53 54 55 56 57 58 59 60 61 output 2 3 6 8 9 10 11 12 13 6 15 10 13 6 19 20 21
20 3 4 5 6 7 8 9 10 11 8 12 5 11 13 -1 14 15 16 17 18 19 21 22 23 24 25 26 27 28 29 30 31 32 33 34 35 36 37 38 39 40 41 42 43 44 45 46 47 48 49 50 51 52 53 54 55 56 57 58 59 60 61 output 2 3 19 20 4 21 5 6 7 8 9 10 7 12 4 10 15
26 3 4 16 17 5 18 6 7 5 9 10 11 13 -1 8 12 14 15 19 20 21 22 23 24 25 27 28 29 30 31 32 33 34 35 36 37 38 39 40 41 42 43 44 45 46 47 48 49 50 51 52 53 54 55 56 57 58 59 60 61 output 2 3 6 8 9 6 11 12 13 14
14 3 4 5 6 7 10 9 5 11 21 9 5 11 13 -1 8 12 15 16 17 18 19 20 22 23 24 25 26 27 28 29 30 31 32 33 34 35 36 37 38 39 40 41 42 43 44 45 46 47 48 49 50 51 52 53 54 55 56 57 58 59 60 61 output 2 3 4 5 6 7 8 4 10 11 18 4 15
14 3 4 16 17 5 18 6 7 5 9 10 11 5 21 12 13 -1 8 15 19 20 22 23 24 25 26 27 28 29 30 31 32 33 34 35 36 37 38 39 40 41 42 43 44 45 46 47 48 49 50 51 52 53 54 55 56 57 58 59 60 61 output 2 3 6 8 9 6 11 12 13 6 15 16 17
15 3 4 5 6 7 10 9 5 11 21 9 5 11 13 -1 8 12 14 16 17 18 19 20 22 23 24 25 26 27 28 29 30 31 32 33 34 35 36 37 38 39 40 41 42 43 44 45 46 47 48 49 50 51 52 53 54 55 56 57 58 59 60 61 output 2 3 4 5 6 7 8 4 10 11 18 4 15
27 3 4 5 6 7 8 9 10 11 8 12 5 11 13 -1 14 15 16 17 18 19 20 21 22 23 24 25 26 28 29 30 31 32 33 34 35 36 37 38 39 40 41 42 43 44 45 46 47 48 49 50 51 52 53 54 55 56 57 58 59 60 61 output 2 3 19 20 4 21 5 6 7 8 9 10 7 12 4 10 15
14 3 4 5 6 7 10 9 5 11 21 9 5 11 13 -1 8 12 15 16 17 18 19 20 22 23 24 25 26 27 28 29 30 31 32 33 34 35 36 37 38 39 40 41 42 43 44 45 46 47 48 49 50 51 52 53 54 55 56 57 58 59 60 61 output 2 3 4 5 6 7 8 4 10 11 18 4 15
20 3 4 5 6 7 5 9 10 11 5 21 12 13 -1 8 14 15 16 17 18 19 22 23 24 25 26 27 28 29 30 31 32 33 34 35 36 37 38 39 40 41 42 43 44 45 46 47 48 49 50 51 52 53 54 55 56 57 58 59 60 61 output 2 3 19 20 4 21 5 6 4 8 9 10 4 12 13 14
14 3 4 5 6 7 8 9 10 11 8 12 5 11 8 21 25 13 -1 15 16 17 18 19 20 22 23 24 26 27 28 29 30 31 32 33 34 35 36 37 38 39 40 41 42 43 44 45 46 47 48 49 50 51 52 53 54 55 56 57 58 59 60 61 output 2 3 4 5 6 9 8 7 10 7 12 4 10 7 16 17 18
28 3 4 16 17 5 18 6 7 5 9 10 11 5 21 12 13 -1 8 14 15 19 20 22 23 24 25 26 27 29 30 31 32 33 34 35 36 37 38 39 40 41 42 43 44 45 46 47 48 49 50 51 52 53 54 55 56 57 58 59 60 61 output 2 3 4 5 6 7 8 9 12 11 6 13 6 15 16 17
20 3 4 5 6 7 8 9 10 11 5 12 8 11 13 -1 14 15 16 17 18 19 21 22 23 24 25 26 27 28 29 30 31 32 33 34 35 36 37 38 39 40 41 42 43 44 45 46 47 48 49 50 51 52 53 54 55 56 57 58 59 60 61 output 2 3 19 20 4 21 5 6 7 8 9 10 4 12 7 10 15
15 3 4 5 6 7 8 9 10 11 8 12 5 11 8 21 25 13 -1 14 16 17 18 19 20 22 23 24 26 27 28 29 30 31 32 33 34 35 36 37 38 39 40 41 42 43 44 45 46 47 48 49 50 51 52 53 54 55 56 57 58 59 60 61 output 2 3 4 5 6 9 8 7 10 7 12 4 10 7 16 17 18
20 3 4 5 6 7 8 9 10 11 8 12 5 11 13 -1 14 15 16 17 18 19 21 22 23 24 25 26 27 28 29 30 31 32 33 34 35 36 37 38 39 40 41 42 43 44 45 46 47 48 49 50 51 52 53 54 55 56 57 58 59 60 61 output 2 3 19 20 4 21 5 6 7 8 9 10 7 12 4 10 15
29 3 4 16 17 5 18 6 7 8 9 10 11 8 12 5 11 13 -1 14 15 19 20 21 22 23 24 25 26 27 28 30 31 32 33 34 35 36 37 38 39 40 41 42 43 44 45 46 47 48 49 50 51 52 53 54 55 56 57 58 59 60 61 output 2 3 4 5 6 7 8 9 10 11 12 13 6 15 10 13 18
20 3 4 5 6 7 8 9 10 11 8 12 5 11 8 21 25 13 -1 14 15 16 17 18 19 22 23 24 26 27 28 29 30 31 32 33 34 35 36 37 38 39 40 41 42 43 44 45 46 47 48 49 50 51 52 53 54 55 56 57 58 59 60 61 output 2 3 22 23 4 24 5 6 9 8 7 10 7 12 4 10 7 16 17 18
19 3 4 5 6 7 8 9 10 11 8 12 5 11 8 21 25 13 -1 14 15 16 17 18 20 22 23 24 26 27 28 29 30 31 32 33 34 35 36 37 38 39 40 41 42 43 44 45 46 47 48 49 50 51 52 53 54 55 56 57 58 59 60 61 output 2 3 4 5 6 9 8 7 10 7 12 4 10 7 16 17 18
29 3 4 5 6 7 8 9 10 11 5 12 8 11 13 -1 14 15 16 17 18 19 20 21 22 23 24 25 26 27 28 30 31 32 33 34 35 36 37 38 39 40 41 42 43 44 45 46 47 48 49 50 51 52 53 54 55 56 57 58 59 60 61 output 2 3 19 20 4 21 5 6 7 8 9 10 4 12 7 10 15
14 3 4 16 17 5 18 6 7 8 9 10 11 8 12 5 11 13 -1 15 19 20 21 22 23 24 25 26 27 28 29 30 31 32 33 34 35 36 37 38 39 40 41 42 43 44 45 46 47 48 49 50 51 52 53 54 55 56 57 58 59 60 61 output 2 3 6 8 9 10 11 12 13 10 15 6 13 18
14 3 4 5 6 7 8 9 10 11 8 12 5 11 13 -1 15 16 17 18 19 20 21 22 23 24 25 26 27 28 29 30 31 32 33 34 35 36 37 38 39 40 41 42 43 44 45 46 47 48 49 50 51 52 53 54 55 56 57 58 59 60 61 output 2 3 18 19 4 20 5 6 7 8 9 10 7 12 4 10 15
22 3 4 5 6 7 10 9 5 11 21 9 5 11 13 -1 8 12 14 15 16 17 18 19 20 23 24 25 26 27 28 29 30 31 32 33 34 35 36 37 38 39 40 41 42 43 44 45 46 47 48 49 50 51 52 53 54 55 56 57 58 59 60 61 output 2 3 4 5 6 7 8 4 10 11 18 4 15
14 3 4 16 17 5 18 6 7 8 9 10 11 5 12 8 11 13 -1 15 19 20 21 22 23 24 25 26 27 28 29 30 31 32 33 34 35 36 37 38 39 40 41 42 43 44 45 46 47 48 49 50 51 52 53 54 55 56 57 58 59 60 61 output 2 3 6 8 9 10 11 12 13 6 15 10 13 18
26 3 4 5 6 7 8 9 10 11 8 12 5 11 8 21 25 13 -1 14 15 16 17 18 19 20 22 23 24 27 28 29 30 31 32 33 34 35 36 37 38 39 40 41 42 43 44 45 46 47 48 49 50 51 52 53 54 55 56 57 58 59 60 61 output 2 3 4 5 6 7 8 9 10 4 12 7 10 4 16 17 18
15 3 4 5 6 7 10 9 5 13 -1 8 11 12 14 16 17 18 19 20 21 22 23 24 25 26 27 28 29 30 31 32 33 34 35 36 37 38 39 40 41 42 43 44 45 46 47 48 49 50 51 52 53 54 55 56 57 58 59 60 61 output 2 3 4 5 6 4 8 7 10
14 3 4 5 6 7 8 9 10 11 8 12 5 11 8 21 25 13 -1 15 16 17 18 19 20 22 23 24 26 27 28 29 30 31 32 33 34 35 36 37 38 39 40 41 42 43 44 45 46 47 48 49 50 51 52 53 54 55 56 57 58 59 60 61 output 2 3 4 5 6 7 8 9 10 4 12 7 10 4 16 17 18
29 3 4 16 17 5 18 6 7 8 9 10 11 8 12 5 11 13 -1 14 15 19 20 21 22 23 24 25 26 27 28 30 31 32 33 34 35 36 37 38 39 40 41 42 43 44 45 46 47 48 49 50 51 52 53 54 55 56 57 58 59 60 61 output 2 3 4 5 6 7 8 9 10 11 12 13 6 15 10 13 18
20 3 4 5 6 7 8 9 10 11 5 12 8 11 5 21 25 13 -1 14 15 16 17 18 19 22 23 24 26 27 28 29 30 31 32 33 34 35 36 37 38 39 40 41 42 43 44 45 46 47 48 49 50 51 52 53 54 55 56 57 58 59 60 61 output 2 3 22 23 4 24 5 6 7 8 9 10 4 12 7 10 4 16 17 18
29 3 4 16 17 5 18 6 7 8 9 10 11 8 12 5 11 5 21 25 13 -1 14 15 19 20 22 23 24 26 27 28 30 31 32 33 34 35 36 37 38 39 40 41 42 43 44 45 46 47 48 49 50 51 52 53 54 55 56 57 58 59 60 61 output 2 3 4 5 6 7 8 9 10 11 12 13 6 15 10 13 6 19 20 21
15 3 4 5 6 7 10 9 5 13 -1 8 11 12 14 16 17 18 19 20 21 22 23 24 25 26 27 28 29 30 31 32 33 34 35 36 37 38 39 40 41 42 43 44 45 46 47 48 49 50 51 52 53 54 55 56 57 58 59 60 61 output 2 3 4 5 6 4 8 7 13 10
14 3 4 16 17 5 18 6 7 8 9 10 11 8 9 5 13 -1 12 15 19 20 21 22 23 24 25 26 27 28 29 30 31 32 33 34 35 36 37 38 39 40 41 42 43 44 45 46 47 48 49 50 51 52 53 54 55 56 57 58 59 60 61 output 2 3 6 8 9 10 11 12 13 10 19 6 13 17
26 3 4 16 17 5 18 6 7 8 9 10 11 8 9 5 13 -1 12 14 15 19 20 21 22 23 24 25 27 28 29 30 31 32 33 34 35 36 37 38 39 40 41 42 43 44 45 46 47 48 49 50 51 52 53 54 55 56 57 58 59 60 61 output 2 3 6 8 9 10 11 12 13 10 11 6 13 17
30 3 4 5 6 7 8 9 10 11 8 12 5 11 8 21 25 13 -1 14 15 16 17 18 19 20 22 23 24 26 27 28 29 31 32 33 34 35 36 37 38 39 40 41 42 43 44 45 46 47 48 49 50 51 52 53 54 55 56 57 58 59 60 61 output 2 3 22 23 4 24 5 6 7 8 9 10 7 12 4 10 4 16 17 18
20 3 4 5 6 7 5 9 10 11 5 21 12 13 -1 8 14 15 16 17 18 19 22 23 24 25 26 27 28 29 30 31 32 33 34 35 36 37 38 39 40 41 42 43 44 45 46 47 48 49 50 51 52 53 54 55 56 57 58 59 60 61 output 2 3 19 20 4 21 5 6 4 8 9 10 4 12 13 14
31 3 4 5 6 7 5 9 10 13 -1 8 11 12 14 15 16 17 18 19 20 21 22 23 24 25 26 27 28 29 30 32 33 34 35 36 37 38 39 40 41 42 43 44 45 46 47 48 49 50 51 52 53 54 55 56 57 58 59 60 61 output 2 3 17 18 4 19 5 6 4 8 9 13 10
15 3 4 5 6 7 10 9 5 13 -1 8 11 12 14 16 17 18 19 20 21 22 23 24 25 26 27 28 29 30 31 32 33 34 35 36 37 38 39 40 41 42 43 44 45 46 47 48 49 50 51 52 53 54 55 56 57 58 59 60 61 output 2 3 4 5 6 4 8 7 13 10
29 3 4 16 17 5 18 6 7 5 9 10 11 5 21 12 13 -1 8 14 15 19 20 22 23 24 25 26 27 28 30 31 32 33 34 35 36 37 38 39 40 41 42 43 44 45 46 47 48 49 50 51 52 53 54 55 56 57 58 59 60 61 output 2 3 4 5 6 7 8 9 12 11 6 13 6 15 16 17
20 3 4 5 6 7 10 9 5 13 -1 8 11 12 14 15 16 17 18 19 21 22 23 24 25 26 27 28 29 30 31 32 33 34 35 36 37 38 39 40 41 42 43 44 45 46 47 48 49 50 51 52 53 54 55 56 57 58 59 60 61 output 2 3 17 18 4 19 5 6 7 8 4 13 10
20 3 4 5 6 7 8 9 10 11 8 12 5 11 8 21 25 13 -1 14 15 16 17 18 19 22 23 24 26 27 28 29 30 31 32 33 34 35 36 37 38 39 40 41 42 43 44 45 46 47 48 49 50 51 52 53 54 55 56 57 58 59 60 61 output 2 3 22 23 4 24 5 6 7 8 9 10 4 12 7 10 4 16 17 18
14 3 4 16 17 5 18 6 7 5 9 10 11 5 21 12 13 -1 8 15 19 20 22 23 24 25 26 27 28 29 30 31 32 33 34 35 36 37 38 39 40 41 42 43 44 45 46 47 48 49 50 51 52 53 54 55 56 57 58 59 60 61 output 2 3 6 8 9 6 11 12 13 6 15 16 17
26 3 4 16 17 5 18 6 7 8 9 10 11 8 12 5 11 13 -1 14 15 19 20 21 22 23 24 25 27 28 29 30 31 32 33 34 35 36 37 38 39 40 41 42 43 44 45 46 47 48 49 50 51 52 53 54 55 56 57 58 59 60 61 output 2 3 6 8 9 10 11 12 13 6 15 10 13 18
14 3 4 5 6 7 5 9 10 11 5 12 21 11 5 32 25 13 -1 8 15 16 17 18 19 20 22 23 24 26 27 28 29 30 31 33 34 35 36 37 38 39 40 41 42 43 44 45 46 47 48 49 50 51 52 53 54 55 56 57 58 59 60 61 output 2 3 4 5 6 9 8 4 10 13 8 4 10 4 16 17 18
23 3 4 5 6 7 10 9 8 11 8 12 5 11 13 -1 14 15 16 17 18 19 20 21 22 24 25 26 27 28 29 30 31 32 33 34 35 36 37 38 39 40 41 42 43 44 45 46 47 48 49 50 51 52 53 54 55 56 57 58 59 60 61 output 2 3 4 5 6 9 8 7 10 9 12 4 10 15
15 3 4 5 6 7 10 9 5 11 21 12 5 11 13 -1 8 14 16 17 18 19 20 22 23 24 25 26 27 28 29 30 31 32 33 34 35 36 37 38 39 40 41 42 43 44 45 46 47 48 49 50 51 52 53 54 55 56 57 58 59 60 61 output 2 3 4 5 6 4 8 7 10 4 8 11 10 15
33 3 4 5 6 7 10 9 5 13 -1 8 11 12 14 15 16 17 18 19 20 21 22 23 24 25 26 27 28 29 30 31 32 34 35 36 37 38 39 40 41 42 43 44 45 46 47 48 49 50 51 52 53 54 55 56 57 58 59 60 61 output 2 3 17 18 4 19 5 6 7 8 4 13 10
34 3 4 5 6 7 8 9 10 11 8 12 5 11 8 21 25 13 -1 14 15 16 17 18 19 20 22 23 24 26 27 28 29 30 31 32 33 35 36 37 38 39 40 41 42 43 44 45 46 47 48 49 50 51 52 53 54 55 56 57 58 59 60 61 output 2 3 22 23 4 24 5 6 7 8 9 10 4 12 7 10 4 16 17 18
20 3 4 5 6 7 8 9 10 11 8 12 5 11 13 -1 14 15 16 17 18 19 21 22 23 24 25 26 27 28 29 30 31 32 33 34 35 36 37 38 39 40 41 42 43 44 45 46 47 48 49 50 51 52 53 54 55 56 57 58 59 60 61 output 2 3 19 20 4 21 5 6 7 8 9 10 7 12 4 10 15
35 3 4 5 6 7 10 9 5 13 -1 8 11 12 14 15 16 17 18 19 20 21 22 23 24 25 26 27 28 29 30 31 32 33 34 36 37 38 39 40 41 42 43 44 45 46 47 48 49 50 51 52 53 54 55 56 57 58 59 60 61 output 2 3 4 5 6 4 8 7 10
36 3 4 5 6 7 5 9 10 13 -1 8 11 12 14 15 16 17 18 19 20 21 22 23 24 25 26 27 28 29 30 31 32 33 34 35 37 38 39 40 41 42 43 44 45 46 47 48 49 50 51 52 53 54 55 56 57 58 59 60 61 output 2 3 17 18 4 19 5 6 4 8 9 13 10
20 3 4 5 6 7 5 9 10 11 5 21 12 13 -1 8 14 15 16 17 18 19 22 23 24 25 26 27 28 29 30 31 32 33 34 35 36 37 38 39 40 41 42 43 44 45 46 47 48 49 50 51 52 53 54 55 56 57 58 59 60 61 output 2 3 19 20 4 21 5 6 4 8 9 10 4 12 13 14
22 3 4 16 17 5 18 6 7 5 9 10 11 5 21 12 13 -1 8 14 15 19 20 23 24 25 26 27 28 29 30 31 32 33 34 35 36 37 38 39 40 41 42 43 44 45 46 47 48 49 50 51 52 53 54 55 56 57 58 59 60 61 output 2 3 6 8 9 6 11 12 13 6 15 16 17
14 3 4 5 6 7 8 9 10 11 8 12 5 11 8 21 25 13 -1 15 16 17 18 19 20 22 23 24 26 27 28 29 30 31 32 33 34 35 36 37 38 39 40 41 42 43 44 45 46 47 48 49 50 51 52 53 54 55 56 57 58 59 60 61 output 2 3 4 5 6 7 8 9 10 4 12 7 10 4 16 17 18
37 3 4 5 6 7 10 9 5 11 21 9 5 11 13 -1 8 12 14 15 16 17 18 19 20 22 23 24 25 26 27 28 29 30 31 32 33 34 35 36 38 39 40 41 42 43 44 45 46 47 48 49 50 51 52 53 54 55 56 57 58 59 60 61 output 2 3 4 5 6 7 8 4 10 11 18 4 15
20 3 4 16 17 5 18 6 7 8 9 10 11 8 9 5 13 -1 12 14 15 19 21 22 23 24 25 26 27 28 29 30 31 32 33 34 35 36 37 38 39 40 41 42 43 44 45 46 47 48 49 50 51 52 53 54 55 56 57 58 59 60 61 output 2 3 4 5 6 7 8 9 10 11 12 13 10 19 6 13 17
26 3 4 5 6 7 10 9 5 13 -1 8 11 12 14 15 16 17 18 19 20 21 22 23 24 25 27 28 29 30 31 32 33 34 35 36 37 38 39 40 41 42 43 44 45 46 47 48 49 50 51 52 53 54 55 56 57 58 59 60 61 output 2 3 4 5 6 4 8 7 13 10
20 3 4 5 6 7 8 9 10 11 5 12 8 11 5 21 25 13 -1 14 15 16 17 18 19 22 23 24 26 27 28 29 30 31 32 33 34 35 36 37 38 39 40 41 42 43 44 45 46 47 48 49 50 51 52 53 54 55 56 57 58 59 60 61 output 2 3 22 23 4 24 5 6 7 8 9 10 4 12 7 10 4 16 17 18
15 3 4 5 6 7 10 9 5 13 -1 8 11 12 14 16 17 18 19 20 21 22 23 24 25 26 27 28 29 30 31 32 33 34 35 36 37 38 39 40 41 42 43 44 45 46 47 48 49 50 51 52 53 54 55 56 57 58 59 60 61 output 2 3 4 5 6 4 8 7 13 10
19 3 4 5 6 7 8 9 10 11 8 12 5 11 8 21 25 13 -1 14 15 16 17 18 20 22 23 24 26 27 28 29 30 31 32 33 34 35 36 37 38 39 40 41 42 43 44 45 46 47 48 49 50 51 52 53 54 55 56 57 58 59 60 61 output 2 3 4 5 6 7 8 9 10 4 12 7 10 4 16 17 18
20 3 4 5 6 7 8 9 10 11 8 12 5 11 13 -1 14 15 16 17 18 19 21 22 23 24 25 26 27 28 29 30 31 32 33 34 35 36 37 38 39 40 41 42 43 44 45 46 47 48 49 50 51 52 53 54 55 56 57 58 59 60 61 output 2 3 19 20 4 21 5 6 7 8 9 10 7 8 4 15
15 3 4 5 6 7 10 9 5 13 -1 8 11 12 14 16 17 18 19 20 21 22 23 24 25 26 27 28 29 30 31 32 33 34 35 36 37 38 39 40 41 42 43 44 45 46 47 48 49 50 51 52 53 54 55 56 57 58 59 60 61 output 2 3 4 5 6 4 8 7 13 10
38 3 4 5 6 7 10 9 8 11 8 12 5 11 13 -1 14 15 16 17 18 19 20 21 22 23 24 25 26 27 28 29 30 31 32 33 34 35 36 37 39 40 41 42 43 44 45 46 47 48 49 50 51 52 53 54 55 56 57 58 59 60 61 output 2 3 4 5 6 9 8 7 10 9 12 4 10 15
14 3 4 5 6 7 8 9 10 11 8 12 5 11 8 21 25 13 -1 15 16 17 18 19 20 22 23 24 26 27 28 29 30 31 32 33 34 35 36 37 38 39 40 41 42 43 44 45 46 47 48 49 50 51 52 53 54 55 56 57 58 59 60 61 output 2 3 4 5 6 9 8 7 10 7 12 4 10 7 16 17 18
20 3 4 5 6 7 8 9 10 11 5 12 8 11 5 21 25 13 -1 14 15 16 17 18 19 22 23 24 26 27 28 29 30 31 32 33 34 35 36 37 38 39 40 41 42 43 44 45 46 47 48 49 50 51 52 53 54 55 56 57 58 59 60 61 output 2 3 22 23 4 24 5 6 7 8 9 10 4 12 7 10 4 16 17 18
20 3 4 5 6 7 10 9 5 13 -1 8 11 12 14 15 16 17 18 19 21 22 23 24 25 26 27 28 29 30 31 32 33 34 35 36 37 38 39 40 41 42 43 44 45 46 47 48 49 50 51 52 53 54 55 56 57 58 59 60 61 output 2 3 17 18 4 19 5 6 4 8 7 13 10
23 3 4 16 17 5 18 6 7 8 9 10 11 8 12 5 11 13 -1 14 15 19 20 21 22 24 25 26 27 28 29 30 31 32 33 34 35 36 37 38 39 40 41 42 43 44 45 46 47 48 49 50 51 52 53 54 55 56 57 58 59 60 61 output 2 3 6 8 9 10 11 12 13 10 15 6 13 18
29 3 4 5 6 7 8 9 10 11 8 12 5 11 13 -1 14 15 16 17 18 19 20 21 22 23 24 25 26 27 28 30 31 32 33 34 35 36 37 38 39 40 41 42 43 44 45 46 47 48 49 50 51 52 53 54 55 56 57 58 59 60 61 output 2 3 19 20 4 21 5 6 7 8 9 10 7 12 4 10 15
20 3 4 5 6 7 8 9 10 11 8 12 5 11 13 -1 14 15 16 17 18 19 21 22 23 24 25 26 27 28 29 30 31 32 33 34 35 36 37 38 39 40 41 42 43 44 45 46 47 48 49 50 51 52 53 54 55 56 57 58 59 60 61 output 2 3 19 20 4 21 5 6 7 8 9 10 7 12 4 10 15
28 3 4 16 17 5 18 6 7 5 9 10 11 13 -1 8 12 14 15 19 20 21 22 23 24 25 26 27 29 30 31 32 33 34 35 36 37 38 39 40 41 42 43 44 45 46 47 48 49 50 51 52 53 54 55 56 57 58 59 60 61 output 2 3 4 5 6 7 8 9 12 11 6 13 14
20 3 4 5 6 7 5 9 10 13 -1 8 11 12 14 15 16 17 18 19 21 22 23 24 25 26 27 28 29 30 31 32 33 34 35 36 37 38 39 40 41 42 43 44 45 46 47 48 49 50 51 52 53 54 55 56 57 58 59 60 61 output 2 3 17 18 4 19 5 6 4 8 9 13 10
26 3 4 5 6 7 10 9 8 11 8 12 5 11 8 21 25 13 -1 14 15 16 17 18 19 20 22 23 24 27 28 29 30 31 32 33 34 35 36 37 38 39 40 41 42 43 44 45 46 47 48 49 50 51 52 53 54 55 56 57 58 59 60 61 output 2 3 4 5 6 9 8 7 10 4 12 9 10 4 16 17 18
22 3 4 5 6 7 10 9 5 11 21 9 5 11 13 -1 8 12 14 15 16 17 18 19 20 23 24 25 26 27 28 29 30 31 32 33 34 35 36 37 38 39 40 41 42 43 44 45 46 47 48 49 50 51 52 53 54 55 56 57 58 59 60 61 output 2 3 4 5 6 7 8 4 10 11 18 4 15
39 3 4 5 6 7 8 9 10 11 5 12 8 11 13 -1 14 15 16 17 18 19 20 21 22 23 24 25 26 27 28 29 30 31 32 33 34 35 36 37 38 40 41 42 43 44 45 46 47 48 49 50 51 52 53 54 55 56 57 58 59 60 61 output 2 3 19 20 4 21 5 6 7 8 9 10 4 12 7 10 15
20 3 4 5 6 7 8 9 10 11 8 12 5 11 13 -1 14 15 16 17 18 19 21 22 23 24 25 26 27 28 29 30 31 32 33 34 35 36 37 38 39 40 41 42 43 44 45 46 47 48 49 50 51 52 53 54 55 56 57 58 59 60 61 output 2 3 19 20 4 21 5 6 7 8 9 10 7 12 4 10 15
15 3 4 5 6 7 10 9 5 11 21 9 5 11 13 -1 8 12 14 16 17 18 19 20 22 23 24 25 26 27 28 29 30 31 32 33 34 35 36 37 38 39 40 41 42 43 44 45 46 47 48 49 50 51 52 53 54 55 56 57 58 59 60 61 output 2 3 4 5 6 4 8 7 10 4 8 11 10 15
23 3 4 5 6 7 8 9 10 11 8 12 5 11 13 -1 14 15 16 17 18 19 20 21 22 24 25 26 27 28 29 30 31 32 33 34 35 36 37 38 39 40 41 42 43 44 45 46 47 48 49 50 51 52 53 54 55 56 57 58 59 60 61 output 2 3 4 5 6 9 8 7 10 7 12 4 10 15
14 3 4 5 6 7 10 9 5 13 -1 8 11 12 15 16 17 18 19 20 21 22 23 24 25 26 27 28 29 30 31 32 33 34 35 36 37 38 39 40 41 42 43 44 45 46 47 48 49 50 51 52 53 54 55 56 57 58 59 60 61 output 2 3 4 5 6 4 8 7 13 10
28 3 4 5 6 7 8 9 10 11 8 12 5 11 8 21 25 13 -1 14 15 16 17 18 19 20 22 23 24 26 27 29 30 31 32 33 34 35 36 37 38 39 40 41 42 43 44 45 46 47 48 49 50 51 52 53 54 55 56 57 58 59 60 61 output 2 3 4 5 6 7 8 9 10 4 12 7 10 4 16 17 18
15 3 4 5 6 7 10 9 5 13 -1 8 11 12 14 16 17 18 19 20 21 22 23 24 25 26 27 28 29 30 31 32 33 34 35 36 37 38 39 40 41 42 43 44 45 46 47 48 49 50 51 52 53 54 55 56 57 58 59 60 61 output 2 3 4 5 6 4 8 7 13 10
14 3 4 5 6 7 10 9 8 11 8 12 5 11 13 -1 15 16 17 18 19 20 21 22 23 24 25 26 27 28 29 30 31 32 33 34 35 36 37 38 39 40 41 42 43 44 45 46 47 48 49 50 51 52 53 54 55 56 57 58 59 60 61 output 2 3 4 5 6 9 8 7 10 9 12 4 10 15
22 3 4 5 6 7 10 9 5 11 21 12 5 13 -1 8 14 15 16 17 18 19 20 23 24 25 26 27 28 29 30 31 32 33 34 35 36 37 38 39 40 41 42 43 44 45 46 47 48 49 50 51 52 53 54 55 56 57 58 59 60 61 output 2 3 4 5 6 4 8 7 10 4 12 11 10 14
40 3 4 5 6 7 10 9 5 13 -1 8 11 12 14 15 16 17 18 19 20 21 22 23 24 25 26 27 28 29 30 31 32 33 34 35 36 37 38 39 41 42 43 44 45 46 47 48 49 50 51 52 53 54 55 56 57 58 59 60 61 output 2 3 4 5 6 4 8 7 10
29 3 4 5 6 7 10 9 5 11 21 12 5 13 -1 8 14 15 16 17 18 19 20 22 23 24 25 26 27 28 30 31 32 33 34 35 36 37 38 39 40 41 42 43 44 45 46 47 48 49 50 51 52 53 54 55 56 57 58 59 60 61 output 2 3 19 20 4 21 5 6 4 8 7 10 4 12 11 14
22 3 4 5 6 7 8 9 10 11 8 12 5 11 8 21 25 13 -1 14 15 16 17 18 19 20 23 24 26 27 28 29 30 31 32 33 34 35 36 37 38 39 40 41 42 43 44 45 46 47 48 49 50 51 52 53 54 55 56 57 58 59 60 61 output 2 3 4 5 6 7 8 9 10 4 12 7 10 4 16 17 18
22 3 4 5 6 7 10 9 5 13 -1 8 11 12 14 15 16 17 18 19 20 21 23 24 25 26 27 28 29 30 31 32 33 34 35 36 37 38 39 40 41 42 43 44 45 46 47 48 49 50 51 52 53 54 55 56 57 58 59 60 61 output 2 3 4 5 6 4 8 7 10
20 3 4 5 6 7 8 9 10 11 8 12 5 11 8 21 25 13 -1 14 15 16 17 18 19 22 23 24 26 27 28 29 30 31 32 33 34 35 36 37 38 39 40 41 42 43 44 45 46 47 48 49 50 51 52 53 54 55 56 57 58 59 60 61 output 2 3 22 23 4 24 5 6 7 8 9 10 7 12 4 10 4 16 17 18
22 3 4 5 6 7 10 9 5 13 -1 8 11 12 14 15 16 17 18 19 20 21 23 24 25 26 27 28 29 30 31 32 33 34 35 36 37 38 39 40 41 42 43 44 45 46 47 48 49 50 51 52 53 54 55 56 57 58 59 60 61 output 2 3 4 5 6 4 8 7 13 10
29 3 4 5 6 7 10 9 5 11 21 12 5 13 -1 8 14 15 16 17 18 19 20 22 23 24 25 26 27 28 30 31 32 33 34 35 36 37 38 39 40 41 42 43 44 45 46 47 48 49 50 51 52 53 54 55 56 57 58 59 60 61 output 2 3 19 20 4 21 5 6 4 8 7 10 4 8 11 14
14 3 4 5 6 7 8 9 10 11 8 12 5 11 8 21 25 13 -1 15 16 17 18 19 20 22 23 24 26 27 28 29 30 31 32 33 34 35 36 37 38 39 40 41 42 43 44 45 46 47 48 49 50 51 52 53 54 55 56 57 58 59 60 61 output 2 3 4 5 6 7 8 9 10 4 12 7 10 4 16 17 18
29 3 4 5 6 7 5 9 10 11 5 21 12 13 -1 8 14 15 16 17 18 19 20 22 23 24 25 26 27 28 30 31 32 33 34 35 36 37 38 39 40 41 42 43 44 45 46 47 48 49 50 51 52 53 54 55 56 57 58 59 60 61 output 2 3 19 20 4 21 5 6 9 8 4 10 4 12 13 14
22 3 4 5 6 7 10 9 5 13 -1 8 11 12 14 15 16 17 18 19 20 21 23 24 25 26 27 28 29 30 31 32 33 34 35 36 37 38 39 40 41 42 43 44 45 46 47 48 49 50 51 52 53 54 55 56 57 58 59 60 61 output 2 3 4 5 6 4 8 7 10
20 3 4 16 17 5 18 6 7 8 9 10 11 8 12 5 11 13 -1 14 15 19 21 22 23 24 25 26 27 28 29 30 31 32 33 34 35 36 37 38 39 40 41 42 43 44 45 46 47 48 49 50 51 52 53 54 55 56 57 58 59 60 61 output 2 3 4 5 6 7 8 9 10 11 12 13 6 15 10 13 18
14 3 4 5 6 7 8 9 10 11 8 12 5 11 13 -1 15 16 17 18 19 20 21 22 23 24 25 26 27 28 29 30 31 32 33 34 35 36 37 38 39 40 41 42 43 44 45 46 47 48 49 50 51 52 53 54 55 56 57 58 59 60 61 output 2 3 4 5 6 7 8 9 10 4 12 7 10 15
15 3 4 16 17 5 18 6 7 8 9 10 11 5 12 8 11 5 21 25 13 -1 14 19 20 22 23 24 26 27 28 29 30 31 32 33 34 35 36 37 38 39 40 41 42 43 44 45 46 47 48 49 50 51 52 53 54 55 56 57 58 59 60 61 output 2 3 6 8 9 10 11 12 13 10 15 6 13 10 19 20 21
20 3 4 5 6 7 5 9 10 11 5 21 12 13 -1 8 14 15 16 17 18 19 22 23 24 25 26 27 28 29 30 31 32 33 34 35 36 37 38 39 40 41 42 43 44 45 46 47 48 49 50 51 52 53 54 55 56 57 58 59 60 61 output 2 3 19 20 4 21 5 6 4 8 9 10 4 12 13 14
20 3 4 5 6 7 5 9 10 11 5 21 12 13 -1 8 14 15 16 17 18 19 22 23 24 25 26 27 28 29 30 31 32 33 34 35 36 37 38 39 40 41 42 43 44 45 46 47 48 49 50 51 52 53 54 55 56 57 58 59 60 61 output 2 3 19 20 4 21 5 6 4 8 9 10 4 12 13 14
41 3 4 5 6 7 10 9 5 13 -1 8 11 12 14 15 16 17 18 19 20 21 22 23 24 25 26 27 28 29 30 31 32 33 34 35 36 37 38 39 40 42 43 44 45 46 47 48 49 50 51 52 53 54 55 56 57 58 59 60 61 output 2 3 17 18 4 19 5 6 4 8 7 13 10
20 3 4 5 6 7 5 9 10 11 5 21 12 13 -1 8 14 15 16 17 18 19 22 23 24 25 26 27 28 29 30 31 32 33 34 35 36 37 38 39 40 41 42 43 44 45 46 47 48 49 50 51 52 53 54 55 56 57 58 59 60 61 output 2 3 19 20 4 21 5 6 4 8 9 10 4 12 13 14
19 3 4 5 6 7 8 9 10 11 5 12 8 11 5 21 25 13 -1 14 15 16 17 18 20 22 23 24 26 27 28 29 30 31 32 33 34 35 36 37 38 39 40 41 42 43 44 45 46 47 48 49 50 51 52 53 54 55 56 57 58 59 60 61 output 2 3 4 5 6 7 8 9 10 7 12 4 10 7 16 17 18
20 3 4 5 6 7 5 9 10 11 5 9 21 11 13 -1 8 12 14 15 16 17 18 19 22 23 24 25 26 27 28 29 30 31 32 33 34 35 36 37 38 39 40 41 42 43 44 45 46 47 48 49 50 51 52 53 54 55 56 57 58 59 60 61 output 2 3 21 22 4 23 5 6 4 8 9 10 4 8 13 15
26 3 4 5 6 7 8 9 10 11 8 12 5 11 8 21 25 13 -1 14 15 16 17 18 19 20 22 23 24 27 28 29 30 31 32 33 34 35 36 37 38 39 40 41 42 43 44 45 46 47 48 49 50 51 52 53 54 55 56 57 58 59 60 61 output 2 3 4 5 6 7 8 9 10 4 12 7 10 4 16 17 18
20 3 4 5 6 7 5 9 10 11 5 21 12 13 -1 8 14 15 16 17 18 19 22 23 24 25 26 27 28 29 30 31 32 33 34 35 36 37 38 39 40 41 42 43 44 45 46 47 48 49 50 51 52 53 54 55 56 57 58 59 60 61 output 2 3 19 20 4 21 5 6 4 8 9 10 4 12 13 14
42 3 4 5 6 7 10 9 5 11 21 9 5 11 13 -1 8 12 14 15 16 17 18 19 20 22 23 24 25 26 27 28 29 30 31 32 33 34 35 36 37 38 39 40 41 43 44 45 46 47 48 49 50 51 52 53 54 55 56 57 58 59 60 61 output 2 3 4 5 6 4 8 7 10 4 8 11 10 15
22 3 4 16 17 5 18 6 7 8 9 10 11 8 12 5 11 5 21 25 13 -1 14 15 19 20 23 24 26 27 28 29 30 31 32 33 34 35 36 37 38 39 40 41 42 43 44 45 46 47 48 49 50 51 52 53 54 55 56 57 58 59 60 61 output 2 3 6 8 9 10 11 12 13 10 15 6 13 10 19 20 21
20 3 4 5 6 7 10 9 5 13 -1 8 11 12 14 15 16 17 18 19 21 22 23 24 25 26 27 28 29 30 31 32 33 34 35 36 37 38 39 40 41 42 43 44 45 46 47 48 49 50 51 52 53 54 55 56 57 58 59 60 61 output 2 3 17 18 4 19 5 6 4 8 7 13 10
20 3 4 5 6 7 8 9 10 11 8 12 5 11 13 -1 14 15 16 17 18 19 21 22 23 24 25 26 27 28 29 30 31 32 33 34 35 36 37 38 39 40 41 42 43 44 45 46 47 48 49 50 51 52 53 54 55 56 57 58 59 60 61 output 2 3 19 20 4 21 5 6 7 8 9 10 7 12 4 10 15
34 3 4 16 17 5 18 6 7 8 9 10 11 8 9 5 13 -1 12 14 15 19 20 21 22 23 24 25 26 27 28 29 30 31 32 33 35 36 37 38 39 40 41 42 43 44 45 46 47 48 49 50 51 52 53 54 55 56 57 58 59 60 61 output 2 3 4 5 6 7 8 9 10 11 12 13 10 19 6 13 17
39 3 4 5 6 7 5 9 10 11 5 21 12 13 -1 8 14 15 16 17 18 19 20 22 23 24 25 26 27 28 29 30 31 32 33 34 35 36 37 38 40 41 42 43 44 45 46 47 48 49 50 51 52 53 54 55 56 57 58 59 60 61 output 2 3 19 20 4 21 5 6 4 8 9 10 4 12 13 14
26 3 4 16 17 5 18 6 7 8 9 10 11 8 12 5 11 13 -1 14 15 19 20 21 22 23 24 25 27 28 29 30 31 32 33 34 35 36 37 38 39 40 41 42 43 44 45 46 47 48 49 50 51 52 53 54 55 56 57 58 59 60 61 output 2 3 6 8 9 10 11 12 13 6 15 10 13 18
14 3 4 16 17 5 18 6 7 5 9 10 11 5 21 12 13 -1 8 15 19 20 22 23 24 25 26 27 28 29 30 31 32 33 34 35 36 37 38 39 40 41 42 43 44 45 46 47 48 49 50 51 52 53 54 55 56 57 58 59 60 61 output 2 3 6 8 9 6 11 12 13 6 15 16 17
14 3 4 16 17 5 18 6 7 8 9 10 11 8 9 5 13 -1 12 15 19 20 21 22 23 24 25 26 27 28 29 30 31 32 33 34 35 36 37 38 39 40 41 42 43 44 45 46 47 48 49 50 51 52 53 54 55 56 57 58 59 60 61 output 2 3 6 8 9 10 11 12 13 10 19 6 13 17
14 3 4 5 6 7 5 9 10 11 5 9 21 11 13 -1 8 12 15 16 17 18 19 20 22 23 24 25 26 27 28 29 30 31 32 33 34 35 36 37 38 39 40 41 42 43 44 45 46 47 48 49 50 51 52 53 54 55 56 57 58 59 60 61 output 2 3 20 21 4 22 5 6 4 8 9 10 4 18 13 15
22 3 4 16 17 5 18 6 7 5 9 10 11 5 21 12 13 -1 8 14 15 19 20 23 24 25 26 27 28 29 30 31 32 33 34 35 36 37 38 39 40 41 42 43 44 45 46 47 48 49 50 51 52 53 54 55 56 57 58 59 60 61 output 2 3 6 8 9 6 11 12 13 6 15 16 17
15 3 4 16 17 5 18 6 7 8 9 10 11 8 12 5 11 13 -1 14 19 20 21 22 23 24 25 26 27 28 29 30 31 32 33 34 35 36 37 38 39 40 41 42 43 44 45 46 47 48 49 50 51 52 53 54 55 56 57 58 59 60 61 output 2 3 6 8 9 10 11 12 13 10 15 6 13 18
20 3 4 16 17 5 18 6 7 8 9 10 11 8 9 5 13 -1 12 14 15 19 21 22 23 24 25 26 27 28 29 30 31 32 33 34 35 36 37 38 39 40 41 42 43 44 45 46 47 48 49 50 51 52 53 54 55 56 57 58 59 60 61 output 2 3 4 5 6 7 8 9 10 11 12 13 10 19 6 13 17
20 3 4 5 6 7 5 9 10 13 -1 8 11 12 14 15 16 17 18 19 21 22 23 24 25 26 27 28 29 30 31 32 33 34 35 36 37 38 39 40 41 42 43 44 45 46 47 48 49 50 51 52 53 54 55 56 57 58 59 60 61 output 2 3 17 18 4 19 5 6 4 8 9 13 10
20 3 4 5 6 7 8 9 10 11 8 12 5 11 8 21 25 13 -1 14 15 16 17 18 19 22 23 24 26 27 28 29 30 31 32 33 34 35 36 37 38 39 40 41 42 43 44 45 46 47 48 49 50 51 52 53 54 55 56 57 58 59 60 61 output 2 3 22 23 4 24 5 6 7 8 9 10 4 12 7 10 4 16 17 18
26 3 4 5 6 7 8 9 10 11 8 12 5 11 8 21 25 13 -1 14 15 16 17 18 19 20 22 23 24 27 28 29 30 31 32 33 34 35 36 37 38 39 40 41 42 43 44 45 46 47 48 49 50 51 52 53 54 55 56 57 58 59 60 61 output 2 3 4 5 6 7 8 9 10 4 12 7 10 4 16 17 18
42 3 4 5 6 7 8 9 10 11 8 12 5 11 13 -1 14 15 16 17 18 19 20 21 22 23 24 25 26 27 28 29 30 31 32 33 34 35 36 37 38 39 40 41 43 44 45 46 47 48 49 50 51 52 53 54 55 56 57 58 59 60 61 output 2 3 4 5 6 7 8 9 10 4 12 7 10 15
27 3 4 5 6 7 8 9 10 11 8 12 5 11 8 21 25 13 -1 14 15 16 17 18 19 20 22 23 24 26 28 29 30 31 32 33 34 35 36 37 38 39 40 41 42 43 44 45 46 47 48 49 50 51 52 53 54 55 56 57 58 59 60 61 output 2 3 22 23 4 24 5 6 7 8 9 10 7 12 4 10 4 16 17 18
39 3 4 5 6 7 5 9 10 11 5 21 12 13 -1 8 14 15 16 17 18 19 20 22 23 24 25 26 27 28 29 30 31 32 33 34 35 36 37 38 40 41 42 43 44 45 46 47 48 49 50 51 52 53 54 55 56 57 58 59 60 61 output 2 3 19 20 4 21 5 6 4 8 9 10 4 12 13 14
14 3 4 16 17 5 18 6 7 8 9 10 11 8 12 5 11 13 -1 15 19 20 21 22 23 24 25 26 27 28 29 30 31 32 33 34 35 36 37 38 39 40 41 42 43 44 45 46 47 48 49 50 51 52 53 54 55 56 57 58 59 60 61 output 2 3 6 8 9 10 11 12 13 6 15 10 13 18
43 3 4 16 17 5 18 6 7 5 9 10 11 13 -1 8 12 14 15 19 20 21 22 23 24 25 26 27 28 29 30 31 32 33 34 35 36 37 38 39 40 41 42 44 45 46 47 48 49 50 51 52 53 54 55 56 57 58 59 60 61 output 2 3 6 8 9 6 11 12 14
22 3 4 5 6 7 10 9 5 11 21 9 5 11 13 -1 8 12 14 15 16 17 18 19 20 23 24 25 26 27 28 29 30 31 32 33 34 35 36 37 38 39 40 41 42 43 44 45 46 47 48 49 50 51 52 53 54 55 56 57 58 59 60 61 output 2 3 4 5 6 7 8 4 10 11 18 4 15
14 3 4 16 17 5 18 6 7 8 9 10 11 8 12 5 11 5 21 25 13 -1 15 19 20 22 23 24 26 27 28 29 30 31 32 33 34 35 36 37 38 39 40 41 42 43 44 45 46 47 48 49 50 51 52 53 54 55 56 57 58 59 60 61 output 2 3 4 5 6 7 8 9 12 11 10 13 10 15 6 13 10 19 20 21
15 3 4 5 6 7 8 9 10 11 5 12 8 11 5 21 25 13 -1 14 16 17 18 19 20 22 23 24 26 27 28 29 30 31 32 33 34 35 36 37 38 39 40 41 42 43 44 45 46 47 48 49 50 51 52 53 54 55 56 57 58 59 60 61 output 2 3 4 5 6 7 8 9 10 7 12 4 10 7 16 17 18
22 3 4 16 17 5 18 6 7 8 9 10 11 8 12 5 11 5 21 25 13 -1 14 15 19 20 23 24 26 27 28 29 30 31 32 33 34 35 36 37 38 39 40 41 42 43 44 45 46 47 48 49 50 51 52 53 54 55 56 57 58 59 60 61 output 2 3 6 8 9 10 11 12 13 10 15 6 13 10 19 20 21
14 3 4 5 6 7 10 9 5 11 21 9 5 11 13 -1 8 12 15 16 17 18 19 20 22 23 24 25 26 27 28 29 30 31 32 33 34 35 36 37 38 39 40 41 42 43 44 45 46 47 48 49 50 51 52 53 54 55 56 57 58 59 60 61 output 2 3 4 5 6 7 8 4 10 11 18 4 15
14 3 4 5 6 7 10 9 5 11 21 9 5 11 13 -1 8 12 15 16 17 18 19 20 22 23 24 25 26 27 28 29 30 31 32 33 34 35 36 37 38 39 40 41 42 43 44 45 46 47 48 49 50 51 52 53 54 55 56 57 58 59 60 61 output 2 3 4 5 6 7 8 4 10 11 18 4 15
20 3 4 5 6 7 8 9 10 11 8 12 5 11 13 -1 14 15 16 17 18 19 21 22 23 24 25 26 27 28 29 30 31 32 33 34 35 36 37 38 39 40 41 42 43 44 45 46 47 48 49 50 51 52 53 54 55 56 57 58 59 60 61 output 2 3 19 20 4 21 5 6 7 8 9 10 7 12 4 10 15
29 3 4 16 17 5 18 6 7 8 9 10 11 8 12 5 11 5 21 25 13 -1 14 15 19 20 22 23 24 26 27 28 30 31 32 33 34 35 36 37 38 39 40 41 42 43 44 45 46 47 48 49 50 51 52 53 54 55 56 57 58 59 60 61 output 2 3 4 5 6 7 8 9 10 11 12 13 6 15 10 13 6 19 20 21
26 3 4 5 6 7 8 9 10 11 5 12 8 11 5 21 25 13 -1 14 15 16 17 18 19 20 22 23 24 27 28 29 30 31 32 33 34 35 36 37 38 39 40 41 42 43 44 45 46 47 48 49 50 51 52 53 54 55 56 57 58 59 60 61 output 2 3 4 5 6 9 8 7 10 7 12 4 10 7 16 17 18
26 3 4 16 17 5 18 6 7 5 9 10 11 5 21 12 13 -1 8 14 15 19 20 22 23 24 25 27 28 29 30 31 32 33 34 35 36 37 38 39 40 41 42 43 44 45 46 47 48 49 50 51 52 53 54 55 56 57 58 59 60 61 output 2 3 6 8 9 6 11 12 13 6 15 16 17
19 3 4 5 6 7 10 9 8 11 8 12 5 11 13 -1 14 15 16 17 18 20 21 22 23 24 25 26 27 28 29 30 31 32 33 34 35 36 37 38 39 40 41 42 43 44 45 46 47 48 49 50 51 52 53 54 55 56 57 58 59 60 61 output 2 3 4 5 6 9 8 7 10 9 12 4 10 15
29 3 4 5 6 7 5 9 10 11 5 9 21 11 13 -1 8 12 14 15 16 17 18 19 20 22 23 24 25 26 27 28 30 31 32 33 34 35 36 37 38 39 40 41 42 43 44 45 46 47 48 49 50 51 52 53 54 55 56 57 58 59 60 61 output 2 3 21 22 4 23 5 6 4 8 9 10 4 8 13 15
20 3 4 5 6 7 5 9 10 11 5 21 12 13 -1 8 14 15 16 17 18 19 22 23 24 25 26 27 28 29 30 31 32 33 34 35 36 37 38 39 40 41 42 43 44 45 46 47 48 49 50 51 52 53 54 55 56 57 58 59 60 61 output 2 3 19 20 4 21 5 6 4 8 9 10 4 12 13 14
23 3 4 5 6 7 10 9 8 11 8 12 5 11 13 -1 14 15 16 17 18 19 20 21 22 24 25 26 27 28 29 30 31 32 33 34 35 36 37 38 39 40 41 42 43 44 45 46 47 48 49 50 51 52 53 54 55 56 57 58 59 60 61 output 2 3 19 20 4 21 5 6 7 8 9 10 9 12 4 10 15
20 3 4 5 6 7 8 9 10 11 5 12 8 11 5 21 25 13 -1 14 15 16 17 18 19 22 23 24 26 27 28 29 30 31 32 33 34 35 36 37 38 39 40 41 42 43 44 45 46 47 48 49 50 51 52 53 54 55 56 57 58 59 60 61 output 2 3 22 23 4 24 5 6 7 8 9 10 4 12 7 10 4 16 17 18
26 3 4 5 6 7 8 9 10 11 8 12 5 11 8 21 25 13 -1 14 15 16 17 18 19 20 22 23 24 27 28 29 30 31 32 33 34 35 36 37 38 39 40 41 42 43 44 45 46 47 48 49 50 51 52 53 54 55 56 57 58 59 60 61 output 2 3 4 5 6 7 8 9 10 4 12 7 10 4 16 17 18
20 3 4 5 6 7 8 9 10 11 8 12 5 11 13 -1 14 15 16 17 18 19 21 22 23 24 25 26 27 28 29 30 31 32 33 34 35 36 37 38 39 40 41 42 43 44 45 46 47 48 49 50 51 52 53 54 55 56 57 58 59 60 61 output 2 3 19 20 4 21 5 6 7 8 9 10 7 12 4 10 15
15 3 4 16 17 5 18 6 7 8 9 10 11 8 12 5 11 13 -1 14 19 20 21 22 23 24 25 26 27 28 29 30 31 32 33 34 35 36 37 38 39 40 41 42 43 44 45 46 47 48 49 50 51 52 53 54 55 56 57 58 59 60 61 output 2 3 6 8 9 10 11 12 13 10 11 6 13 18
22 3 4 5 6 7 10 9 5 11 21 9 5 11 13 -1 8 12 14 15 16 17 18 19 20 23 24 25 26 27 28 29 30 31 32 33 34 35 36 37 38 39 40 41 42 43 44 45 46 47 48 49 50 51 52 53 54 55 56 57 58 59 60 61 output 2 3 4 5 6 7 8 4 10 11 18 4 15
29 3 4 5 6 7 8 9 10 11 8 12 5 11 8 21 25 13 -1 14 15 16 17 18 19 20 22 23 24 26 27 28 30 31 32 33 34 35 36 37 38 39 40 41 42 43 44 45 46 47 48 49 50 51 52 53 54 55 56 57 58 59 60 61 output 2 3 22 23 4 24 5 6 7 8 9 10 4 12 7 10 4 16 17 18
26 3 4 5 6 7 8 9 10 11 8 12 5 11 13 -1 14 15 16 17 18 19 20 21 22 23 24 25 27 28 29 30 31 32 33 34 35 36 37 38 39 40 41 42 43 44 45 46 47 48 49 50 51 52 53 54 55 56 57 58 59 60 61 output 2 3 4 5 6 7 8 9 10 4 12 7 10 15
44 3 4 5 6 7 10 9 5 13 -1 8 11 12 14 15 16 17 18 19 20 21 22 23 24 25 26 27 28 29 30 31 32 33 34 35 36 37 38 39 40 41 42 43 45 46 47 48 49 50 51 52 53 54 55 56 57 58 59 60 61 output 2 3 4 5 6 4 8 7 10
20 3 4 5 6 7 5 9 10 13 -1 8 11 12 14 15 16 17 18 19 21 22 23 24 25 26 27 28 29 30 31 32 33 34 35 36 37 38 39 40 41 42 43 44 45 46 47 48 49 50 51 52 53 54 55 56 57 58 59 60 61 output 2 3 17 18 4 19 5 6 4 8 9 13 10
14 3 4 5 6 7 8 9 10 11 8 12 5 11 8 21 25 13 -1 15 16 17 18 19 20 22 23 24 26 27 28 29 30 31 32 33 34 35 36 37 38 39 40 41 42 43 44 45 46 47 48 49 50 51 52 53 54 55 56 57 58 59 60 61 output 2 3 4 5 6 9 8 7 10 7 12 4 10 7 16 17 18
14 3 4 5 6 7 10 9 5 11 21 9 5 11 13 -1 8 12 15 16 17 18 19 20 22 23 24 25 26 27 28 29 30 31 32 33 34 35 36 37 38 39 40 41 42 43 44 45 46 47 48 49 50 51 52 53 54 55 56 57 58 59 60 61 output 2 3 4 5 6 7 8 4 10 11 18 4 15
39 3 4 16 17 5 18 6 7 8 9 10 11 8 12 5 11 13 -1 14 15 19 20 21 22 23 24 25 26 27 28 29 30 31 32 33 34 35 36 37 38 40 41 42 43 44 45 46 47 48 49 50 51 52 53 54 55 56 57 58 59 60 61 output 2 3 6 8 9 10 11 12 13 10 15 6 13 18
14 3 4 5 6 7 8 9 10 11 8 12 5 11 8 21 25 13 -1 15 16 17 18 19 20 22 23 24 26 27 28 29 30 31 32 33 34 35 36 37 38 39 40 41 42 43 44 45 46 47 48 49 50 51 52 53 54 55 56 57 58 59 60 61 output 2 3 4 5 6 7 8 9 10 4 12 7 10 4 16 17 18
20 3 4 5 6 7 8 9 10 11 8 12 5 11 8 21 25 13 -1 14 15 16 17 18 19 22 23 24 26 27 28 29 30 31 32 33 34 35 36 37 38 39 40 41 42 43 44 45 46 47 48 49 50 51 52 53 54 55 56 57 58 59 60 61 output 2 3 22 23 4 24 5 6 7 8 9 10 4 12 7 10 4 16 17 18
20 3 4 5 6 7 10 9 5 13 -1 8 11 12 14 15 16 17 18 19 21 22 23 24 25 26 27 28 29 30 31 32 33 34 35 36 37 38 39 40 41 42 43 44 45 46 47 48 49 50 51 52 53 54 55 56 57 58 59 60 61 output 2 3 17 18 4 19 5 6 4 8 7 13 10
29 3 4 5 6 7 10 9 5 13 -1 8 11 12 14 15 16 17 18 19 20 21 22 23 24 25 26 27 28 30 31 32 33 34 35 36 37 38 39 40 41 42 43 44 45 46 47 48 49 50 51 52 53 54 55 56 57 58 59 60 61 output 2 3 17 18 4 19 5 6 4 8 7 13 10
15 3 4 5 6 7 8 9 10 11 8 12 5 11 13 -1 14 16 17 18 19 20 21 22 23 24 25 26 27 28 29 30 31 32 33 34 35 36 37 38 39 40 41 42 43 44 45 46 47 48 49 50 51 52 53 54 55 56 57 58 59 60 61 output 2 3 4 5 6 7 8 9 10 4 12 7 10 15
28 3 4 5 6 7 8 9 10 11 8 12 5 11 8 21 25 13 -1 14 15 16 17 18 19 20 22 23 24 26 27 29 30 31 32 33 34 35 36 37 38 39 40 41 42 43 44 45 46 47 48 49 50 51 52 53 54 55 56 57 58 59 60 61 output 2 3 4 5 6 9 8 7 10 7 12 4 10 7 16 17 18
26 3 4 5 6 7 5 9 10 13 -1 8 11 12 14 15 16 17 18 19 20 21 22 23 24 25 27 28 29 30 31 32 33 34 35 36 37 38 39 40 41 42 43 44 45 46 47 48 49 50 51 52 53 54 55 56 57 58 59 60 61 output 2 3 4 5 6 9 8 4 10
42 3 4 16 17 5 18 6 7 8 9 10 11 5 12 8 11 13 -1 14 15 19 20 21 22 23 24 25 26 27 28 29 30 31 32 33 34 35 36 37 38 39 40 41 43 44 45 46 47 48 49 50 51 52 53 54 55 56 57 58 59 60 61 output 2 3 6 8 9 10 11 12 13 6 15 10 13 18
20 3 4 5 6 7 8 9 10 11 8 12 5 11 13 -1 14 15 16 17 18 19 21 22 23 24 25 26 27 28 29 30 31 32 33 34 35 36 37 38 39 40 41 42 43 44 45 46 47 48 49 50 51 52 53 54 55 56 57 58 59 60 61 output 2 3 19 20 4 21 5 6 7 8 9 10 7 12 4 10 15
14 3 4 5 6 7 10 9 8 11 8 12 5 11 13 -1 15 16 17 18 19 20 21 22 23 24 25 26 27 28 29 30 31 32 33 34 35 36 37 38 39 40 41 42 43 44 45 46 47 48 49 50 51 52 53 54 55 56 57 58 59 60 61 output 2 3 4 5 6 9 8 7 10 9 12 4 10 15
45 3 4 5 6 7 10 9 5 13 -1 8 11 12 14 15 16 17 18 19 20 21 22 23 24 25 26 27 28 29 30 31 32 33 34 35 36 37 38 39 40 41 42 43 44 46 47 48 49 50 51 52 53 54 55 56 57 58 59 60 61 output 2 3 4 5 6 4 8 7 10
20 3 4 5 6 7 5 9 10 11 5 21 12 13 -1 8 14 15 16 17 18 19 22 23 24 25 26 27 28 29 30 31 32 33 34 35 36 37 38 39 40 41 42 43 44 45 46 47 48 49 50 51 52 53 54 55 56 57 58 59 60 61 output 2 3 19 20 4 21 5 6 4 8 9 10 4 12 13 14
14 3 4 16 17 5 18 6 7 8 9 10 11 8 9 5 13 -1 12 15 19 20 21 22 23 24 25 26 27 28 29 30 31 32 33 34 35 36 37 38 39 40 41 42 43 44 45 46 47 48 49 50 51 52 53 54 55 56 57 58 59 60 61 output 2 3 6 8 9 10 11 12 13 10 19 6 13 17
46 3 4 16 17 5 18 6 7 5 9 10 11 13 -1 8 12 14 15 19 20 21 22 23 24 25 26 27 28 29 30 31 32 33 34 35 36 37 38 39 40 41 42 43 44 45 47 48 49 50 51 52 53 54 55 56 57 58 59 60 61 output 2 3 4 5 6 7 8 9 12 11 6 13 14
20 3 4 5 6 7 5 9 10 11 5 21 12 13 -1 8 14 15 16 17 18 19 22 23 24 25 26 27 28 29 30 31 32 33 34 35 36 37 38 39 40 41 42 43 44 45 46 47 48 49 50 51 52 53 54 55 56 57 58 59 60 61 output 2 3 19 20 4 21 5 6 4 8 9 10 4 12 13 14
29 3 4 5 6 7 10 9 5 13 -1 8 11 12 14 15 16 17 18 19 20 21 22 23 24 25 26 27 28 30 31 32 33 34 35 36 37 38 39 40 41 42 43 44 45 46 47 48 49 50 51 52 53 54 55 56 57 58 59 60 61 output 2 3 17 18 4 19 5 6 7 8 4 13 10
20 3 4 16 17 5 18 6 7 8 9 10 11 8 12 5 11 13 -1 14 15 19 21 22 23 24 25 26 27 28 29 30 31 32 33 34 35 36 37 38 39 40 41 42 43 44 45 46 47 48 49 50 51 52 53 54 55 56 57 58 59 60 61 output 2 3 4 5 6 7 8 9 12 11 10 13 10 15 6 13 18
14 3 4 5 6 7 8 9 10 11 5 12 8 11 5 21 25 13 -1 15 16 17 18 19 20 22 23 24 26 27 28 29 30 31 32 33 34 35 36 37 38 39 40 41 42 43 44 45 46 47 48 49 50 51 52 53 54 55 56 57 58 59 60 61 output 2 3 4 5 6 7 8 9 10 7 12 4 10 7 16 17 18
29 3 4 5 6 7 5 9 10 11 5 12 21 11 13 -1 8 14 15 16 17 18 19 20 22 23 24 25 26 27 28 30 31 32 33 34 35 36 37 38 39 40 41 42 43 44 45 46 47 48 49 50 51 52 53 54 55 56 57 58 59 60 61 output 2 3 20 21 4 22 5 6 4 8 9 10 4 12 13 15
14 3 4 5 6 7 8 9 10 11 8 12 5 11 8 21 25 13 -1 15 16 17 18 19 20 22 23 24 26 27 28 29 30 31 32 33 34 35 36 37 38 39 40 41 42 43 44 45 46 47 48 49 50 51 52 53 54 55 56 57 58 59 60 61 output 2 3 4 5 6 9 8 7 10 7 12 4 10 7 16 17 18
15 3 4 16 17 5 18 6 7 8 9 10 11 5 12 8 11 5 21 25 13 -1 14 19 20 22 23 24 26 27 28 29 30 31 32 33 34 35 36 37 38 39 40 41 42 43 44 45 46 47 48 49 50 51 52 53 54 55 56 57 58 59 60 61 output 2 3 6 8 9 10 11 12 13 10 15 6 13 10 19 20 21
29 3 4 5 6 7 5 9 10 11 5 21 12 13 -1 8 14 15 16 17 18 19 20 22 23 24 25 26 27 28 30 31 32 33 34 35 36 37 38 39 40 41 42 43 44 45 46 47 48 49 50 51 52 53 54 55 56 57 58 59 60 61 output 2 3 19 20 4 21 5 6 4 8 9 10 4 12 13 14
20 3 4 5 6 7 8 9 10 11 8 12 5 11 8 21 25 13 -1 14 15 16 17 18 19 22 23 24 26 27 28 29 30 31 32 33 34 35 36 37 38 39 40 41 42 43 44 45 46 47 48 49 50 51 52 53 54 55 56 57 58 59 60 61 output 2 3 22 23 4 24 5 6 7 8 9 10 7 12 4 10 4 16 17 18
47 3 4 16 17 5 18 6 7 8 9 10 11 8 12 5 11 5 21 25 13 -1 14 15 19 20 22 23 24 26 27 28 29 30 31 32 33 34 35 36 37 38 39 40 41 42 43 44 45 46 48 49 50 51 52 53 54 55 56 57 58 59 60 61 output 2 3 4 5 6 7 8 9 10 11 12 13 6 15 10 13 6 19 20 21
29 3 4 16 17 5 18 6 7 5 9 10 11 13 -1 8 12 14 15 19 20 21 22 23 24 25 26 27 28 30 31 32 33 34 35 36 37 38 39 40 41 42 43 44 45 46 47 48 49 50 51 52 53 54 55 56 57 58 59 60 61 output 2 3 4 5 6 7 8 9 12 11 6 13 14
20 3 4 5 6 7 8 9 10 11 8 12 5 11 8 21 25 13 -1 14 15 16 17 18 19 22 23 24 26 27 28 29 30 31 32 33 34 35 36 37 38 39 40 41 42 43 44 45 46 47 48 49 50 51 52 53 54 55 56 57 58 59 60 61 output 2 3 22 23 4 24 5 6 7 8 9 10 4 12 7 10 4 16 17 18
20 3 4 5 6 7 5 9 10 13 -1 8 11 12 14 15 16 17 18 19 21 22 23 24 25 26 27 28 29 30 31 32 33 34 35 36 37 38 39 40 41 42 43 44 45 46 47 48 49 50 51 52 53 54 55 56 57 58 59 60 61 output 2 3 17 18 4 19 5 6 4 8 9 13 10
22 3 4 5 6 7 8 9 10 11 8 12 5 11 13 -1 14 15 16 17 18 19 20 21 23 24 25 26 27 28 29 30 31 32 33 34 35 36 37 38 39 40 41 42 43 44 45 46 47 48 49 50 51 52 53 54 55 56 57 58 59 60 61 output 2 3 4 5 6 7 8 9 10 4 12 7 10 15
20 3 4 5 6 7 5 9 10 11 5 21 12 13 -1 8 14 15 16 17 18 19 22 23 24 25 26 27 28 29 30 31 32 33 34 35 36 37 38 39 40 41 42 43 44 45 46 47 48 49 50 51 52 53 54 55 56 57 58 59 60 61 output 2 3 19 20 4 21 5 6 4 8 9 10 4 12 13 14
39 3 4 5 6 7 5 9 10 11 5 21 12 13 -1 8 14 15 16 17 18 19 20 22 23 24 25 26 27 28 29 30 31 32 33 34 35 36 37 38 40 41 42 43 44 45 46 47 48 49 50 51 52 53 54 55 56 57 58 59 60 61 output 2 3 19 20 4 21 5 6 4 8 9 10 4 12 13 14
19 3 4 16 17 5 18 6 7 8 9 10 11 5 12 8 11 5 21 25 13 -1 14 15 20 22 23 24 26 27 28 29 30 31 32 33 34 35 36 37 38 39 40 41 42 43 44 45 46 47 48 49 50 51 52 53 54 55 56 57 58 59 60 61 output 2 3 6 8 9 10 11 12 13 10 15 6 13 10 19 20 21
48 3 4 5 6 7 10 9 5 13 -1 8 11 12 14 15 16 17 18 19 20 21 22 23 24 25 26 27 28 29 30 31 32 33 34 35 36 37 38 39 40 41 42 43 44 45 46 47 49 50 51 52 53 54 55 56 57 58 59 60 61 output 2 3 4 5 6 4 8 7 10
19 3 4 5 6 7 8 9 10 11 8 12 5 11 13 -1 14 15 16 17 18 20 21 22 23 24 25 26 27 28 29 30 31 32 33 34 35 36 37 38 39 40 41 42 43 44 45 46 47 48 49 50 51 52 53 54 55 56 57 58 59 60 61 output 2 3 19 20 4 21 5 6 7 8 9 10 7 8 4 15
29 3 4 5 6 7 8 9 10 11 8 12 5 11 13 -1 14 15 16 17 18 19 20 21 22 23 24 25 26 27 28 30 31 32 33 34 35 36 37 38 39 40 41 42 43 44 45 46 47 48 49 50 51 52 53 54 55 56 57 58 59 60 61 output 2 3 19 20 4 21 5 6 7 8 9 10 7 8 4 15
20 3 4 5 6 7 5 9 10 13 -1 8 11 12 14 15 16 17 18 19 21 22 23 24 25 26 27 28 29 30 31 32 33 34 35 36 37 38 39 40 41 42 43 44 45 46 47 48 49 50 51 52 53 54 55 56 57 58 59 60 61 output 2 3 17 18 4 19 5 6 4 8 9 13 10
29 3 4 5 6 7 8 9 10 11 8 12 5 11 13 -1 14 15 16 17 18 19 20 21 22 23 24 25 26 27 28 30 31 32 33 34 35 36 37 38 39 40 41 42 43 44 45 46 47 48 49 50 51 52 53 54 55 56 57 58 59 60 61 output 2 3 19 20 4 21 5 6 7 8 9 10 7 12 4 10 15
49 3 4 5 6 7 10 9 5 13 -1 8 11 12 14 15 16 17 18 19 20 21 22 23 24 25 26 27 28 29 30 31 32 33 34 35 36 37 38 39 40 41 42 43 44 45 46 47 48 50 51 52 53 54 55 56 57 58 59 60 61 output 2 3 4 5 6 4 8 7 10
39 3 4 5 6 7 5 9 10 11 5 21 12 13 -1 8 14 15 16 17 18 19 20 22 23 24 25 26 27 28 29 30 31 32 33 34 35 36 37 38 40 41 42 43 44 45 46 47 48 49 50 51 52 53 54 55 56 57 58 59 60 61 output 2 3 19 20 4 21 5 6 4 8 9 10 4 12 13 14
29 3 4 5 6 7 8 9 10 11 8 12 5 11 8 21 25 13 -1 14 15 16 17 18 19 20 22 23 24 26 27 28 30 31 32 33 34 35 36 37 38 39 40 41 42 43 44 45 46 47 48 49 50 51 52 53 54 55 56 57 58 59 60 61 output 2 3 22 23 4 24 5 6 7 8 9 10 4 12 7 10 4 16 17 18
23 3 4 5 6 7 10 9 8 11 8 12 5 11 13 -1 14 15 16 17 18 19 20 21 22 24 25 26 27 28 29 30 31 32 33 34 35 36 37 38 39 40 41 42 43 44 45 46 47 48 49 50 51 52 53 54 55 56 57 58 59 60 61 output 2 3 4 5 6 9 8 7 10 9 12 4 10 15
20 3 4 5 6 7 8 9 10 11 5 12 8 11 5 21 25 13 -1 14 15 16 17 18 19 22 23 24 26 27 28 29 30 31 32 33 34 35 36 37 38 39 40 41 42 43 44 45 46 47 48 49 50 51 52 53 54 55 56 57 58 59 60 61 output 2 3 22 23 4 24 5 6 7 8 9 10 4 12 7 10 4 16 17 18
20 3 4 5 6 7 5 9 10 13 -1 8 11 12 14 15 16 17 18 19 21 22 23 24 25 26 27 28 29 30 31 32 33 34 35 36 37 38 39 40 41 42 43 44 45 46 47 48 49 50 51 52 53 54 55 56 57 58 59 60 61 output 2 3 17 18 4 19 5 6 4 8 9 13 10
20 3 4 16 17 5 18 6 7 8 9 10 11 8 12 5 11 13 -1 14 15 19 21 22 23 24 25 26 27 28 29 30 31 32 33 34 35 36 37 38 39 40 41 42 43 44 45 46 47 48 49 50 51 52 53 54 55 56 57 58 59 60 61 output 2 3 4 5 6 7 8 9 12 11 10 13 10 15 6 13 18
15 3 4 5 6 7 8 9 10 11 8 9 5 11 8 21 25 13 -1 12 14 16 17 18 19 20 22 23 24 26 27 28 29 30 31 32 33 34 35 36 37 38 39 40 41 42 43 44 45 46 47 48 49 50 51 52 53 54 55 56 57 58 59 60 61 output 2 3 4 5 6 7 8 9 10 7 20 4 10 7 16 17 18
35 3 4 5 6 7 10 9 5 13 -1 8 11 12 14 15 16 17 18 19 20 21 22 23 24 25 26 27 28 29 30 31 32 33 34 36 37 38 39 40 41 42 43 44 45 46 47 48 49 50 51 52 53 54 55 56 57 58 59 60 61 output 2 3 4 5 6 4 8 7 10
43 3 4 16 17 5 18 6 7 5 9 10 11 13 -1 8 12 14 15 19 20 21 22 23 24 25 26 27 28 29 30 31 32 33 34 35 36 37 38 39 40 41 42 44 45 46 47 48 49 50 51 52 53 54 55 56 57 58 59 60 61 output 2 3 6 8 9 6 11 12 13 14
20 3 4 5 6 7 8 9 10 11 8 12 5 11 8 21 25 13 -1 14 15 16 17 18 19 22 23 24 26 27 28 29 30 31 32 33 34 35 36 37 38 39 40 41 42 43 44 45 46 47 48 49 50 51 52 53 54 55 56 57 58 59 60 61 output 2 3 22 23 4 24 5 6 7 8 9 10 4 12 7 10 4 16 17 18
14 3 4 5 6 7 8 9 10 11 8 12 5 11 13 -1 15 16 17 18 19 20 21 22 23 24 25 26 27 28 29 30 31 32 33 34 35 36 37 38 39 40 41 42 43 44 45 46 47 48 49 50 51 52 53 54 55 56 57 58 59 60 61 output 2 3 18 19 4 20 5 6 7 8 9 10 7 8 4 15
14 3 4 5 6 7 10 9 8 11 8 12 5 11 13 -1 15 16 17 18 19 20 21 22 23 24 25 26 27 28 29 30 31 32 33 34 35 36 37 38 39 40 41 42 43 44 45 46 47 48 49 50 51 52 53 54 55 56 57 58 59 60 61 output 2 3 4 5 6 9 8 7 10 9 12 4 10 15
28 3 4 5 6 7 10 9 5 13 -1 8 11 12 14 15 16 17 18 19 20 21 22 23 24 25 26 27 29 30 31 32 33 34 35 36 37 38 39 40 41 42 43 44 45 46 47 48 49 50 51 52 53 54 55 56 57 58 59 60 61 output 2 3 17 18 4 19 5 6 7 8 4 13 10
26 3 4 5 6 7 8 9 10 11 8 12 5 11 8 21 25 13 -1 14 15 16 17 18 19 20 22 23 24 27 28 29 30 31 32 33 34 35 36 37 38 39 40 41 42 43 44 45 46 47 48 49 50 51 52 53 54 55 56 57 58 59 60 61 output 2 3 4 5 6 7 8 9 10 4 12 7 10 4 16 17 18
20 3 4 5 6 7 8 9 10 11 8 12 5 11 13 -1 14 15 16 17 18 19 21 22 23 24 25 26 27 28 29 30 31 32 33 34 35 36 37 38 39 40 41 42 43 44 45 46 47 48 49 50 51 52 53 54 55 56 57 58 59 60 61 output 2 3 19 20 4 21 5 6 7 8 9 10 7 8 4 15
14 3 4 16 17 5 18 6 7 8 9 10 11 8 12 5 11 13 -1 15 19 20 21 22 23 24 25 26 27 28 29 30 31 32 33 34 35 36 37 38 39 40 41 42 43 44 45 46 47 48 49 50 51 52 53 54 55 56 57 58 59 60 61 output 2 3 6 8 9 10 11 12 13 10 15 6 13 18
29 3 4 5 6 7 8 9 10 11 8 12 5 11 13 -1 14 15 16 17 18 19 20 21 22 23 24 25 26 27 28 30 31 32 33 34 35 36 37 38 39 40 41 42 43 44 45 46 47 48 49 50 51 52 53 54 55 56 57 58 59 60 61 output 2 3 19 20 4 21 5 6 7 8 9 10 4 12 7 10 15
15 3 4 16 17 5 18 6 7 5 9 10 11 13 -1 8 12 14 19 20 21 22 23 24 25 26 27 28 29 30 31 32 33 34 35 36 37 38 39 40 41 42 43 44 45 46 47 48 49 50 51 52 53 54 55 56 57 58 59 60 61 output 2 3 6 8 9 6 11 12 13 14
39 3 4 5 6 7 8 9 10 11 8 12 5 11 13 -1 14 15 16 17 18 19 20 21 22 23 24 25 26 27 28 29 30 31 32 33 34 35 36 37 38 40 41 42 43 44 45 46 47 48 49 50 51 52 53 54 55 56 57 58 59 60 61 output 2 3 19 20 4 21 5 6 7 8 9 10 7 12 4 10 15
20 3 4 5 6 7 5 9 10 11 5 21 12 13 -1 8 14 15 16 17 18 19 22 23 24 25 26 27 28 29 30 31 32 33 34 35 36 37 38 39 40 41 42 43 44 45 46 47 48 49 50 51 52 53 54 55 56 57 58 59 60 61 output 2 3 19 20 4 21 5 6 4 8 9 10 4 12 13 14
26 3 4 16 17 5 18 6 7 5 9 10 11 5 21 12 13 -1 8 14 15 19 20 22 23 24 25 27 28 29 30 31 32 33 34 35 36 37 38 39 40 41 42 43 44 45 46 47 48 49 50 51 52 53 54 55 56 57 58 59 60 61 output 2 3 6 8 9 6 11 12 13 6 15 16 17
43 3 4 5 6 7 10 9 5 13 -1 8 11 12 14 15 16 17 18 19 20 21 22 23 24 25 26 27 28 29 30 31 32 33 34 35 36 37 38 39 40 41 42 44 45 46 47 48 49 50 51 52 53 54 55 56 57 58 59 60 61 output 2 3 4 5 6 4 8 7 13 10
14 3 4 5 6 7 8 9 10 11 8 12 5 11 13 -1 15 16 17 18 19 20 21 22 23 24 25 26 27 28 29 30 31 32 33 34 35 36 37 38 39 40 41 42 43 44 45 46 47 48 49 50 51 52 53 54 55 56 57 58 59 60 61 output 2 3 4 5 6 9 8 7 10 7 12 4 10 15
20 3 4 5 6 7 8 9 10 11 8 12 5 11 13 -1 14 15 16 17 18 19 21 22 23 24 25 26 27 28 29 30 31 32 33 34 35 36 37 38 39 40 41 42 43 44 45 46 47 48 49 50 51 52 53 54 55 56 57 58 59 60 61 output 2 3 19 20 4 21 5 6 7 8 9 10 7 12 4 10 15
42 3 4 5 6 7 10 9 5 11 21 9 5 11 13 -1 8 12 14 15 16 17 18 19 20 22 23 24 25 26 27 28 29 30 31 32 33 34 35 36 37 38 39 40 41 43 44 45 46 47 48 49 50 51 52 53 54 55 56 57 58 59 60 61 output 2 3 4 5 6 4 8 7 10 4 8 11 10 15
14 3 4 5 6 7 10 9 5 11 21 9 5 11 13 -1 8 12 15 16 17 18 19 20 22 23 24 25 26 27 28 29 30 31 32 33 34 35 36 37 38 39 40 41 42 43 44 45 46 47 48 49 50 51 52 53 54 55 56 57 58 59 60 61 output 2 3 4 5 6 7 8 4 10 11 18 4 15
20 3 4 5 6 7 10 9 5 13 -1 8 11 12 14 15 16 17 18 19 21 22 23 24 25 26 27 28 29 30 31 32 33 34 35 36 37 38 39 40 41 42 43 44 45 46 47 48 49 50 51 52 53 54 55 56 57 58 59 60 61 output 2 3 17 18 4 19 5 6 7 8 4 13 10
19 3 4 16 17 5 18 6 7 8 9 10 11 5 12 8 11 13 -1 14 15 20 21 22 23 24 25 26 27 28 29 30 31 32 33 34 35 36 37 38 39 40 41 42 43 44 45 46 47 48 49 50 51 52 53 54 55 56 57 58 59 60 61 output 2 3 6 8 9 10 11 12 13 6 15 10 13 18
14 3 4 5 6 7 10 9 8 11 8 12 5 11 13 -1 15 16 17 18 19 20 21 22 23 24 25 26 27 28 29 30 31 32 33 34 35 36 37 38 39 40 41 42 43 44 45 46 47 48 49 50 51 52 53 54 55 56 57 58 59 60 61 output 2 3 18 19 4 20 5 6 9 8 7 10 9 8 4 15
20 3 4 5 6 7 8 9 10 11 8 12 5 11 8 21 25 13 -1 14 15 16 17 18 19 22 23 24 26 27 28 29 30 31 32 33 34 35 36 37 38 39 40 41 42 43 44 45 46 47 48 49 50 51 52 53 54 55 56 57 58 59 60 61 output 2 3 22 23 4 24 5 6 7 8 9 10 4 12 7 10 4 16 17 18
29 3 4 5 6 7 10 9 5 13 -1 8 11 12 14 15 16 17 18 19 20 21 22 23 24 25 26 27 28 30 31 32 33 34 35 36 37 38 39 40 41 42 43 44 45 46 47 48 49 50 51 52 53 54 55 56 57 58 59 60 61 output 2 3 17 18 4 19 5 6 4 8 7 13 10
29 3 4 5 6 7 8 9 10 11 8 12 5 11 13 -1 14 15 16 17 18 19 20 21 22 23 24 25 26 27 28 30 31 32 33 34 35 36 37 38 39 40 41 42 43 44 45 46 47 48 49 50 51 52 53 54 55 56 57 58 59 60 61 output 2 3 19 20 4 21 5 6 7 8 9 10 7 12 4 10 15
50 3 4 5 6 7 8 9 10 11 8 12 5 11 13 -1 14 15 16 17 18 19 20 21 22 23 24 25 26 27 28 29 30 31 32 33 34 35 36 37 38 39 40 41 42 43 44 45 46 47 48 49 51 52 53 54 55 56 57 58 59 60 61 output 2 3 19 20 4 21 5 6 7 8 9 10 7 12 4 10 15
29 3 4 5 6 7 8 9 10 11 8 12 5 11 8 21 25 13 -1 14 15 16 17 18 19 20 22 23 24 26 27 28 30 31 32 33 34 35 36 37 38 39 40 41 42 43 44 45 46 47 48 49 50 51 52 53 54 55 56 57 58 59 60 61 output 2 3 22 23 4 24 5 6 7 8 9 10 7 12 4 10 4 16 17 18
39 3 4 5 6 7 8 9 10 11 5 12 8 11 13 -1 14 15 16 17 18 19 20 21 22 23 24 25 26 27 28 29 30 31 32 33 34 35 36 37 38 40 41 42 43 44 45 46 47 48 49 50 51 52 53 54 55 56 57 58 59 60 61 output 2 3 19 20 4 21 5 6 7 8 9 10 4 12 7 10 15
15 3 4 5 6 7 8 9 10 11 8 9 5 11 8 21 25 13 -1 12 14 16 17 18 19 20 22 23 24 26 27 28 29 30 31 32 33 34 35 36 37 38 39 40 41 42 43 44 45 46 47 48 49 50 51 52 53 54 55 56 57 58 59 60 61 output 2 3 4 5 6 7 8 9 10 7 20 4 10 7 16 17 18
42 3 4 5 6 7 10 9 5 11 21 12 5 13 -1 8 14 15 16 17 18 19 20 22 23 24 25 26 27 28 29 30 31 32 33 34 35 36 37 38 39 40 41 43 44 45 46 47 48 49 50 51 52 53 54 55 56 57 58 59 60 61 output 2 3 4 5 6 4 8 7 10 4 8 11 10 14
15 3 4 5 6 7 10 9 5 13 -1 8 11 12 14 16 17 18 19 20 21 22 23 24 25 26 27 28 29 30 31 32 33 34 35 36 37 38 39 40 41 42 43 44 45 46 47 48 49 50 51 52 53 54 55 56 57 58 59 60 61 output 2 3 4 5 6 4 8 7 13 10
39 3 4 16 17 5 18 6 7 8 9 10 11 8 12 5 11 13 -1 14 15 19 20 21 22 23 24 25 26 27 28 29 30 31 32 33 34 35 36 37 38 40 41 42 43 44 45 46 47 48 49 50 51 52 53 54 55 56 57 58 59 60 61 output 2 3 6 8 9 10 11 12 13 10 15 6 13 18
14 3 4 5 6 7 8 9 10 11 8 12 5 11 13 -1 15 16 17 18 19 20 21 22 23 24 25 26 27 28 29 30 31 32 33 34 35 36 37 38 39 40 41 42 43 44 45 46 47 48 49 50 51 52 53 54 55 56 57 58 59 60 61 output 2 3 4 5 6 9 8 7 10 7 12 4 10 15
20 3 4 5 6 7 8 9 10 11 8 12 5 11 8 21 25 13 -1 14 15 16 17 18 19 22 23 24 26 27 28 29 30 31 32 33 34 35 36 37 38 39 40 41 42 43 44 45 46 47 48 49 50 51 52 53 54 55 56 57 58 59 60 61 output 2 3 22 23 4 24 5 6 7 8 9 10 7 12 4 10 4 16 17 18
22 3 4 5 6 7 10 9 5 13 -1 8 11 12 14 15 16 17 18 19 20 21 23 24 25 26 27 28 29 30 31 32 33 34 35 36 37 38 39 40 41 42 43 44 45 46 47 48 49 50 51 52 53 54 55 56 57 58 59 60 61 output 2 3 4 5 6 4 8 7 10
38 3 4 5 6 7 8 9 10 11 8 12 5 11 13 -1 14 15 16 17 18 19 20 21 22 23 24 25 26 27 28 29 30 31 32 33 34 35 36 37 39 40 41 42 43 44 45 46 47 48 49 50 51 52 53 54 55 56 57 58 59 60 61 output 2 3 19 20 4 21 5 6 7 8 9 10 7 12 4 10 15
20 3 4 5 6 7 8 9 10 11 8 12 5 11 13 -1 14 15 16 17 18 19 21 22 23 24 25 26 27 28 29 30 31 32 33 34 35 36 37 38 39 40 41 42 43 44 45 46 47 48 49 50 51 52 53 54 55 56 57 58 59 60 61 output 2 3 19 20 4 21 5 6 7 8 9 10 7 12 4 10 15
29 3 4 16 17 5 18 6 7 8 9 10 11 8 9 5 13 -1 12 14 15 19 20 21 22 23 24 25 26 27 28 30 31 32 33 34 35 36 37 38 39 40 41 42 43 44 45 46 47 48 49 50 51 52 53 54 55 56 57 58 59 60 61 output 2 3 4 5 6 7 8 9 10 11 12 13 10 19 6 17
22 3 4 5 6 7 8 9 10 11 8 12 5 11 13 -1 14 15 16 17 18 19 20 21 23 24 25 26 27 28 29 30 31 32 33 34 35 36 37 38 39 40 41 42 43 44 45 46 47 48 49 50 51 52 53 54 55 56 57 58 59 60 61 output 2 3 4 5 6 7 8 9 10 4 12 7 10 15
22 3 4 5 6 7 10 9 8 11 8 12 5 11 13 -1 14 15 16 17 18 19 20 21 23 24 25 26 27 28 29 30 31 32 33 34 35 36 37 38 39 40 41 42 43 44 45 46 47 48 49 50 51 52 53 54 55 56 57 58 59 60 61 output 2 3 4 5 6 9 8 7 10 4 12 9 10 15
29 3 4 5 6 7 8 9 10 11 5 12 8 11 13 -1 14 15 16 17 18 19 20 21 22 23 24 25 26 27 28 30 31 32 33 34 35 36 37 38 39 40 41 42 43 44 45 46 47 48 49 50 51 52 53 54 55 56 57 58 59 60 61 output 2 3 19 20 4 21 5 6 7 8 9 10 4 12 7 10 15
20 3 4 5 6 7 10 9 8 11 8 12 5 11 8 21 25 13 -1 14 15 16 17 18 19 22 23 24 26 27 28 29 30 31 32 33 34 35 36 37 38 39 40 41 42 43 44 45 46 47 48 49 50 51 52 53 54 55 56 57 58 59 60 61 output 2 3 22 23 4 24 5 6 7 8 9 10 9 12 4 10 9 16 17 18
28 3 4 5 6 7 8 9 10 11 8 12 5 11 13 -1 14 15 16 17 18 19 20 21 22 23 24 25 26 27 29 30 31 32 33 34 35 36 37 38 39 40 41 42 43 44 45 46 47 48 49 50 51 52 53 54 55 56 57 58 59 60 61 output 2 3 19 20 4 21 5 6 7 8 9 10 7 12 4 10 15
20 3 4 5 6 7 10 9 5 13 -1 8 11 12 14 15 16 17 18 19 21 22 23 24 25 26 27 28 29 30 31 32 33 34 35 36 37 38 39 40 41 42 43 44 45 46 47 48 49 50 51 52 53 54 55 56 57 58 59 60 61 output 2 3 17 18 4 19 5 6 7 8 4 13 10
20 3 4 5 6 7 5 9 10 11 5 12 21 11 13 -1 8 14 15 16 17 18 19 22 23 24 25 26 27 28 29 30 31 32 33 34 35 36 37 38 39 40 41 42 43 44 45 46 47 48 49 50 51 52 53 54 55 56 57 58 59 60 61 output 2 3 20 21 4 22 5 6 4 8 9 10 4 12 13 15
20 3 4 5 6 7 8 9 10 11 8 12 5 11 13 -1 14 15 16 17 18 19 21 22 23 24 25 26 27 28 29 30 31 32 33 34 35 36 37 38 39 40 41 42 43 44 45 46 47 48 49 50 51 52 53 54 55 56 57 58 59 60 61 output 2 3 19 20 4 21 5 6 7 8 9 10 7 12 4 10 15
29 3 4 5 6 7 8 9 10 11 8 12 5 11 8 21 25 13 -1 14 15 16 17 18 19 20 22 23 24 26 27 28 30 31 32 33 34 35 36 37 38 39 40 41 42 43 44 45 46 47 48 49 50 51 52 53 54 55 56 57 58 59 60 61 output 2 3 22 23 4 24 5 6 7 8 9 10 4 12 7 10 4 16 17 18
20 3 4 5 6 7 5 9 10 11 5 9 21 11 13 -1 8 12 14 15 16 17 18 19 22 23 24 25 26 27 28 29 30 31 32 33 34 35 36 37 38 39 40 41 42 43 44 45 46 47 48 49 50 51 52 53 54 55 56 57 58 59 60 61 output 2 3 21 22 4 23 5 6 4 8 9 10 4 8 13 15
14 3 4 5 6 7 8 9 10 11 5 12 8 11 5 21 25 13 -1 15 16 17 18 19 20 22 23 24 26 27 28 29 30 31 32 33 34 35 36 37 38 39 40 41 42 43 44 45 46 47 48 49 50 51 52 53 54 55 56 57 58 59 60 61 output 2 3 21 22 4 23 5 6 7 8 9 10 4 12 7 10 4 16 17 18
14 3 4 5 6 7 8 9 10 11 5 12 8 11 5 21 25 13 -1 15 16 17 18 19 20 22 23 24 26 27 28 29 30 31 32 33 34 35 36 37 38 39 40 41 42 43 44 45 46 47 48 49 50 51 52 53 54 55 56 57 58 59 60 61 output 2 3 4 5 6 7 8 9 10 7 12 4 10 7 16 17 18
20 3 4 5 6 7 5 9 10 11 5 21 12 13 -1 8 14 15 16 17 18 19 22 23 24 25 26 27 28 29 30 31 32 33 34 35 36 37 38 39 40 41 42 43 44 45 46 47 48 49 50 51 52 53 54 55 56 57 58 59 60 61 output 2 3 19 20 4 21 5 6 4 8 9 10 4 12 13 14
20 3 4 5 6 7 8 9 10 11 8 12 5 11 8 21 25 13 -1 14 15 16 17 18 19 22 23 24 26 27 28 29 30 31 32 33 34 35 36 37 38 39 40 41 42 43 44 45 46 47 48 49 50 51 52 53 54 55 56 57 58 59 60 61 output 2 3 22 23 4 24 5 6 7 8 9 10 7 12 4 10 4 16 17 18
23 3 4 5 6 7 10 9 8 11 8 12 5 11 13 -1 14 15 16 17 18 19 20 21 22 24 25 26 27 28 29 30 31 32 33 34 35 36 37 38 39 40 41 42 43 44 45 46 47 48 49 50 51 52 53 54 55 56 57 58 59 60 61 output 2 3 4 5 6 9 8 7 10 9 12 4 10 15
39 3 4 5 6 7 8 9 10 11 8 12 5 11 13 -1 14 15 16 17 18 19 20 21 22 23 24 25 26 27 28 29 30 31 32 33 34 35 36 37 38 40 41 42 43 44 45 46 47 48 49 50 51 52 53 54 55 56 57 58 59 60 61 output 2 3 19 20 4 21 5 6 7 8 9 10 7 8 4 15
14 3 4 5 6 7 10 9 8 11 8 12 5 11 13 -1 15 16 17 18 19 20 21 22 23 24 25 26 27 28 29 30 31 32 33 34 35 36 37 38 39 40 41 42 43 44 45 46 47 48 49 50 51 52 53 54 55 56 57 58 59 60 61 output 2 3 4 5 6 9 8 7 10 4 12 9 10 15
51 3 4 5 6 7 8 9 10 11 8 12 5 11 8 21 25 13 -1 14 15 16 17 18 19 20 22 23 24 26 27 28 29 30 31 32 33 34 35 36 37 38 39 40 41 42 43 44 45 46 47 48 49 50 52 53 54 55 56 57 58 59 60 61 output 2 3 22 23 4 24 5 6 7 8 9 10 7 12 4 10 4 16 17 18
20 3 4 5 6 7 5 9 10 11 5 21 12 13 -1 8 14 15 16 17 18 19 22 23 24 25 26 27 28 29 30 31 32 33 34 35 36 37 38 39 40 41 42 43 44 45 46 47 48 49 50 51 52 53 54 55 56 57 58 59 60 61 output 2 3 19 20 4 21 5 6 4 8 9 10 4 12 13 14
20 3 4 5 6 7 8 9 10 11 5 12 8 11 5 21 25 13 -1 14 15 16 17 18 19 22 23 24 26 27 28 29 30 31 32 33 34 35 36 37 38 39 40 41 42 43 44 45 46 47 48 49 50 51 52 53 54 55 56 57 58 59 60 61 output 2 3 22 23 4 24 5 6 7 8 9 10 4 12 7 10 4 16 17 18
14 3 4 5 6 7 8 9 10 11 8 12 5 11 8 21 25 13 -1 15 16 17 18 19 20 22 23 24 26 27 28 29 30 31 32 33 34 35 36 37 38 39 40 41 42 43 44 45 46 47 48 49 50 51 52 53 54 55 56 57 58 59 60 61 output 2 3 4 5 6 7 8 9 10 4 12 7 10 4 16 17 18
28 3 4 5 6 7 8 9 10 11 8 12 5 11 8 21 25 13 -1 14 15 16 17 18 19 20 22 23 24 26 27 29 30 31 32 33 34 35 36 37 38 39 40 41 42 43 44 45 46 47 48 49 50 51 52 53 54 55 56 57 58 59 60 61 output 2 3 4 5 6 9 8 7 10 7 12 4 10 7 16 17 18
22 3 4 5 6 7 8 9 10 11 8 12 5 11 8 21 25 13 -1 14 15 16 17 18 19 20 23 24 26 27 28 29 30 31 32 33 34 35 36 37 38 39 40 41 42 43 44 45 46 47 48 49 50 51 52 53 54 55 56 57 58 59 60 61 output 2 3 4 5 6 7 8 9 10 4 12 7 10 4 16 17 18
15 3 4 5 6 7 10 9 5 13 -1 8 11 12 14 16 17 18 19 20 21 22 23 24 25 26 27 28 29 30 31 32 33 34 35 36 37 38 39 40 41 42 43 44 45 46 47 48 49 50 51 52 53 54 55 56 57 58 59 60 61 output 2 3 4 5 6 4 8 7 13 10
20 3 4 5 6 7 10 9 5 13 -1 8 11 12 14 15 16 17 18 19 21 22 23 24 25 26 27 28 29 30 31 32 33 34 35 36 37 38 39 40 41 42 43 44 45 46 47 48 49 50 51 52 53 54 55 56 57 58 59 60 61 output 2 3 17 18 4 19 5 6 4 8 7 13 10
20 3 4 5 6 7 8 9 10 11 8 12 5 11 8 21 25 13 -1 14 15 16 17 18 19 22 23 24 26 27 28 29 30 31 32 33 34 35 36 37 38 39 40 41 42 43 44 45 46 47 48 49 50 51 52 53 54 55 56 57 58 59 60 61 output 2 3 22 23 4 24 5 6 7 8 9 10 4 12 7 10 4 16 17 18
52 3 4 5 6 7 5 9 10 13 -1 8 11 12 14 15 16 17 18 19 20 21 22 23 24 25 26 27 28 29 30 31 32 33 34 35 36 37 38 39 40 41 42 43 44 45 46 47 48 49 50 51 53 54 55 56 57 58 59 60 61 output 2 3 17 18 4 19 5 6 4 8 9 13 10
20 3 4 5 6 7 5 9 10 11 5 21 12 13 -1 8 14 15 16 17 18 19 22 23 24 25 26 27 28 29 30 31 32 33 34 35 36 37 38 39 40 41 42 43 44 45 46 47 48 49 50 51 52 53 54 55 56 57 58 59 60 61 output 2 3 19 20 4 21 5 6 4 8 9 10 4 12 13 14
28 3 4 5 6 7 8 9 10 11 8 12 5 11 8 21 25 13 -1 14 15 16 17 18 19 20 22 23 24 26 27 29 30 31 32 33 34 35 36 37 38 39 40 41 42 43 44 45 46 47 48 49 50 51 52 53 54 55 56 57 58 59 60 61 output 2 3 4 5 6 9 8 7 10 7 12 4 10 7 16 17 18
42 3 4 16 17 5 18 6 7 8 9 10 11 8 12 5 11 13 -1 14 15 19 20 21 22 23 24 25 26 27 28 29 30 31 32 33 34 35 36 37 38 39 40 41 43 44 45 46 47 48 49 50 51 52 53 54 55 56 57 58 59 60 61 output 2 3 6 8 9 10 11 12 13 6 15 10 13 18
15 3 4 5 6 7 10 9 5 13 -1 8 11 12 14 16 17 18 19 20 21 22 23 24 25 26 27 28 29 30 31 32 33 34 35 36 37 38 39 40 41 42 43 44 45 46 47 48 49 50 51 52 53 54 55 56 57 58 59 60 61 output 2 3 4 5 6 4 8 7 10
15 3 4 5 6 7 8 9 10 11 5 12 8 11 5 21 25 13 -1 14 16 17 18 19 20 22 23 24 26 27 28 29 30 31 32 33 34 35 36 37 38 39 40 41 42 43 44 45 46 47 48 49 50 51 52 53 54 55 56 57 58 59 60 61 output 2 3 4 5 6 7 8 9 10 7 12 4 10 7 16 17 18
39 3 4 5 6 7 8 9 10 11 8 12 5 11 8 21 25 13 -1 14 15 16 17 18 19 20 22 23 24 26 27 28 29 30 31 32 33 34 35 36 37 38 40 41 42 43 44 45 46 47 48 49 50 51 52 53 54 55 56 57 58 59 60 61 output 2 3 22 23 4 24 5 6 7 8 9 10 4 12 7 10 4 16 17 18
20 3 4 5 6 7 5 9 10 11 5 21 12 13 -1 8 14 15 16 17 18 19 22 23 24 25 26 27 28 29 30 31 32 33 34 35 36 37 38 39 40 41 42 43 44 45 46 47 48 49 50 51 52 53 54 55 56 57 58 59 60 61 output 2 3 19 20 4 21 5 6 4 8 9 10 4 12 13 14
35 3 4 5 6 7 10 9 5 13 -1 8 11 12 14 15 16 17 18 19 20 21 22 23 24 25 26 27 28 29 30 31 32 33 34 36 37 38 39 40 41 42 43 44 45 46 47 48 49 50 51 52 53 54 55 56 57 58 59 60 61 output 2 3 4 5 6 4 8 7 10
14 3 4 5 6 7 8 9 10 11 8 12 5 11 8 21 25 13 -1 15 16 17 18 19 20 22 23 24 26 27 28 29 30 31 32 33 34 35 36 37 38 39 40 41 42 43 44 45 46 47 48 49 50 51 52 53 54 55 56 57 58 59 60 61 output 2 3 4 5 6 9 8 7 10 7 12 4 10 7 16 17 18
39 3 4 5 6 7 8 9 10 11 8 12 5 11 8 21 25 13 -1 14 15 16 17 18 19 20 22 23 24 26 27 28 29 30 31 32 33 34 35 36 37 38 40 41 42 43 44 45 46 47 48 49 50 51 52 53 54 55 56 57 58 59 60 61 output 2 3 4 5 6 7 8 9 10 4 12 7 10 4 16 17 18
20 3 4 5 6 7 10 9 5 13 -1 8 11 12 14 15 16 17 18 19 21 22 23 24 25 26 27 28 29 30 31 32 33 34 35 36 37 38 39 40 41 42 43 44 45 46 47 48 49 50 51 52 53 54 55 56 57 58 59 60 61 output 2 3 17 18 4 19 5 6 7 8 4 13 10
29 3 4 5 6 7 5 9 10 11 5 21 12 13 -1 8 14 15 16 17 18 19 20 22 23 24 25 26 27 28 30 31 32 33 34 35 36 37 38 39 40 41 42 43 44 45 46 47 48 49 50 51 52 53 54 55 56 57 58 59 60 61 output 2 3 19 20 4 21 5 6 4 8 9 10 4 12 13 14
20 3 4 16 17 5 18 6 7 8 9 10 11 8 12 5 11 5 21 25 13 -1 14 15 19 22 23 24 26 27 28 29 30 31 32 33 34 35 36 37 38 39 40 41 42 43 44 45 46 47 48 49 50 51 52 53 54 55 56 57 58 59 60 61 output 2 3 4 5 6 7 8 9 12 11 10 13 10 15 6 13 10 19 20 21
15 3 4 5 6 7 8 9 10 11 8 12 5 11 8 21 25 13 -1 14 16 17 18 19 20 22 23 24 26 27 28 29 30 31 32 33 34 35 36 37 38 39 40 41 42 43 44 45 46 47 48 49 50 51 52 53 54 55 56 57 58 59 60 61 output 2 3 4 5 6 9 8 7 10 7 8 4 10 7 16 17 18
14 3 4 5 6 7 8 9 10 11 8 12 5 11 8 21 25 13 -1 15 16 17 18 19 20 22 23 24 26 27 28 29 30 31 32 33 34 35 36 37 38 39 40 41 42 43 44 45 46 47 48 49 50 51 52 53 54 55 56 57 58 59 60 61 output 2 3 4 5 6 9 8 7 10 7 12 4 10 7 16 17 18
20 3 4 5 6 7 8 9 10 11 5 12 8 11 13 -1 14 15 16 17 18 19 21 22 23 24 25 26 27 28 29 30 31 32 33 34 35 36 37 38 39 40 41 42 43 44 45 46 47 48 49 50 51 52 53 54 55 56 57 58 59 60 61 output 2 3 19 20 4 21 5 6 7 8 9 10 7 12 4 10 15
22 3 4 5 6 7 8 9 10 11 8 12 5 11 8 21 25 13 -1 14 15 16 17 18 19 20 23 24 26 27 28 29 30 31 32 33 34 35 36 37 38 39 40 41 42 43 44 45 46 47 48 49 50 51 52 53 54 55 56 57 58 59 60 61 output 2 3 4 5 6 9 8 7 10 7 12 4 10 7 16 17 18
19 3 4 16 17 5 18 6 7 8 9 10 11 8 12 5 11 13 -1 14 15 20 21 22 23 24 25 26 27 28 29 30 31 32 33 34 35 36 37 38 39 40 41 42 43 44 45 46 47 48 49 50 51 52 53 54 55 56 57 58 59 60 61 output 2 3 6 8 9 10 11 12 13 6 15 10 13 18
22 3 4 5 6 7 10 9 5 11 21 9 5 11 13 -1 8 12 14 15 16 17 18 19 20 23 24 25 26 27 28 29 30 31 32 33 34 35 36 37 38 39 40 41 42 43 44 45 46 47 48 49 50 51 52 53 54 55 56 57 58 59 60 61 output 2 3 4 5 6 4 8 7 10 4 18 11 10 15
22 3 4 5 6 7 10 9 5 13 -1 8 11 12 14 15 16 17 18 19 20 21 23 24 25 26 27 28 29 30 31 32 33 34 35 36 37 38 39 40 41 42 43 44 45 46 47 48 49 50 51 52 53 54 55 56 57 58 59 60 61 output 2 3 4 5 6 4 8 7 10
20 3 4 5 6 7 5 9 10 11 13 -1 8 12 14 15 16 17 18 19 21 22 23 24 25 26 27 28 29 30 31 32 33 34 35 36 37 38 39 40 41 42 43 44 45 46 47 48 49 50 51 52 53 54 55 56 57 58 59 60 61 output 2 3 17 18 4 19 5 6 4 8 9 10 11
19 3 4 16 17 5 18 6 7 8 9 10 11 8 12 5 11 13 -1 14 15 20 21 22 23 24 25 26 27 28 29 30 31 32 33 34 35 36 37 38 39 40 41 42 43 44 45 46 47 48 49 50 51 52 53 54 55 56 57 58 59 60 61 output 2 3 6 8 9 10 11 12 13 10 15 6 13 18
20 3 4 5 6 7 8 9 10 11 8 12 5 11 13 -1 14 15 16 17 18 19 21 22 23 24 25 26 27 28 29 30 31 32 33 34 35 36 37 38 39 40 41 42 43 44 45 46 47 48 49 50 51 52 53 54 55 56 57 58 59 60 61 output 2 3 19 20 4 21 5 6 7 8 9 10 7 12 4 10 15
19 3 4 5 6 7 8 9 10 11 5 12 8 11 5 21 25 13 -1 14 15 16 17 18 20 22 23 24 26 27 28 29 30 31 32 33 34 35 36 37 38 39 40 41 42 43 44 45 46 47 48 49 50 51 52 53 54 55 56 57 58 59 60 61 output 2 3 4 5 6 7 8 9 10 7 12 4 10 7 16 17 18
39 3 4 5 6 7 8 9 10 11 5 12 8 11 13 -1 14 15 16 17 18 19 20 21 22 23 24 25 26 27 28 29 30 31 32 33 34 35 36 37 38 40 41 42 43 44 45 46 47 48 49 50 51 52 53 54 55 56 57 58 59 60 61 output 2 3 19 20 4 21 5 6 7 8 9 10 4 12 7 10 15
14 3 4 5 6 7 10 9 5 13 -1 8 11 12 15 16 17 18 19 20 21 22 23 24 25 26 27 28 29 30 31 32 33 34 35 36 37 38 39 40 41 42 43 44 45 46 47 48 49 50 51 52 53 54 55 56 57 58 59 60 61 output 2 3 4 5 6 4 8 7 10
29 3 4 5 6 7 8 9 10 11 8 12 5 11 13 -1 14 15 16 17 18 19 20 21 22 23 24 25 26 27 28 30 31 32 33 34 35 36 37 38 39 40 41 42 43 44 45 46 47 48 49 50 51 52 53 54 55 56 57 58 59 60 61 output 2 3 19 20 4 21 5 6 7 8 9 10 7 12 4 10 15
22 3 4 5 6 7 10 9 8 11 8 12 5 11 13 -1 14 15 16 17 18 19 20 21 23 24 25 26 27 28 29 30 31 32 33 34 35 36 37 38 39 40 41 42 43 44 45 46 47 48 49 50 51 52 53 54 55 56 57 58 59 60 61 output 2 3 4 5 6 9 8 7 10 4 12 9 10 15
20 3 4 16 17 5 18 6 7 8 9 10 11 8 9 5 13 -1 12 14 15 19 21 22 23 24 25 26 27 28 29 30 31 32 33 34 35 36 37 38 39 40 41 42 43 44 45 46 47 48 49 50 51 52 53 54 55 56 57 58 59 60 61 output 2 3 4 5 6 7 8 9 10 11 12 13 10 19 6 13 17
20 3 4 5 6 7 8 9 10 11 8 12 5 11 8 21 25 13 -1 14 15 16 17 18 19 22 23 24 26 27 28 29 30 31 32 33 34 35 36 37 38 39 40 41 42 43 44 45 46 47 48 49 50 51 52 53 54 55 56 57 58 59 60 61 output 2 3 22 23 4 24 5 6 7 8 9 10 7 12 4 10 4 16 17 18
22 3 4 16 17 5 18 6 7 8 9 10 11 8 12 5 11 13 -1 14 15 19 20 21 23 24 25 26 27 28 29 30 31 32 33 34 35 36 37 38 39 40 41 42 43 44 45 46 47 48 49 50 51 52 53 54 55 56 57 58 59 60 61 output 2 3 6 8 9 10 11 12 13 10 15 6 13 18
22 3 4 5 6 7 10 9 5 13 -1 8 11 12 14 15 16 17 18 19 20 21 23 24 25 26 27 28 29 30 31 32 33 34 35 36 37 38 39 40 41 42 43 44 45 46 47 48 49 50 51 52 53 54 55 56 57 58 59 60 61 output 2 3 4 5 6 4 8 7 10
20 3 4 5 6 7 8 9 10 11 8 12 5 11 8 21 25 13 -1 14 15 16 17 18 19 22 23 24 26 27 28 29 30 31 32 33 34 35 36 37 38 39 40 41 42 43 44 45 46 47 48 49 50 51 52 53 54 55 56 57 58 59 60 61 output 2 3 22 23 4 24 5 6 7 8 9 10 4 12 7 10 4 16 17 18
39 3 4 5 6 7 10 9 5 11 21 12 5 13 -1 8 14 15 16 17 18 19 20 22 23 24 25 26 27 28 29 30 31 32 33 34 35 36 37 38 40 41 42 43 44 45 46 47 48 49 50 51 52 53 54 55 56 57 58 59 60 61 output 2 3 19 20 4 21 5 6 4 8 7 10 4 12 11 14
53 3 4 16 17 5 18 6 7 8 9 10 11 8 12 5 11 13 -1 14 15 19 20 21 22 23 24 25 26 27 28 29 30 31 32 33 34 35 36 37 38 39 40 41 42 43 44 45 46 47 48 49 50 51 52 54 55 56 57 58 59 60 61 output 2 3 6 8 9 10 11 12 13 10 15 6 13 18
29 3 4 5 6 7 10 9 5 13 -1 8 11 12 14 15 16 17 18 19 20 21 22 23 24 25 26 27 28 30 31 32 33 34 35 36 37 38 39 40 41 42 43 44 45 46 47 48 49 50 51 52 53 54 55 56 57 58 59 60 61 output 2 3 17 18 4 19 5 6 7 8 4 13 10
20 3 4 16 17 5 18 6 7 8 9 10 11 8 9 5 13 -1 12 14 15 19 21 22 23 24 25 26 27 28 29 30 31 32 33 34 35 36 37 38 39 40 41 42 43 44 45 46 47 48 49 50 51 52 53 54 55 56 57 58 59 60 61 output 2 3 4 5 6 7 8 9 10 11 12 13 6 19 10 13 17
14 3 4 16 17 5 18 6 7 8 9 10 11 8 12 5 11 13 -1 15 19 20 21 22 23 24 25 26 27 28 29 30 31 32 33 34 35 36 37 38 39 40 41 42 43 44 45 46 47 48 49 50 51 52 53 54 55 56 57 58 59 60 61 output 2 3 6 8 9 10 11 12 13 10 15 6 13 18
44 3 4 5 6 7 10 9 5 13 -1 8 11 12 14 15 16 17 18 19 20 21 22 23 24 25 26 27 28 29 30 31 32 33 34 35 36 37 38 39 40 41 42 43 45 46 47 48 49 50 51 52 53 54 55 56 57 58 59 60 61 output 2 3 4 5 6 4 8 7 10
20 3 4 5 6 7 5 9 10 11 5 21 12 13 -1 8 14 15 16 17 18 19 22 23 24 25 26 27 28 29 30 31 32 33 34 35 36 37 38 39 40 41 42 43 44 45 46 47 48 49 50 51 52 53 54 55 56 57 58 59 60 61 output 2 3 19 20 4 21 5 6 9 8 4 10 4 12 13 14
54 3 4 5 6 7 10 9 5 13 -1 8 11 12 14 15 16 17 18 19 20 21 22 23 24 25 26 27 28 29 30 31 32 33 34 35 36 37 38 39 40 41 42 43 44 45 46 47 48 49 50 51 52 53 55 56 57 58 59 60 61 output 2 3 17 18 4 19 5 6 7 8 4 13 10
20 3 4 5 6 7 5 9 10 13 -1 8 11 12 14 15 16 17 18 19 21 22 23 24 25 26 27 28 29 30 31 32 33 34 35 36 37 38 39 40 41 42 43 44 45 46 47 48 49 50 51 52 53 54 55 56 57 58 59 60 61 output 2 3 17 18 4 19 5 6 4 8 9 13 10
42 3 4 5 6 7 10 9 5 11 21 12 5 13 -1 8 14 15 16 17 18 19 20 22 23 24 25 26 27 28 29 30 31 32 33 34 35 36 37 38 39 40 41 43 44 45 46 47 48 49 50 51 52 53 54 55 56 57 58 59 60 61 output 2 3 4 5 6 4 8 7 10 4 12 11 10 14
14 3 4 16 17 5 18 6 7 8 9 10 11 8 12 5 11 13 -1 15 19 20 21 22 23 24 25 26 27 28 29 30 31 32 33 34 35 36 37 38 39 40 41 42 43 44 45 46 47 48 49 50 51 52 53 54 55 56 57 58 59 60 61 output 2 3 6 8 9 10 11 12 13 10 15 6 13 18
23 3 4 16 17 5 18 6 7 8 9 10 11 5 12 8 11 5 21 25 13 -1 14 15 19 20 22 24 26 27 28 29 30 31 32 33 34 35 36 37 38 39 40 41 42 43 44 45 46 47 48 49 50 51 52 53 54 55 56 57 58 59 60 61 output 2 3 6 8 9 10 11 12 13 10 15 6 13 10 19 20 21
15 3 4 5 6 7 8 9 10 11 8 12 5 11 8 21 25 13 -1 14 16 17 18 19 20 22 23 24 26 27 28 29 30 31 32 33 34 35 36 37 38 39 40 41 42 43 44 45 46 47 48 49 50 51 52 53 54 55 56 57 58 59 60 61 output 2 3 4 5 6 7 8 9 10 4 12 7 10 4 16 17 18
39 3 4 5 6 7 5 9 10 11 5 21 12 13 -1 8 14 15 16 17 18 19 20 22 23 24 25 26 27 28 29 30 31 32 33 34 35 36 37 38 40 41 42 43 44 45 46 47 48 49 50 51 52 53 54 55 56 57 58 59 60 61 output 2 3 19 20 4 21 5 6 4 8 9 10 4 12 13 14
29 3 4 5 6 7 8 9 10 11 8 12 5 11 13 -1 14 15 16 17 18 19 20 21 22 23 24 25 26 27 28 30 31 32 33 34 35 36 37 38 39 40 41 42 43 44 45 46 47 48 49 50 51 52 53 54 55 56 57 58 59 60 61 output 2 3 19 20 4 21 5 6 7 8 9 10 7 8 4 15
19 3 4 5 6 7 8 9 10 11 5 12 8 11 5 21 25 13 -1 14 15 16 17 18 20 22 23 24 26 27 28 29 30 31 32 33 34 35 36 37 38 39 40 41 42 43 44 45 46 47 48 49 50 51 52 53 54 55 56 57 58 59 60 61 output 2 3 4 5 6 7 8 9 10 7 12 4 10 7 16 17 18
29 3 4 5 6 7 10 9 5 13 -1 8 11 12 14 15 16 17 18 19 20 21 22 23 24 25 26 27 28 30 31 32 33 34 35 36 37 38 39 40 41 42 43 44 45 46 47 48 49 50 51 52 53 54 55 56 57 58 59 60 61 output 2 3 17 18 4 19 5 6 4 8 7 13 10
29 3 4 5 6 7 8 9 10 11 5 12 8 11 5 21 25 13 -1 14 15 16 17 18 19 20 22 23 24 26 27 28 30 31 32 33 34 35 36 37 38 39 40 41 42 43 44 45 46 47 48 49 50 51 52 53 54 55 56 57 58 59 60 61 output 2 3 22 23 4 24 5 6 7 8 9 10 4 12 7 10 4 16 17 18
55 3 4 5 6 7 10 9 5 13 -1 8 11 12 14 15 16 17 18 19 20 21 22 23 24 25 26 27 28 29 30 31 32 33 34 35 36 37 38 39 40 41 42 43 44 45 46 47 48 49 50 51 52 53 54 56 57 58 59 60 61 output 2 3 4 5 6 4 8 7 10
23 3 4 5 6 7 8 9 10 11 5 12 8 11 13 -1 14 15 16 17 18 19 20 21 22 24 25 26 27 28 29 30 31 32 33 34 35 36 37 38 39 40 41 42 43 44 45 46 47 48 49 50 51 52 53 54 55 56 57 58 59 60 61 output 2 3 4 5 6 9 8 7 10 7 12 4 10 15
22 3 4 5 6 7 10 9 5 11 21 9 5 13 -1 8 12 14 15 16 17 18 19 20 23 24 25 26 27 28 29 30 31 32 33 34 35 36 37 38 39 40 41 42 43 44 45 46 47 48 49 50 51 52 53 54 55 56 57 58 59 60 61 output 2 3 4 5 6 7 8 4 10 11 17 4 14
20 3 4 5 6 7 10 9 8 11 8 12 5 11 13 -1 14 15 16 17 18 19 21 22 23 24 25 26 27 28 29 30 31 32 33 34 35 36 37 38 39 40 41 42 43 44 45 46 47 48 49 50 51 52 53 54 55 56 57 58 59 60 61 output 2 3 19 20 4 21 5 6 7 8 9 10 9 12 4 10 15
39 3 4 5 6 7 5 9 10 11 5 21 12 13 -1 8 14 15 16 17 18 19 20 22 23 24 25 26 27 28 29 30 31 32 33 34 35 36 37 38 40 41 42 43 44 45 46 47 48 49 50 51 52 53 54 55 56 57 58 59 60 61 output 2 3 19 20 4 21 5 6 4 8 9 10 4 12 13 14
20 3 4 5 6 7 8 9 10 11 8 12 5 11 13 -1 14 15 16 17 18 19 21 22 23 24 25 26 27 28 29 30 31 32 33 34 35 36 37 38 39 40 41 42 43 44 45 46 47 48 49 50 51 52 53 54 55 56 57 58 59 60 61 output 2 3 19 20 4 21 5 6 7 8 9 10 7 8 4 15
22 3 4 5 6 7 10 9 5 13 -1 8 11 12 14 15 16 17 18 19 20 21 23 24 25 26 27 28 29 30 31 32 33 34 35 36 37 38 39 40 41 42 43 44 45 46 47 48 49 50 51 52 53 54 55 56 57 58 59 60 61 output 2 3 4 5 6 4 8 7 10
26 3 4 5 6 7 10 9 5 11 21 9 5 11 13 -1 8 12 14 15 16 17 18 19 20 22 23 24 25 27 28 29 30 31 32 33 34 35 36 37 38 39 40 41 42 43 44 45 46 47 48 49 50 51 52 53 54 55 56 57 58 59 60 61 output 2 3 4 5 6 4 8 7 10 4 18 11 10 15
23 3 4 5 6 7 10 9 8 11 8 12 5 11 13 -1 14 15 16 17 18 19 20 21 22 24 25 26 27 28 29 30 31 32 33 34 35 36 37 38 39 40 41 42 43 44 45 46 47 48 49 50 51 52 53 54 55 56 57 58 59 60 61 output 2 3 4 5 6 9 8 7 10 9 12 4 10 15
29 3 4 5 6 7 8 9 10 11 8 12 5 11 8 21 25 13 -1 14 15 16 17 18 19 20 22 23 24 26 27 28 30 31 32 33 34 35 36 37 38 39 40 41 42 43 44 45 46 47 48 49 50 51 52 53 54 55 56 57 58 59 60 61 output 2 3 22 23 4 24 5 6 7 8 9 10 4 12 7 10 4 16 17 18
14 3 4 16 17 5 18 6 7 8 9 10 11 8 9 5 13 -1 12 15 19 20 21 22 23 24 25 26 27 28 29 30 31 32 33 34 35 36 37 38 39 40 41 42 43 44 45 46 47 48 49 50 51 52 53 54 55 56 57 58 59 60 61 output 2 3 6 8 9 10 11 12 13 10 19 6 13 17
29 3 4 5 6 7 5 9 10 11 5 21 12 13 -1 8 14 15 16 17 18 19 20 22 23 24 25 26 27 28 30 31 32 33 34 35 36 37 38 39 40 41 42 43 44 45 46 47 48 49 50 51 52 53 54 55 56 57 58 59 60 61 output 2 3 19 20 4 21 5 6 4 8 9 10 4 12 13 14
14 3 4 16 17 5 18 6 7 5 9 10 11 13 -1 8 12 15 19 20 21 22 23 24 25 26 27 28 29 30 31 32 33 34 35 36 37 38 39 40 41 42 43 44 45 46 47 48 49 50 51 52 53 54 55 56 57 58 59 60 61 output 2 3 6 8 9 6 11 12 14
56 3 4 5 6 7 10 9 5 13 -1 8 11 12 14 15 16 17 18 19 20 21 22 23 24 25 26 27 28 29 30 31 32 33 34 35 36 37 38 39 40 41 42 43 44 45 46 47 48 49 50 51 52 53 54 55 57 58 59 60 61 output 2 3 4 5 6 4 8 7 13 10
20 3 4 5 6 7 5 9 10 11 5 21 12 13 -1 8 14 15 16 17 18 19 22 23 24 25 26 27 28 29 30 31 32 33 34 35 36 37 38 39 40 41 42 43 44 45 46 47 48 49 50 51 52 53 54 55 56 57 58 59 60 61 output 2 3 19 20 4 21 5 6 4 8 9 10 4 12 13 14
30 3 4 16 17 5 18 6 7 10 9 5 11 13 -1 8 12 14 15 19 20 21 22 23 24 25 26 27 28 29 31 32 33 34 35 36 37 38 39 40 41 42 43 44 45 46 47 48 49 50 51 52 53 54 55 56 57 58 59 60 61 output 2 3 6 8 9 10 11 6 14
20 3 4 5 6 7 5 9 10 11 5 21 12 13 -1 8 14 15 16 17 18 19 22 23 24 25 26 27 28 29 30 31 32 33 34 35 36 37 38 39 40 41 42 43 44 45 46 47 48 49 50 51 52 53 54 55 56 57 58 59 60 61 output 2 3 19 20 4 21 5 6 4 8 9 10 4 12 13 14
28 3 4 5 6 7 8 9 10 11 8 12 5 11 13 -1 14 15 16 17 18 19 20 21 22 23 24 25 26 27 29 30 31 32 33 34 35 36 37 38 39 40 41 42 43 44 45 46 47 48 49 50 51 52 53 54 55 56 57 58 59 60 61 output 2 3 19 20 4 21 5 6 7 8 9 10 7 12 4 10 15
20 3 4 5 6 7 10 9 5 13 -1 8 11 12 14 15 16 17 18 19 21 22 23 24 25 26 27 28 29 30 31 32 33 34 35 36 37 38 39 40 41 42 43 44 45 46 47 48 49 50 51 52 53 54 55 56 57 58 59 60 61 output 2 3 17 18 4 19 5 6 7 8 4 13 10
22 3 4 16 17 5 18 6 7 8 9 10 11 5 12 8 11 5 21 25 13 -1 14 15 19 20 23 24 26 27 28 29 30 31 32 33 34 35 36 37 38 39 40 41 42 43 44 45 46 47 48 49 50 51 52 53 54 55 56 57 58 59 60 61 output 2 3 6 8 9 10 11 12 13 10 15 6 13 10 19 20 21
14 3 4 5 6 7 8 9 10 11 8 12 5 11 8 21 25 13 -1 15 16 17 18 19 20 22 23 24 26 27 28 29 30 31 32 33 34 35 36 37 38 39 40 41 42 43 44 45 46 47 48 49 50 51 52 53 54 55 56 57 58 59 60 61 output 2 3 4 5 6 9 8 7 10 7 12 4 10 7 16 17 18
23 3 4 16 17 5 18 6 7 8 9 10 11 5 12 8 11 5 21 25 13 -1 14 15 19 20 22 24 26 27 28 29 30 31 32 33 34 35 36 37 38 39 40 41 42 43 44 45 46 47 48 49 50 51 52 53 54 55 56 57 58 59 60 61 output 2 3 6 8 9 10 11 12 13 10 15 6 13 10 19 20 21
14 3 4 16 17 5 18 6 7 8 9 10 11 8 9 5 13 -1 12 15 19 20 21 22 23 24 25 26 27 28 29 30 31 32 33 34 35 36 37 38 39 40 41 42 43 44 45 46 47 48 49 50 51 52 53 54 55 56 57 58 59 60 61 output 2 3 6 8 9 10 11 12 13 10 19 6 13 17
42 3 4 5 6 7 10 9 5 13 -1 8 11 12 14 15 16 17 18 19 20 21 22 23 24 25 26 27 28 29 30 31 32 33 34 35 36 37 38 39 40 41 43 44 45 46 47 48 49 50 51 52 53 54 55 56 57 58 59 60 61 output 2 3 4 5 6 4 8 7 13 10
15 3 4 16 17 5 18 6 7 10 9 5 11 13 -1 8 12 14 19 20 21 22 23 24 25 26 27 28 29 30 31 32 33 34 35 36 37 38 39 40 41 42 43 44 45 46 47 48 49 50 51 52 53 54 55 56 57 58 59 60 61 output 2 3 6 8 9 10 11 6 14
57 3 4 5 6 7 10 9 5 13 -1 8 11 12 14 15 16 17 18 19 20 21 22 23 24 25 26 27 28 29 30 31 32 33 34 35 36 37 38 39 40 41 42 43 44 45 46 47 48 49 50 51 52 53 54 55 56 58 59 60 61 output 2 3 4 5 6 4 8 7 10
29 3 4 5 6 7 8 9 10 11 8 12 5 11 13 -1 14 15 16 17 18 19 20 21 22 23 24 25 26 27 28 30 31 32 33 34 35 36 37 38 39 40 41 42 43 44 45 46 47 48 49 50 51 52 53 54 55 56 57 58 59 60 61 output 2 3 19 20 4 21 5 6 7 8 9 10 7 12 4 10 15
14 3 4 5 6 7 8 9 10 11 8 12 5 11 8 21 25 13 -1 15 16 17 18 19 20 22 23 24 26 27 28 29 30 31 32 33 34 35 36 37 38 39 40 41 42 43 44 45 46 47 48 49 50 51 52 53 54 55 56 57 58 59 60 61 output 2 3 4 5 6 9 8 7 10 7 12 4 10 7 16 17 18
20 3 4 5 6 7 8 9 10 11 8 12 5 11 13 -1 14 15 16 17 18 19 21 22 23 24 25 26 27 28 29 30 31 32 33 34 35 36 37 38 39 40 41 42 43 44 45 46 47 48 49 50 51 52 53 54 55 56 57 58 59 60 61 output 2 3 19 20 4 21 5 6 7 8 9 10 7 8 4 15
20 3 4 5 6 7 5 9 10 11 5 21 12 13 -1 8 14 15 16 17 18 19 22 23 24 25 26 27 28 29 30 31 32 33 34 35 36 37 38 39 40 41 42 43 44 45 46 47 48 49 50 51 52 53 54 55 56 57 58 59 60 61 output 2 3 19 20 4 21 5 6 4 8 9 10 4 12 13 14
29 3 4 16 17 5 18 6 7 8 9 10 11 8 9 5 13 -1 12 14 15 19 20 21 22 23 24 25 26 27 28 30 31 32 33 34 35 36 37 38 39 40 41 42 43 44 45 46 47 48 49 50 51 52 53 54 55 56 57 58 59 60 61 output 2 3 4 5 6 7 8 9 10 11 12 13 10 19 6 13 17
29 3 4 5 6 7 8 9 10 11 8 12 5 11 13 -1 14 15 16 17 18 19 20 21 22 23 24 25 26 27 28 30 31 32 33 34 35 36 37 38 39 40 41 42 43 44 45 46 47 48 49 50 51 52 53 54 55 56 57 58 59 60 61 output 2 3 19 20 4 21 5 6 7 8 9 10 7 8 4 15
20 3 4 5 6 7 8 9 10 11 8 12 5 11 13 -1 14 15 16 17 18 19 21 22 23 24 25 26 27 28 29 30 31 32 33 34 35 36 37 38 39 40 41 42 43 44 45 46 47 48 49 50 51 52 53 54 55 56 57 58 59 60 61 output 2 3 19 20 4 21 5 6 7 8 9 10 7 12 4 10 15
26 3 4 5 6 7 8 9 10 11 8 12 5 11 13 -1 14 15 16 17 18 19 20 21 22 23 24 25 27 28 29 30 31 32 33 34 35 36 37 38 39 40 41 42 43 44 45 46 47 48 49 50 51 52 53 54 55 56 57 58 59 60 61 output 2 3 4 5 6 7 8 9 10 4 12 7 10 15
28 3 4 5 6 7 10 9 5 13 -1 8 11 12 14 15 16 17 18 19 20 21 22 23 24 25 26 27 29 30 31 32 33 34 35 36 37 38 39 40 41 42 43 44 45 46 47 48 49 50 51 52 53 54 55 56 57 58 59 60 61 output 2 3 4 5 6 4 8 7 10
39 3 4 5 6 7 8 9 10 11 8 12 5 11 8 21 25 13 -1 14 15 16 17 18 19 20 22 23 24 26 27 28 29 30 31 32 33 34 35 36 37 38 40 41 42 43 44 45 46 47 48 49 50 51 52 53 54 55 56 57 58 59 60 61 output 2 3 22 23 4 24 5 6 7 8 9 10 7 12 4 10 4 16 17 18
28 3 4 5 6 7 10 9 5 13 -1 8 11 12 14 15 16 17 18 19 20 21 22 23 24 25 26 27 29 30 31 32 33 34 35 36 37 38 39 40 41 42 43 44 45 46 47 48 49 50 51 52 53 54 55 56 57 58 59 60 61 output 2 3 17 18 4 19 5 6 7 8 4 13 10
58 3 4 5 6 7 10 9 5 13 -1 8 11 12 14 15 16 17 18 19 20 21 22 23 24 25 26 27 28 29 30 31 32 33 34 35 36 37 38 39 40 41 42 43 44 45 46 47 48 49 50 51 52 53 54 55 56 57 59 60 61 output 2 3 4 5 6 4 8 7 13 10
20 3 4 5 6 7 5 9 10 11 13 -1 8 12 14 15 16 17 18 19 21 22 23 24 25 26 27 28 29 30 31 32 33 34 35 36 37 38 39 40 41 42 43 44 45 46 47 48 49 50 51 52 53 54 55 56 57 58 59 60 61 output 2 3 17 18 4 19 5 6 4 8 9 10 11
34 3 4 16 17 5 18 6 7 8 9 10 11 8 12 5 11 5 21 25 13 -1 14 15 19 20 22 23 24 26 27 28 29 30 31 32 33 35 36 37 38 39 40 41 42 43 44 45 46 47 48 49 50 51 52 53 54 55 56 57 58 59 60 61 output 2 3 4 5 6 7 8 9 12 11 10 13 10 15 6 13 10 19 20 21
22 3 4 5 6 7 10 9 5 11 21 9 5 11 13 -1 8 12 14 15 16 17 18 19 20 23 24 25 26 27 28 29 30 31 32 33 34 35 36 37 38 39 40 41 42 43 44 45 46 47 48 49 50 51 52 53 54 55 56 57 58 59 60 61 output 2 3 4 5 6 7 8 4 10 11 18 4 15
59 3 4 5 6 7 8 9 10 11 8 12 5 11 8 21 25 13 -1 14 15 16 17 18 19 20 22 23 24 26 27 28 29 30 31 32 33 34 35 36 37 38 39 40 41 42 43 44 45 46 47 48 49 50 51 52 53 54 55 56 57 58 60 61 output 2 3 22 23 4 24 5 6 7 8 9 10 4 12 7 10 4 16 17 18
14 3 4 5 6 7 8 9 10 11 8 12 5 11 13 -1 15 16 17 18 19 20 21 22 23 24 25 26 27 28 29 30 31 32 33 34 35 36 37 38 39 40 41 42 43 44 45 46 47 48 49 50 51 52 53 54 55 56 57 58 59 60 61 output 2 3 18 19 4 20 5 6 7 8 9 10 7 8 4 15
20 3 4 16 17 5 18 6 7 8 9 10 11 8 12 5 11 13 -1 14 15 19 21 22 23 24 25 26 27 28 29 30 31 32 33 34 35 36 37 38 39 40 41 42 43 44 45 46 47 48 49 50 51 52 53 54 55 56 57 58 59 60 61 output 2 3 4 5 6 7 8 9 12 11 10 13 10 15 6 13 18
22 3 4 5 6 7 10 9 5 13 -1 8 11 12 14 15 16 17 18 19 20 21 23 24 25 26 27 28 29 30 31 32 33 34 35 36 37 38 39 40 41 42 43 44 45 46 47 48 49 50 51 52 53 54 55 56 57 58 59 60 61 output 2 3 4 5 6 4 8 7 10
39 3 4 5 6 7 8 9 10 11 8 12 5 11 13 -1 14 15 16 17 18 19 20 21 22 23 24 25 26 27 28 29 30 31 32 33 34 35 36 37 38 40 41 42 43 44 45 46 47 48 49 50 51 52 53 54 55 56 57 58 59 60 61 output 2 3 19 20 4 21 5 6 7 8 9 10 7 8 4 15
15 3 4 5 6 7 10 9 5 11 21 12 5 13 -1 8 14 16 17 18 19 20 22 23 24 25 26 27 28 29 30 31 32 33 34 35 36 37 38 39 40 41 42 43 44 45 46 47 48 49 50 51 52 53 54 55 56 57 58 59 60 61 output 2 3 4 5 6 4 8 7 10 4 8 11 10 14
20 3 4 5 6 7 5 9 10 11 5 21 12 13 -1 8 14 15 16 17 18 19 22 23 24 25 26 27 28 29 30 31 32 33 34 35 36 37 38 39 40 41 42 43 44 45 46 47 48 49 50 51 52 53 54 55 56 57 58 59 60 61 output 2 3 19 20 4 21 5 6 4 8 9 10 4 12 13 14
14 3 4 5 6 7 10 9 5 13 -1 8 11 12 15 16 17 18 19 20 21 22 23 24 25 26 27 28 29 30 31 32 33 34 35 36 37 38 39 40 41 42 43 44 45 46 47 48 49 50 51 52 53 54 55 56 57 58 59 60 61 output 2 3 4 5 6 4 8 7 13 10
19 3 4 5 6 7 8 9 10 11 8 12 5 11 8 21 25 13 -1 14 15 16 17 18 20 22 23 24 26 27 28 29 30 31 32 33 34 35 36 37 38 39 40 41 42 43 44 45 46 47 48 49 50 51 52 53 54 55 56 57 58 59 60 61 output 2 3 4 5 6 7 8 9 10 4 12 7 10 4 16 17 18
22 3 4 5 6 7 8 9 10 11 8 12 5 11 8 21 25 13 -1 14 15 16 17 18 19 20 23 24 26 27 28 29 30 31 32 33 34 35 36 37 38 39 40 41 42 43 44 45 46 47 48 49 50 51 52 53 54 55 56 57 58 59 60 61 output 2 3 4 5 6 7 8 9 10 4 12 7 10 4 16 17 18
28 3 4 16 17 5 18 6 7 8 9 10 11 8 12 5 11 13 -1 14 15 19 20 21 22 23 24 25 26 27 29 30 31 32 33 34 35 36 37 38 39 40 41 42 43 44 45 46 47 48 49 50 51 52 53 54 55 56 57 58 59 60 61 output 2 3 4 5 6 7 8 9 12 11 10 13 10 15 6 13 18
19 3 4 16 17 5 18 6 7 8 9 10 11 8 12 5 11 13 -1 14 15 20 21 22 23 24 25 26 27 28 29 30 31 32 33 34 35 36 37 38 39 40 41 42 43 44 45 46 47 48 49 50 51 52 53 54 55 56 57 58 59 60 61 output 2 3 6 8 9 10 11 12 13 10 15 6 13 18
60 3 4 16 17 5 18 6 7 8 9 10 11 8 12 5 11 13 -1 14 15 19 20 21 22 23 24 25 26 27 28 29 30 31 32 33 34 35 36 37 38 39 40 41 42 43 44 45 46 47 48 49 50 51 52 53 54 55 56 57 58 59 61 output 2 3 6 8 9 10 11 12 13 6 15 10 13 18
20 3 4 5 6 7 5 9 10 11 5 21 12 13 -1 8 14 15 16 17 18 19 22 23 24 25 26 27 28 29 30 31 32 33 34 35 36 37 38 39 40 41 42 43 44 45 46 47 48 49 50 51 52 53 54 55 56 57 58 59 60 61 output 2 3 19 20 4 21 5 6 4 8 9 10 4 12 13 14
14 3 4 5 6 7 8 9 10 11 8 12 5 11 13 -1 15 16 17 18 19 20 21 22 23 24 25 26 27 28 29 30 31 32 33 34 35 36 37 38 39 40 41 42 43 44 45 46 47 48 49 50 51 52 53 54 55 56 57 58 59 60 61 output 2 3 18 19 4 20 5 6 7 8 9 10 7 12 4 10 15
19 3 4 5 6 7 8 9 10 11 8 12 5 11 8 21 25 13 -1 14 15 16 17 18 20 22 23 24 26 27 28 29 30 31 32 33 34 35 36 37 38 39 40 41 42 43 44 45 46 47 48 49 50 51 52 53 54 55 56 57 58 59 60 61 output 2 3 4 5 6 7 8 9 10 4 12 7 10 4 16 17 18
29 3 4 5 6 7 8 9 10 11 8 12 5 11 13 -1 14 15 16 17 18 19 20 21 22 23 24 25 26 27 28 30 31 32 33 34 35 36 37 38 39 40 41 42 43 44 45 46 47 48 49 50 51 52 53 54 55 56 57 58 59 60 61 output 2 3 19 20 4 21 5 6 7 8 9 10 7 8 4 15
29 3 4 5 6 7 8 9 10 11 5 12 8 11 5 21 25 13 -1 14 15 16 17 18 19 20 22 23 24 26 27 28 30 31 32 33 34 35 36 37 38 39 40 41 42 43 44 45 46 47 48 49 50 51 52 53 54 55 56 57 58 59 60 61 output 2 3 22 23 4 24 5 6 7 8 9 10 4 12 7 10 4 16 17 18
23 3 4 16 17 5 18 6 7 8 9 10 11 8 12 5 11 13 -1 14 15 19 20 21 22 24 25 26 27 28 29 30 31 32 33 34 35 36 37 38 39 40 41 42 43 44 45 46 47 48 49 50 51 52 53 54 55 56 57 58 59 60 61 output 2 3 6 8 9 10 11 12 13 10 15 6 13 18
22 3 4 5 6 7 8 9 10 11 8 12 5 11 13 -1 14 15 16 17 18 19 20 21 23 24 25 26 27 28 29 30 31 32 33 34 35 36 37 38 39 40 41 42 43 44 45 46 47 48 49 50 51 52 53 54 55 56 57 58 59 60 61 output 2 3 4 5 6 9 8 7 10 7 12 4 10 15
20 3 4 5 6 7 8 9 10 11 8 12 5 11 13 -1 14 15 16 17 18 19 21 22 23 24 25 26 27 28 29 30 31 32 33 34 35 36 37 38 39 40 41 42 43 44 45 46 47 48 49 50 51 52 53 54 55 56 57 58 59 60 61 output 2 3 19 20 4 21 5 6 7 8 9 10 7 12 4 10 15
15 3 4 5 6 7 10 9 8 11 8 12 5 11 13 -1 14 16 17 18 19 20 21 22 23 24 25 26 27 28 29 30 31 32 33 34 35 36 37 38 39 40 41 42 43 44 45 46 47 48 49 50 51 52 53 54 55 56 57 58 59 60 61 output 2 3 4 5 6 9 8 7 10 9 12 4 10 15
22 3 4 16 17 5 18 6 7 10 9 5 11 13 -1 8 12 14 15 19 20 21 23 24 25 26 27 28 29 30 31 32 33 34 35 36 37 38 39 40 41 42 43 44 45 46 47 48 49 50 51 52 53 54 55 56 57 58 59 60 61 output 2 3 6 8 9 10 11 6 14
61 3 4 5 6 7 10 9 8 11 8 12 5 11 13 -1 14 15 16 17 18 19 20 21 22 23 24 25 26 27 28 29 30 31 32 33 34 35 36 37 38 39 40 41 42 43 44 45 46 47 48 49 50 51 52 53 54 55 56 57 58 59 60 output 2 3 4 5 6 9 8 7 10 9 12 4 10 15
39 3 4 16 17 5 18 6 7 5 9 10 11 5 21 12 13 -1 8 14 15 19 20 22 23 24 25 26 27 28 29 30 31 32 33 34 35 36 37 38 40 41 42 43 44 45 46 47 48 49 50 51 52 53 54 55 56 57 58 59 60 61 output 2 3 6 8 9 6 11 12 13 6 15 16 17
29 3 4 5 6 7 8 9 10 11 8 12 5 11 13 -1 14 15 16 17 18 19 20 21 22 23 24 25 26 27 28 30 31 32 33 34 35 36 37 38 39 40 41 42 43 44 45 46 47 48 49 50 51 52 53 54 55 56 57 58 59 60 61 output 2 3 19 20 4 21 5 6 7 8 9 10 7 12 4 10 15
20 3 4 5 6 7 8 9 10 11 8 12 5 11 8 21 25 13 -1 14 15 16 17 18 19 22 23 24 26 27 28 29 30 31 32 33 34 35 36 37 38 39 40 41 42 43 44 45 46 47 48 49 50 51 52 53 54 55 56 57 58 59 60 61 output 2 3 22 23 4 24 5 6 7 8 9 10 7 12 4 10 4 16 17 18
14 3 4 5 6 7 5 9 10 11 5 12 21 11 5 32 25 13 -1 8 15 16 17 18 19 20 22 23 24 26 27 28 29 30 31 33 34 35 36 37 38 39 40 41 42 43 44 45 46 47 48 49 50 51 52 53 54 55 56 57 58 59 60 61 output 2 3 4 5 6 9 8 4 10 13 12 4 10 4 16 17 18
14 3 4 16 17 5 18 6 7 8 9 10 11 8 9 5 13 -1 12 15 19 20 21 22 23 24 25 26 27 28 29 30 31 32 33 34 35 36 37 38 39 40 41 42 43 44 45 46 47 48 49 50 51 52 53 54 55 56 57 58 59 60 61 output 2 3 4 5 6 7 8 9 10 11 12 13 10 19 6 13 17
