17 3 4 5 6 7 8 9 10 11 12 7 13 7 14 15 16 -1 18 19 20 21 22 23 24 25 26 27 28 29 30 31 32 33 34 35 36 37 38 39 40 41 42 43 44 45 46 47 48 49 50 51 52 53 54 55 56 57 58 59 60 61 62 63 64 65 66 67 output 2 3 4 5 6 7 8 9 6 11 10 13 6 15 16 17
18 3 4 7 9 10 11 12 7 16 -1 5 6 8 13 14 15 17 19 20 21 22 23 24 25 26 27 28 29 30 31 32 33 34 35 36 37 38 39 40 41 42 43 44 45 46 47 48 49 50 51 52 53 54 55 56 57 58 59 60 61 62 63 64 65 66 67 output 2 3 4 5 6 4 8 7 10
19 3 4 7 9 10 11 12 7 16 -1 5 6 8 13 14 15 17 18 20 21 22 23 24 25 26 27 28 29 30 31 32 33 34 35 36 37 38 39 40 41 42 43 44 45 46 47 48 49 50 51 52 53 54 55 56 57 58 59 60 61 62 63 64 65 66 67 output 2 3 4 5 6 4 8 7 15 10
21 3 4 5 6 7 8 9 10 20 12 11 13 20 12 7 16 -1 14 15 17 18 19 22 23 24 25 26 27 28 29 30 31 32 33 34 35 36 37 38 39 40 41 42 43 44 45 46 47 48 49 50 51 52 53 54 55 56 57 58 59 60 61 62 63 64 65 66 67 output 2 3 6 8 9 10 11 12 13 10 20 6 13 17
22 3 4 7 9 10 11 12 7 16 -1 5 6 8 13 14 15 17 18 19 20 21 23 24 25 26 27 28 29 30 31 32 33 34 35 36 37 38 39 40 41 42 43 44 45 46 47 48 49 50 51 52 53 54 55 56 57 58 59 60 61 62 63 64 65 66 67 output 2 3 12 13 4 14 5 6 4 8 7 15 10
23 3 4 5 6 7 8 9 10 7 12 11 13 7 14 15 16 -1 17 18 19 20 21 22 24 25 26 27 28 29 30 31 32 33 34 35 36 37 38 39 40 41 42 43 44 45 46 47 48 49 50 51 52 53 54 55 56 57 58 59 60 61 62 63 64 65 66 67 output 2 3 6 8 9 6 11 12 13 6 15 16 17
19 3 4 7 9 10 11 12 7 13 14 12 7 13 16 -1 5 6 8 15 17 18 20 21 22 23 24 25 26 27 28 29 30 31 32 33 34 35 36 37 38 39 40 41 42 43 44 45 46 47 48 49 50 51 52 53 54 55 56 57 58 59 60 61 62 63 64 65 66 67 output 2 3 4 5 6 4 8 7 10 4 8 11 10 15
25 3 4 7 9 10 20 12 11 13 20 12 7 13 20 14 24 16 -1 5 6 8 15 17 18 19 21 22 23 26 27 28 29 30 31 32 33 34 35 36 37 38 39 40 41 42 43 44 45 46 47 48 49 50 51 52 53 54 55 56 57 58 59 60 61 62 63 64 65 66 67 output 2 3 4 5 6 7 8 9 10 7 23 4 10 7 16 17 18
26 3 4 7 9 10 11 12 7 13 14 12 7 13 16 -1 5 6 8 15 17 18 19 20 21 22 23 24 25 27 28 29 30 31 32 33 34 35 36 37 38 39 40 41 42 43 44 45 46 47 48 49 50 51 52 53 54 55 56 57 58 59 60 61 62 63 64 65 66 67 output 2 3 4 5 6 7 8 4 10 11 20 4 15
25 3 4 7 9 10 11 12 20 13 20 15 7 13 16 -1 5 6 8 14 17 18 19 21 22 23 24 26 27 28 29 30 31 32 33 34 35 36 37 38 39 40 41 42 43 44 45 46 47 48 49 50 51 52 53 54 55 56 57 58 59 60 61 62 63 64 65 66 67 output 2 3 4 5 6 9 8 7 10 9 12 4 10 15
19 3 4 5 6 7 8 9 10 20 12 11 13 20 15 7 13 16 -1 14 17 18 21 22 23 24 25 26 27 28 29 30 31 32 33 34 35 36 37 38 39 40 41 42 43 44 45 46 47 48 49 50 51 52 53 54 55 56 57 58 59 60 61 62 63 64 65 66 67 output 2 3 6 8 9 10 11 12 13 10 15 6 13 18
21 3 4 5 6 7 8 9 10 7 12 11 13 7 14 15 16 -1 17 18 19 20 22 23 24 25 26 27 28 29 30 31 32 33 34 35 36 37 38 39 40 41 42 43 44 45 46 47 48 49 50 51 52 53 54 55 56 57 58 59 60 61 62 63 64 65 66 67 output 2 3 6 8 9 6 11 12 13 6 15 16 17
27 3 4 7 9 10 20 12 11 13 20 15 7 13 16 -1 5 6 8 14 17 18 19 21 22 23 24 25 26 28 29 30 31 32 33 34 35 36 37 38 39 40 41 42 43 44 45 46 47 48 49 50 51 52 53 54 55 56 57 58 59 60 61 62 63 64 65 66 67 output 2 3 4 5 6 7 8 9 10 4 12 7 10 15
23 3 4 5 6 7 8 9 10 20 12 11 13 7 15 20 13 7 14 24 16 -1 17 18 19 21 22 25 26 27 28 29 30 31 32 33 34 35 36 37 38 39 40 41 42 43 44 45 46 47 48 49 50 51 52 53 54 55 56 57 58 59 60 61 62 63 64 65 66 67 output 2 3 6 8 9 10 11 12 13 6 15 10 13 6 19 20 21
22 3 4 5 6 7 8 9 10 20 12 11 13 20 12 7 16 -1 14 15 17 18 19 21 23 24 25 26 27 28 29 30 31 32 33 34 35 36 37 38 39 40 41 42 43 44 45 46 47 48 49 50 51 52 53 54 55 56 57 58 59 60 61 62 63 64 65 66 67 output 2 3 4 5 6 7 8 9 10 11 12 13 10 20 6 13 17
28 3 4 7 9 10 11 12 7 16 -1 5 6 8 13 14 15 17 18 19 20 21 22 23 24 25 26 27 29 30 31 32 33 34 35 36 37 38 39 40 41 42 43 44 45 46 47 48 49 50 51 52 53 54 55 56 57 58 59 60 61 62 63 64 65 66 67 output 2 3 4 5 6 4 8 7 15 10
23 3 4 7 9 10 11 12 7 13 14 12 7 13 16 -1 5 6 8 15 17 18 19 20 21 22 24 25 26 27 28 29 30 31 32 33 34 35 36 37 38 39 40 41 42 43 44 45 46 47 48 49 50 51 52 53 54 55 56 57 58 59 60 61 62 63 64 65 66 67 output 2 3 4 5 6 7 8 4 10 11 20 4 15
23 3 4 5 6 7 8 9 10 7 12 11 13 7 14 15 16 -1 17 18 19 20 21 22 24 25 26 27 28 29 30 31 32 33 34 35 36 37 38 39 40 41 42 43 44 45 46 47 48 49 50 51 52 53 54 55 56 57 58 59 60 61 62 63 64 65 66 67 output 2 3 6 8 9 6 11 12 13 6 15 16 17
29 3 4 7 9 10 20 12 11 13 20 15 7 13 16 -1 5 6 8 14 17 18 19 21 22 23 24 25 26 27 28 30 31 32 33 34 35 36 37 38 39 40 41 42 43 44 45 46 47 48 49 50 51 52 53 54 55 56 57 58 59 60 61 62 63 64 65 66 67 output 2 3 17 18 4 19 5 6 7 8 9 10 7 12 4 10 15
22 3 4 7 9 10 7 12 11 13 7 14 15 16 -1 5 6 8 17 18 19 20 21 23 24 25 26 27 28 29 30 31 32 33 34 35 36 37 38 39 40 41 42 43 44 45 46 47 48 49 50 51 52 53 54 55 56 57 58 59 60 61 62 63 64 65 66 67 output 2 3 16 17 4 18 5 6 4 8 9 10 4 12 13 14
30 3 4 5 6 7 8 9 10 20 12 11 13 20 15 7 13 7 14 24 16 -1 17 18 19 21 22 23 25 26 27 28 29 31 32 33 34 35 36 37 38 39 40 41 42 43 44 45 46 47 48 49 50 51 52 53 54 55 56 57 58 59 60 61 62 63 64 65 66 67 output 2 3 6 8 9 10 11 12 13 10 15 6 13 10 19 20 21
23 3 4 7 9 10 20 12 11 13 20 15 7 13 20 14 24 16 -1 5 6 8 17 18 19 21 22 25 26 27 28 29 30 31 32 33 34 35 36 37 38 39 40 41 42 43 44 45 46 47 48 49 50 51 52 53 54 55 56 57 58 59 60 61 62 63 64 65 66 67 output 2 3 4 5 6 9 8 7 10 7 12 4 10 7 16 17 18
19 3 4 5 6 7 8 9 10 20 12 11 13 20 15 7 13 16 -1 14 17 18 21 22 23 24 25 26 27 28 29 30 31 32 33 34 35 36 37 38 39 40 41 42 43 44 45 46 47 48 49 50 51 52 53 54 55 56 57 58 59 60 61 62 63 64 65 66 67 output 2 3 6 8 9 10 11 12 13 10 15 6 13 18
23 3 4 5 6 7 8 9 10 20 12 11 13 20 15 7 13 7 14 24 16 -1 17 18 19 21 22 25 26 27 28 29 30 31 32 33 34 35 36 37 38 39 40 41 42 43 44 45 46 47 48 49 50 51 52 53 54 55 56 57 58 59 60 61 62 63 64 65 66 67 output 2 3 6 8 9 10 11 12 13 10 15 6 13 10 19 20 21
19 3 4 7 9 10 20 12 11 13 20 15 7 13 20 14 24 16 -1 5 6 8 17 18 21 22 23 25 26 27 28 29 30 31 32 33 34 35 36 37 38 39 40 41 42 43 44 45 46 47 48 49 50 51 52 53 54 55 56 57 58 59 60 61 62 63 64 65 66 67 output 2 3 4 5 6 9 8 7 10 7 12 4 10 7 16 17 18
21 3 4 5 6 7 8 9 10 20 12 11 13 20 15 7 13 7 14 24 16 -1 17 18 19 22 23 25 26 27 28 29 30 31 32 33 34 35 36 37 38 39 40 41 42 43 44 45 46 47 48 49 50 51 52 53 54 55 56 57 58 59 60 61 62 63 64 65 66 67 output 2 3 6 8 9 12 11 10 13 10 15 6 13 10 19 20 21
23 3 4 5 6 7 8 9 10 20 12 11 13 20 15 7 13 16 -1 14 17 18 19 21 22 24 25 26 27 28 29 30 31 32 33 34 35 36 37 38 39 40 41 42 43 44 45 46 47 48 49 50 51 52 53 54 55 56 57 58 59 60 61 62 63 64 65 66 67 output 2 3 6 8 9 10 11 12 13 10 15 6 13 18
23 3 4 7 9 10 20 12 11 13 20 15 7 13 16 -1 5 6 8 14 17 18 19 21 22 24 25 26 27 28 29 30 31 32 33 34 35 36 37 38 39 40 41 42 43 44 45 46 47 48 49 50 51 52 53 54 55 56 57 58 59 60 61 62 63 64 65 66 67 output 2 3 17 18 4 19 5 6 7 8 9 10 7 12 4 10 15
23 3 4 5 6 7 8 9 10 20 12 11 13 20 15 7 13 7 14 24 16 -1 17 18 19 21 22 25 26 27 28 29 30 31 32 33 34 35 36 37 38 39 40 41 42 43 44 45 46 47 48 49 50 51 52 53 54 55 56 57 58 59 60 61 62 63 64 65 66 67 output 2 3 6 8 9 10 11 12 13 10 15 6 13 10 19 20 21
22 3 4 5 6 7 8 9 10 7 12 11 13 16 -1 14 15 17 18 19 20 21 23 24 25 26 27 28 29 30 31 32 33 34 35 36 37 38 39 40 41 42 43 44 45 46 47 48 49 50 51 52 53 54 55 56 57 58 59 60 61 62 63 64 65 66 67 output 2 3 4 5 6 7 8 9 12 11 6 13 14
23 3 4 5 6 7 8 9 10 20 12 11 13 7 15 20 13 16 -1 14 17 18 19 21 22 24 25 26 27 28 29 30 31 32 33 34 35 36 37 38 39 40 41 42 43 44 45 46 47 48 49 50 51 52 53 54 55 56 57 58 59 60 61 62 63 64 65 66 67 output 2 3 6 8 9 10 11 12 13 6 15 10 13 18
28 3 4 7 9 10 20 12 11 13 20 15 7 13 20 14 24 16 -1 5 6 8 17 18 19 21 22 23 25 26 27 29 30 31 32 33 34 35 36 37 38 39 40 41 42 43 44 45 46 47 48 49 50 51 52 53 54 55 56 57 58 59 60 61 62 63 64 65 66 67 output 2 3 4 5 6 7 8 9 10 4 12 7 10 4 16 17 18
19 3 4 7 9 10 11 12 7 16 -1 5 6 8 13 14 15 17 18 20 21 22 23 24 25 26 27 28 29 30 31 32 33 34 35 36 37 38 39 40 41 42 43 44 45 46 47 48 49 50 51 52 53 54 55 56 57 58 59 60 61 62 63 64 65 66 67 output 2 3 4 5 6 4 8 7 10
25 3 4 5 6 7 8 9 10 20 12 11 13 20 15 7 13 7 14 24 16 -1 17 18 19 21 22 23 26 27 28 29 30 31 32 33 34 35 36 37 38 39 40 41 42 43 44 45 46 47 48 49 50 51 52 53 54 55 56 57 58 59 60 61 62 63 64 65 66 67 output 2 3 6 8 9 10 11 12 13 10 15 6 13 10 19 20 21
23 3 4 7 9 10 20 12 11 13 20 15 7 13 20 14 24 16 -1 5 6 8 17 18 19 21 22 25 26 27 28 29 30 31 32 33 34 35 36 37 38 39 40 41 42 43 44 45 46 47 48 49 50 51 52 53 54 55 56 57 58 59 60 61 62 63 64 65 66 67 output 2 3 4 5 6 7 8 9 10 4 12 7 10 4 16 17 18
23 3 4 5 6 7 8 9 10 7 12 11 13 7 14 15 16 -1 17 18 19 20 21 22 24 25 26 27 28 29 30 31 32 33 34 35 36 37 38 39 40 41 42 43 44 45 46 47 48 49 50 51 52 53 54 55 56 57 58 59 60 61 62 63 64 65 66 67 output 2 3 6 8 9 6 11 12 13 6 15 16 17
27 3 4 7 9 10 11 12 7 16 -1 5 6 8 13 14 15 17 18 19 20 21 22 23 24 25 26 28 29 30 31 32 33 34 35 36 37 38 39 40 41 42 43 44 45 46 47 48 49 50 51 52 53 54 55 56 57 58 59 60 61 62 63 64 65 66 67 output 2 3 4 5 6 4 8 7 10
22 3 4 7 9 10 20 12 11 13 7 15 20 13 7 14 24 16 -1 5 6 8 17 18 19 21 23 25 26 27 28 29 30 31 32 33 34 35 36 37 38 39 40 41 42 43 44 45 46 47 48 49 50 51 52 53 54 55 56 57 58 59 60 61 62 63 64 65 66 67 output 2 3 20 21 4 22 5 6 7 8 9 10 4 12 7 10 4 16 17 18
19 3 4 7 9 10 11 12 7 16 -1 5 6 8 13 14 15 17 18 20 21 22 23 24 25 26 27 28 29 30 31 32 33 34 35 36 37 38 39 40 41 42 43 44 45 46 47 48 49 50 51 52 53 54 55 56 57 58 59 60 61 62 63 64 65 66 67 output 2 3 4 5 6 4 8 7 15 10
23 3 4 5 6 7 8 9 10 20 12 11 13 20 15 7 13 16 -1 14 17 18 19 21 22 24 25 26 27 28 29 30 31 32 33 34 35 36 37 38 39 40 41 42 43 44 45 46 47 48 49 50 51 52 53 54 55 56 57 58 59 60 61 62 63 64 65 66 67 output 2 3 6 8 9 10 11 12 13 10 15 6 13 18
28 3 4 5 6 7 8 9 10 20 12 11 13 20 15 7 13 16 -1 14 17 18 19 21 22 23 24 25 26 27 29 30 31 32 33 34 35 36 37 38 39 40 41 42 43 44 45 46 47 48 49 50 51 52 53 54 55 56 57 58 59 60 61 62 63 64 65 66 67 output 2 3 6 8 9 10 11 12 13 10 11 6 13 18
31 3 4 7 9 10 20 12 11 13 20 15 7 13 20 14 24 16 -1 5 6 8 17 18 19 21 22 23 25 26 27 28 29 30 32 33 34 35 36 37 38 39 40 41 42 43 44 45 46 47 48 49 50 51 52 53 54 55 56 57 58 59 60 61 62 63 64 65 66 67 output 2 3 20 21 4 22 5 6 7 8 9 10 7 12 4 10 4 16 17 18
22 3 4 5 6 7 8 9 10 11 12 7 13 7 14 15 16 -1 17 18 19 20 21 23 24 25 26 27 28 29 30 31 32 33 34 35 36 37 38 39 40 41 42 43 44 45 46 47 48 49 50 51 52 53 54 55 56 57 58 59 60 61 62 63 64 65 66 67 output 2 3 4 5 6 7 8 9 6 11 10 13 6 15 16 17
21 3 4 5 6 7 8 9 10 20 12 11 13 20 15 7 13 16 -1 14 17 18 19 22 23 24 25 26 27 28 29 30 31 32 33 34 35 36 37 38 39 40 41 42 43 44 45 46 47 48 49 50 51 52 53 54 55 56 57 58 59 60 61 62 63 64 65 66 67 output 2 3 6 8 9 10 11 12 13 10 11 6 13 18
32 3 4 7 9 10 11 12 7 16 -1 5 6 8 13 14 15 17 18 19 20 21 22 23 24 25 26 27 28 29 30 31 33 34 35 36 37 38 39 40 41 42 43 44 45 46 47 48 49 50 51 52 53 54 55 56 57 58 59 60 61 62 63 64 65 66 67 output 2 3 12 13 4 14 5 6 4 8 7 15 10
19 3 4 7 9 10 11 12 7 16 -1 5 6 8 13 14 15 17 18 20 21 22 23 24 25 26 27 28 29 30 31 32 33 34 35 36 37 38 39 40 41 42 43 44 45 46 47 48 49 50 51 52 53 54 55 56 57 58 59 60 61 62 63 64 65 66 67 output 2 3 4 5 6 4 8 7 15 10
23 3 4 5 6 7 8 9 10 11 12 7 13 7 14 15 16 -1 17 18 19 20 21 22 24 25 26 27 28 29 30 31 32 33 34 35 36 37 38 39 40 41 42 43 44 45 46 47 48 49 50 51 52 53 54 55 56 57 58 59 60 61 62 63 64 65 66 67 output 2 3 6 8 9 6 11 10 13 6 15 16 17
28 3 4 5 6 7 8 9 10 20 12 11 13 20 15 7 13 16 -1 14 17 18 19 21 22 23 24 25 26 27 29 30 31 32 33 34 35 36 37 38 39 40 41 42 43 44 45 46 47 48 49 50 51 52 53 54 55 56 57 58 59 60 61 62 63 64 65 66 67 output 2 3 6 8 9 10 11 12 13 6 15 10 13 18
25 3 4 7 9 10 11 12 20 13 20 15 7 13 16 -1 5 6 8 14 17 18 19 21 22 23 24 26 27 28 29 30 31 32 33 34 35 36 37 38 39 40 41 42 43 44 45 46 47 48 49 50 51 52 53 54 55 56 57 58 59 60 61 62 63 64 65 66 67 output 2 3 4 5 6 9 8 7 10 9 12 4 10 15
21 3 4 5 6 7 8 9 10 20 12 11 13 20 15 7 13 7 14 24 16 -1 17 18 19 22 23 25 26 27 28 29 30 31 32 33 34 35 36 37 38 39 40 41 42 43 44 45 46 47 48 49 50 51 52 53 54 55 56 57 58 59 60 61 62 63 64 65 66 67 output 2 3 6 8 9 10 11 12 13 10 15 6 13 10 19 20 21
19 3 4 7 9 10 11 12 7 13 14 15 7 13 16 -1 5 6 8 17 18 20 21 22 23 24 25 26 27 28 29 30 31 32 33 34 35 36 37 38 39 40 41 42 43 44 45 46 47 48 49 50 51 52 53 54 55 56 57 58 59 60 61 62 63 64 65 66 67 output 2 3 4 5 6 4 8 7 10 4 8 11 10 15
33 3 4 7 9 10 11 12 7 16 -1 5 6 8 13 14 15 17 18 19 20 21 22 23 24 25 26 27 28 29 30 31 32 34 35 36 37 38 39 40 41 42 43 44 45 46 47 48 49 50 51 52 53 54 55 56 57 58 59 60 61 62 63 64 65 66 67 output 2 3 12 13 4 14 5 6 7 8 4 15 10
23 3 4 5 6 7 8 9 10 11 12 7 13 16 -1 14 15 17 18 19 20 21 22 24 25 26 27 28 29 30 31 32 33 34 35 36 37 38 39 40 41 42 43 44 45 46 47 48 49 50 51 52 53 54 55 56 57 58 59 60 61 62 63 64 65 66 67 output 2 3 6 8 9 10 11 6 14
19 3 4 5 6 7 8 9 10 20 12 11 13 20 15 7 13 16 -1 14 17 18 21 22 23 24 25 26 27 28 29 30 31 32 33 34 35 36 37 38 39 40 41 42 43 44 45 46 47 48 49 50 51 52 53 54 55 56 57 58 59 60 61 62 63 64 65 66 67 output 2 3 6 8 9 12 11 10 13 10 15 6 13 18
34 3 4 7 9 10 11 12 7 16 -1 5 6 8 13 14 15 17 18 19 20 21 22 23 24 25 26 27 28 29 30 31 32 33 35 36 37 38 39 40 41 42 43 44 45 46 47 48 49 50 51 52 53 54 55 56 57 58 59 60 61 62 63 64 65 66 67 output 2 3 4 5 6 4 8 7 10
35 3 4 7 9 10 7 12 11 16 -1 5 6 8 13 14 15 17 18 19 20 21 22 23 24 25 26 27 28 29 30 31 32 33 34 36 37 38 39 40 41 42 43 44 45 46 47 48 49 50 51 52 53 54 55 56 57 58 59 60 61 62 63 64 65 66 67 output 2 3 12 13 4 14 5 6 4 8 9 15 10
22 3 4 7 9 10 7 12 11 13 7 14 15 16 -1 5 6 8 17 18 19 20 21 23 24 25 26 27 28 29 30 31 32 33 34 35 36 37 38 39 40 41 42 43 44 45 46 47 48 49 50 51 52 53 54 55 56 57 58 59 60 61 62 63 64 65 66 67 output 2 3 16 17 4 18 5 6 4 8 9 10 4 12 13 14
26 3 4 5 6 7 8 9 10 7 12 11 13 7 14 15 16 -1 17 18 19 20 21 22 23 24 25 27 28 29 30 31 32 33 34 35 36 37 38 39 40 41 42 43 44 45 46 47 48 49 50 51 52 53 54 55 56 57 58 59 60 61 62 63 64 65 66 67 output 2 3 6 8 9 6 11 12 13 6 15 16 17
23 3 4 5 6 7 8 9 10 20 12 11 13 7 15 20 13 16 -1 14 17 18 19 21 22 24 25 26 27 28 29 30 31 32 33 34 35 36 37 38 39 40 41 42 43 44 45 46 47 48 49 50 51 52 53 54 55 56 57 58 59 60 61 62 63 64 65 66 67 output 2 3 6 8 9 10 11 12 13 6 15 10 13 18
19 3 4 5 6 7 8 9 10 20 12 11 13 20 15 7 13 7 14 24 16 -1 17 18 21 22 23 25 26 27 28 29 30 31 32 33 34 35 36 37 38 39 40 41 42 43 44 45 46 47 48 49 50 51 52 53 54 55 56 57 58 59 60 61 62 63 64 65 66 67 output 2 3 6 8 9 10 11 12 13 10 15 6 13 10 19 20 21
26 3 4 5 6 7 8 9 10 20 12 11 13 20 15 7 13 16 -1 14 17 18 19 21 22 23 24 25 27 28 29 30 31 32 33 34 35 36 37 38 39 40 41 42 43 44 45 46 47 48 49 50 51 52 53 54 55 56 57 58 59 60 61 62 63 64 65 66 67 output 2 3 6 8 9 10 11 12 13 10 15 6 13 18
28 3 4 7 9 10 11 12 7 16 -1 5 6 8 13 14 15 17 18 19 20 21 22 23 24 25 26 27 29 30 31 32 33 34 35 36 37 38 39 40 41 42 43 44 45 46 47 48 49 50 51 52 53 54 55 56 57 58 59 60 61 62 63 64 65 66 67 output 2 3 4 5 6 4 8 7 15 10
22 3 4 7 9 10 20 12 11 13 7 15 20 13 7 14 24 16 -1 5 6 8 17 18 19 21 23 25 26 27 28 29 30 31 32 33 34 35 36 37 38 39 40 41 42 43 44 45 46 47 48 49 50 51 52 53 54 55 56 57 58 59 60 61 62 63 64 65 66 67 output 2 3 20 21 4 22 5 6 7 8 9 10 4 12 7 10 4 16 17 18
19 3 4 7 9 10 11 12 7 16 -1 5 6 8 13 14 15 17 18 20 21 22 23 24 25 26 27 28 29 30 31 32 33 34 35 36 37 38 39 40 41 42 43 44 45 46 47 48 49 50 51 52 53 54 55 56 57 58 59 60 61 62 63 64 65 66 67 output 2 3 4 5 6 4 8 7 15 10
28 3 4 7 9 10 20 12 11 13 20 15 7 13 20 14 24 16 -1 5 6 8 17 18 19 21 22 23 25 26 27 29 30 31 32 33 34 35 36 37 38 39 40 41 42 43 44 45 46 47 48 49 50 51 52 53 54 55 56 57 58 59 60 61 62 63 64 65 66 67 output 2 3 4 5 6 7 8 9 10 4 12 7 10 4 16 17 18
22 3 4 7 9 10 20 12 11 13 20 15 7 13 16 -1 5 6 8 14 17 18 19 21 23 24 25 26 27 28 29 30 31 32 33 34 35 36 37 38 39 40 41 42 43 44 45 46 47 48 49 50 51 52 53 54 55 56 57 58 59 60 61 62 63 64 65 66 67 output 2 3 17 18 4 19 5 6 7 8 9 10 7 8 4 15
19 3 4 7 9 10 11 12 7 16 -1 5 6 8 13 14 15 17 18 20 21 22 23 24 25 26 27 28 29 30 31 32 33 34 35 36 37 38 39 40 41 42 43 44 45 46 47 48 49 50 51 52 53 54 55 56 57 58 59 60 61 62 63 64 65 66 67 output 2 3 4 5 6 4 8 7 15 10
23 3 4 7 9 10 20 12 11 13 20 15 7 13 16 -1 5 6 8 14 17 18 19 21 22 24 25 26 27 28 29 30 31 32 33 34 35 36 37 38 39 40 41 42 43 44 45 46 47 48 49 50 51 52 53 54 55 56 57 58 59 60 61 62 63 64 65 66 67 output 2 3 4 5 6 7 8 9 10 4 12 7 10 15
23 3 4 7 9 10 20 12 11 13 20 15 7 13 20 14 24 16 -1 5 6 8 17 18 19 21 22 25 26 27 28 29 30 31 32 33 34 35 36 37 38 39 40 41 42 43 44 45 46 47 48 49 50 51 52 53 54 55 56 57 58 59 60 61 62 63 64 65 66 67 output 2 3 4 5 6 9 8 7 10 7 12 4 10 7 16 17 18
22 3 4 7 9 10 20 12 11 13 7 15 20 13 7 14 24 16 -1 5 6 8 17 18 19 21 23 25 26 27 28 29 30 31 32 33 34 35 36 37 38 39 40 41 42 43 44 45 46 47 48 49 50 51 52 53 54 55 56 57 58 59 60 61 62 63 64 65 66 67 output 2 3 20 21 4 22 5 6 7 8 9 10 4 12 7 10 4 16 17 18
22 3 4 7 9 10 11 12 7 16 -1 5 6 8 13 14 15 17 18 19 20 21 23 24 25 26 27 28 29 30 31 32 33 34 35 36 37 38 39 40 41 42 43 44 45 46 47 48 49 50 51 52 53 54 55 56 57 58 59 60 61 62 63 64 65 66 67 output 2 3 12 13 4 14 5 6 4 8 7 15 10
19 3 4 7 9 10 11 12 7 16 -1 5 6 8 13 14 15 17 18 20 21 22 23 24 25 26 27 28 29 30 31 32 33 34 35 36 37 38 39 40 41 42 43 44 45 46 47 48 49 50 51 52 53 54 55 56 57 58 59 60 61 62 63 64 65 66 67 output 2 3 4 5 6 4 8 7 10
25 3 4 5 6 7 8 9 10 20 12 11 13 20 15 7 13 16 -1 14 17 18 19 21 22 23 24 26 27 28 29 30 31 32 33 34 35 36 37 38 39 40 41 42 43 44 45 46 47 48 49 50 51 52 53 54 55 56 57 58 59 60 61 62 63 64 65 66 67 output 2 3 6 8 9 10 11 12 13 10 15 6 13 18
22 3 4 7 9 10 20 12 11 13 20 15 7 13 16 -1 5 6 8 14 17 18 19 21 23 24 25 26 27 28 29 30 31 32 33 34 35 36 37 38 39 40 41 42 43 44 45 46 47 48 49 50 51 52 53 54 55 56 57 58 59 60 61 62 63 64 65 66 67 output 2 3 17 18 4 19 5 6 7 8 9 10 7 12 4 10 15
23 3 4 5 6 7 8 9 10 7 12 11 13 16 -1 14 15 17 18 19 20 21 22 24 25 26 27 28 29 30 31 32 33 34 35 36 37 38 39 40 41 42 43 44 45 46 47 48 49 50 51 52 53 54 55 56 57 58 59 60 61 62 63 64 65 66 67 output 2 3 6 8 9 6 11 12 14
36 3 4 5 6 7 8 9 10 7 12 11 13 16 -1 14 15 17 18 19 20 21 22 23 24 25 26 27 28 29 30 31 32 33 34 35 37 38 39 40 41 42 43 44 45 46 47 48 49 50 51 52 53 54 55 56 57 58 59 60 61 62 63 64 65 66 67 output 2 3 4 5 6 7 8 9 12 11 6 13 14
22 3 4 7 9 10 7 12 11 16 -1 5 6 8 13 14 15 17 18 19 20 21 23 24 25 26 27 28 29 30 31 32 33 34 35 36 37 38 39 40 41 42 43 44 45 46 47 48 49 50 51 52 53 54 55 56 57 58 59 60 61 62 63 64 65 66 67 output 2 3 12 13 4 14 5 6 4 8 9 15 10
28 3 4 7 9 10 11 12 20 13 20 15 7 13 20 14 24 16 -1 5 6 8 17 18 19 21 22 23 25 26 27 29 30 31 32 33 34 35 36 37 38 39 40 41 42 43 44 45 46 47 48 49 50 51 52 53 54 55 56 57 58 59 60 61 62 63 64 65 66 67 output 2 3 4 5 6 9 8 7 10 4 12 9 10 4 16 17 18
36 3 4 7 9 10 20 12 11 13 20 15 7 13 16 -1 5 6 8 14 17 18 19 21 22 23 24 25 26 27 28 29 30 31 32 33 34 35 37 38 39 40 41 42 43 44 45 46 47 48 49 50 51 52 53 54 55 56 57 58 59 60 61 62 63 64 65 66 67 output 2 3 17 18 4 19 5 6 7 8 9 10 7 12 4 10 15
37 3 4 5 6 7 8 9 10 20 12 11 13 20 12 7 16 -1 14 15 17 18 19 21 22 23 24 25 26 27 28 29 30 31 32 33 34 35 36 38 39 40 41 42 43 44 45 46 47 48 49 50 51 52 53 54 55 56 57 58 59 60 61 62 63 64 65 66 67 output 2 3 4 5 6 7 8 9 10 11 12 13 10 20 6 13 17
19 3 4 7 9 10 11 12 7 13 14 15 7 16 -1 5 6 8 17 18 20 21 22 23 24 25 26 27 28 29 30 31 32 33 34 35 36 37 38 39 40 41 42 43 44 45 46 47 48 49 50 51 52 53 54 55 56 57 58 59 60 61 62 63 64 65 66 67 output 2 3 4 5 6 4 8 7 10 4 8 11 10 14
25 3 4 5 6 7 8 9 10 20 12 11 13 20 15 7 13 16 -1 14 17 18 19 21 22 23 24 26 27 28 29 30 31 32 33 34 35 36 37 38 39 40 41 42 43 44 45 46 47 48 49 50 51 52 53 54 55 56 57 58 59 60 61 62 63 64 65 66 67 output 2 3 6 8 9 12 11 10 13 10 15 6 13 18
23 3 4 7 9 10 11 12 7 16 -1 5 6 8 13 14 15 17 18 19 20 21 22 24 25 26 27 28 29 30 31 32 33 34 35 36 37 38 39 40 41 42 43 44 45 46 47 48 49 50 51 52 53 54 55 56 57 58 59 60 61 62 63 64 65 66 67 output 2 3 4 5 6 4 8 7 15 10
26 3 4 5 6 7 8 9 10 20 12 11 13 7 15 20 13 16 -1 14 17 18 19 21 22 23 24 25 27 28 29 30 31 32 33 34 35 36 37 38 39 40 41 42 43 44 45 46 47 48 49 50 51 52 53 54 55 56 57 58 59 60 61 62 63 64 65 66 67 output 2 3 6 8 9 10 11 12 13 6 15 10 13 18
28 3 4 5 6 7 8 9 10 11 12 7 13 7 12 14 16 -1 15 17 18 19 20 21 22 23 24 25 26 27 29 30 31 32 33 34 35 36 37 38 39 40 41 42 43 44 45 46 47 48 49 50 51 52 53 54 55 56 57 58 59 60 61 62 63 64 65 66 67 output 2 3 6 8 9 10 11 6 13 16 19 6 17
36 3 4 7 9 10 20 12 11 13 20 15 7 13 20 14 24 16 -1 5 6 8 17 18 19 21 22 23 25 26 27 28 29 30 31 32 33 34 35 37 38 39 40 41 42 43 44 45 46 47 48 49 50 51 52 53 54 55 56 57 58 59 60 61 62 63 64 65 66 67 output 2 3 4 5 6 7 8 9 10 4 12 7 10 4 16 17 18
19 3 4 7 9 10 11 12 7 16 -1 5 6 8 13 14 15 17 18 20 21 22 23 24 25 26 27 28 29 30 31 32 33 34 35 36 37 38 39 40 41 42 43 44 45 46 47 48 49 50 51 52 53 54 55 56 57 58 59 60 61 62 63 64 65 66 67 output 2 3 4 5 6 4 8 7 15 10
23 3 4 7 9 10 11 12 20 13 20 15 7 13 16 -1 5 6 8 14 17 18 19 21 22 24 25 26 27 28 29 30 31 32 33 34 35 36 37 38 39 40 41 42 43 44 45 46 47 48 49 50 51 52 53 54 55 56 57 58 59 60 61 62 63 64 65 66 67 output 2 3 4 5 6 9 8 7 10 9 12 4 10 15
26 3 4 7 9 10 11 12 7 13 14 15 7 13 16 -1 5 6 8 17 18 19 20 21 22 23 24 25 27 28 29 30 31 32 33 34 35 36 37 38 39 40 41 42 43 44 45 46 47 48 49 50 51 52 53 54 55 56 57 58 59 60 61 62 63 64 65 66 67 output 2 3 4 5 6 4 8 7 10 4 12 11 10 15
38 3 4 7 9 10 11 12 7 16 -1 5 6 8 13 14 15 17 18 19 20 21 22 23 24 25 26 27 28 29 30 31 32 33 34 35 36 37 39 40 41 42 43 44 45 46 47 48 49 50 51 52 53 54 55 56 57 58 59 60 61 62 63 64 65 66 67 output 2 3 4 5 6 4 8 7 10
36 3 4 7 9 10 11 12 20 13 20 15 7 13 20 14 24 16 -1 5 6 8 17 18 19 21 22 23 25 26 27 28 29 30 31 32 33 34 35 37 38 39 40 41 42 43 44 45 46 47 48 49 50 51 52 53 54 55 56 57 58 59 60 61 62 63 64 65 66 67 output 2 3 4 5 6 9 8 7 10 9 12 4 10 9 16 17 18
26 3 4 7 9 10 11 12 7 16 -1 5 6 8 13 14 15 17 18 19 20 21 22 23 24 25 27 28 29 30 31 32 33 34 35 36 37 38 39 40 41 42 43 44 45 46 47 48 49 50 51 52 53 54 55 56 57 58 59 60 61 62 63 64 65 66 67 output 2 3 4 5 6 4 8 7 10
22 3 4 7 9 10 20 12 11 13 20 15 7 13 20 14 24 16 -1 5 6 8 17 18 19 21 23 25 26 27 28 29 30 31 32 33 34 35 36 37 38 39 40 41 42 43 44 45 46 47 48 49 50 51 52 53 54 55 56 57 58 59 60 61 62 63 64 65 66 67 output 2 3 20 21 4 22 5 6 7 8 9 10 7 12 4 10 4 16 17 18
26 3 4 7 9 10 11 12 7 16 -1 5 6 8 13 14 15 17 18 19 20 21 22 23 24 25 27 28 29 30 31 32 33 34 35 36 37 38 39 40 41 42 43 44 45 46 47 48 49 50 51 52 53 54 55 56 57 58 59 60 61 62 63 64 65 66 67 output 2 3 4 5 6 4 8 7 15 10
26 3 4 7 9 10 11 12 7 16 -1 5 6 8 13 14 15 17 18 19 20 21 22 23 24 25 27 28 29 30 31 32 33 34 35 36 37 38 39 40 41 42 43 44 45 46 47 48 49 50 51 52 53 54 55 56 57 58 59 60 61 62 63 64 65 66 67 output 2 3 4 5 6 4 8 7 10
22 3 4 5 6 7 8 9 10 7 12 11 13 7 14 15 16 -1 17 18 19 20 21 23 24 25 26 27 28 29 30 31 32 33 34 35 36 37 38 39 40 41 42 43 44 45 46 47 48 49 50 51 52 53 54 55 56 57 58 59 60 61 62 63 64 65 66 67 output 2 3 4 5 6 7 8 9 12 11 6 13 6 15 16 17
23 3 4 7 9 10 11 12 20 13 20 15 7 13 20 14 24 16 -1 5 6 8 17 18 19 21 22 25 26 27 28 29 30 31 32 33 34 35 36 37 38 39 40 41 42 43 44 45 46 47 48 49 50 51 52 53 54 55 56 57 58 59 60 61 62 63 64 65 66 67 output 2 3 4 5 6 9 8 7 10 9 12 4 10 9 16 17 18
22 3 4 7 9 10 20 12 11 13 20 15 7 13 20 14 24 16 -1 5 6 8 17 18 19 21 23 25 26 27 28 29 30 31 32 33 34 35 36 37 38 39 40 41 42 43 44 45 46 47 48 49 50 51 52 53 54 55 56 57 58 59 60 61 62 63 64 65 66 67 output 2 3 20 21 4 22 5 6 7 8 9 10 7 12 4 10 4 16 17 18
39 3 4 7 9 10 20 12 11 13 20 12 7 13 20 14 24 16 -1 5 6 8 15 17 18 19 21 22 23 25 26 27 28 29 30 31 32 33 34 35 36 37 38 40 41 42 43 44 45 46 47 48 49 50 51 52 53 54 55 56 57 58 59 60 61 62 63 64 65 66 67 output 2 3 4 5 6 7 8 9 10 7 23 4 10 7 16 17 18
21 3 4 5 6 7 8 9 10 20 12 11 13 20 15 7 13 16 -1 14 17 18 19 22 23 24 25 26 27 28 29 30 31 32 33 34 35 36 37 38 39 40 41 42 43 44 45 46 47 48 49 50 51 52 53 54 55 56 57 58 59 60 61 62 63 64 65 66 67 output 2 3 6 8 9 10 11 12 13 6 15 10 13 18
22 3 4 7 9 10 7 12 11 13 7 14 15 16 -1 5 6 8 17 18 19 20 21 23 24 25 26 27 28 29 30 31 32 33 34 35 36 37 38 39 40 41 42 43 44 45 46 47 48 49 50 51 52 53 54 55 56 57 58 59 60 61 62 63 64 65 66 67 output 2 3 16 17 4 18 5 6 4 8 9 10 4 12 13 14
23 3 4 7 9 10 20 12 11 13 20 15 7 13 20 14 24 16 -1 5 6 8 17 18 19 21 22 25 26 27 28 29 30 31 32 33 34 35 36 37 38 39 40 41 42 43 44 45 46 47 48 49 50 51 52 53 54 55 56 57 58 59 60 61 62 63 64 65 66 67 output 2 3 4 5 6 9 8 7 10 7 12 4 10 7 16 17 18
37 3 4 5 6 7 8 9 10 7 12 11 13 16 -1 14 15 17 18 19 20 21 22 23 24 25 26 27 28 29 30 31 32 33 34 35 36 38 39 40 41 42 43 44 45 46 47 48 49 50 51 52 53 54 55 56 57 58 59 60 61 62 63 64 65 66 67 output 2 3 4 5 6 7 8 9 12 11 6 13 14
37 3 4 7 9 10 7 12 11 16 -1 5 6 8 13 14 15 17 18 19 20 21 22 23 24 25 26 27 28 29 30 31 32 33 34 35 36 38 39 40 41 42 43 44 45 46 47 48 49 50 51 52 53 54 55 56 57 58 59 60 61 62 63 64 65 66 67 output 2 3 12 13 4 14 5 6 4 8 9 15 10
21 3 4 5 6 7 8 9 10 20 12 11 13 20 15 7 13 7 14 24 16 -1 17 18 19 22 23 25 26 27 28 29 30 31 32 33 34 35 36 37 38 39 40 41 42 43 44 45 46 47 48 49 50 51 52 53 54 55 56 57 58 59 60 61 62 63 64 65 66 67 output 2 3 6 8 9 10 11 12 13 10 11 6 13 10 19 20 21
25 3 4 5 6 7 8 9 10 20 12 11 13 20 15 7 13 16 -1 14 17 18 19 21 22 23 24 26 27 28 29 30 31 32 33 34 35 36 37 38 39 40 41 42 43 44 45 46 47 48 49 50 51 52 53 54 55 56 57 58 59 60 61 62 63 64 65 66 67 output 2 3 6 8 9 10 11 12 13 10 15 6 13 18
22 3 4 7 9 10 11 12 20 13 20 15 7 13 16 -1 5 6 8 14 17 18 19 21 23 24 25 26 27 28 29 30 31 32 33 34 35 36 37 38 39 40 41 42 43 44 45 46 47 48 49 50 51 52 53 54 55 56 57 58 59 60 61 62 63 64 65 66 67 output 2 3 17 18 4 19 5 6 7 8 9 10 9 12 4 10 15
37 3 4 5 6 7 8 9 10 20 12 11 13 20 15 7 13 16 -1 14 17 18 19 21 22 23 24 25 26 27 28 29 30 31 32 33 34 35 36 38 39 40 41 42 43 44 45 46 47 48 49 50 51 52 53 54 55 56 57 58 59 60 61 62 63 64 65 66 67 output 2 3 4 5 6 7 8 9 10 11 12 13 6 15 10 13 18
37 3 4 7 9 10 11 12 20 13 20 15 7 13 16 -1 5 6 8 14 17 18 19 21 22 23 24 25 26 27 28 29 30 31 32 33 34 35 36 38 39 40 41 42 43 44 45 46 47 48 49 50 51 52 53 54 55 56 57 58 59 60 61 62 63 64 65 66 67 output 2 3 17 18 4 19 5 6 7 8 9 10 9 12 4 10 15
25 3 4 5 6 7 8 9 10 11 12 20 13 20 15 7 13 20 14 24 16 -1 17 18 19 21 22 23 26 27 28 29 30 31 32 33 34 35 36 37 38 39 40 41 42 43 44 45 46 47 48 49 50 51 52 53 54 55 56 57 58 59 60 61 62 63 64 65 66 67 output 2 3 6 8 9 10 11 12 13 12 15 6 13 12 19 20 21
21 3 4 7 9 10 20 12 11 13 7 15 20 13 7 14 24 16 -1 5 6 8 17 18 19 22 23 25 26 27 28 29 30 31 32 33 34 35 36 37 38 39 40 41 42 43 44 45 46 47 48 49 50 51 52 53 54 55 56 57 58 59 60 61 62 63 64 65 66 67 output 2 3 4 5 6 7 8 9 10 7 12 4 10 7 16 17 18
40 3 4 7 9 10 11 12 7 16 -1 5 6 8 13 14 15 17 18 19 20 21 22 23 24 25 26 27 28 29 30 31 32 33 34 35 36 37 38 39 41 42 43 44 45 46 47 48 49 50 51 52 53 54 55 56 57 58 59 60 61 62 63 64 65 66 67 output 2 3 4 5 6 4 8 7 10
28 3 4 7 9 10 20 12 11 13 20 15 7 13 16 -1 5 6 8 14 17 18 19 21 22 23 24 25 26 27 29 30 31 32 33 34 35 36 37 38 39 40 41 42 43 44 45 46 47 48 49 50 51 52 53 54 55 56 57 58 59 60 61 62 63 64 65 66 67 output 2 3 4 5 6 9 8 7 10 7 12 4 10 15
36 3 4 5 6 7 8 9 10 20 12 11 13 20 15 7 13 16 -1 14 17 18 19 21 22 23 24 25 26 27 28 29 30 31 32 33 34 35 37 38 39 40 41 42 43 44 45 46 47 48 49 50 51 52 53 54 55 56 57 58 59 60 61 62 63 64 65 66 67 output 2 3 6 8 9 10 11 12 13 10 15 6 13 18
37 3 4 5 6 7 8 9 10 20 12 11 13 20 15 7 13 16 -1 14 17 18 19 21 22 23 24 25 26 27 28 29 30 31 32 33 34 35 36 38 39 40 41 42 43 44 45 46 47 48 49 50 51 52 53 54 55 56 57 58 59 60 61 62 63 64 65 66 67 output 2 3 4 5 6 7 8 9 10 11 12 13 6 15 10 13 18
23 3 4 5 6 7 8 9 10 7 12 11 13 7 14 15 16 -1 17 18 19 20 21 22 24 25 26 27 28 29 30 31 32 33 34 35 36 37 38 39 40 41 42 43 44 45 46 47 48 49 50 51 52 53 54 55 56 57 58 59 60 61 62 63 64 65 66 67 output 2 3 6 8 9 6 11 12 13 6 15 16 17
23 3 4 5 6 7 8 9 10 20 12 11 13 20 15 7 13 7 14 24 16 -1 17 18 19 21 22 25 26 27 28 29 30 31 32 33 34 35 36 37 38 39 40 41 42 43 44 45 46 47 48 49 50 51 52 53 54 55 56 57 58 59 60 61 62 63 64 65 66 67 output 2 3 6 8 9 10 11 12 13 10 15 6 13 10 19 20 21
23 3 4 5 6 7 8 9 10 7 12 11 13 16 -1 14 15 17 18 19 20 21 22 24 25 26 27 28 29 30 31 32 33 34 35 36 37 38 39 40 41 42 43 44 45 46 47 48 49 50 51 52 53 54 55 56 57 58 59 60 61 62 63 64 65 66 67 output 2 3 6 8 9 6 11 12 13 14
22 3 4 7 9 10 7 12 11 13 7 12 14 13 16 -1 5 6 8 15 17 18 19 20 21 23 24 25 26 27 28 29 30 31 32 33 34 35 36 37 38 39 40 41 42 43 44 45 46 47 48 49 50 51 52 53 54 55 56 57 58 59 60 61 62 63 64 65 66 67 output 2 3 17 18 4 19 5 6 4 8 9 10 4 8 13 15
19 3 4 5 6 7 8 9 10 20 12 11 13 20 15 7 13 16 -1 14 17 18 21 22 23 24 25 26 27 28 29 30 31 32 33 34 35 36 37 38 39 40 41 42 43 44 45 46 47 48 49 50 51 52 53 54 55 56 57 58 59 60 61 62 63 64 65 66 67 output 2 3 6 8 9 10 11 12 13 6 15 10 13 18
22 3 4 7 9 10 20 12 11 13 20 15 7 13 20 14 24 16 -1 5 6 8 17 18 19 21 23 25 26 27 28 29 30 31 32 33 34 35 36 37 38 39 40 41 42 43 44 45 46 47 48 49 50 51 52 53 54 55 56 57 58 59 60 61 62 63 64 65 66 67 output 2 3 20 21 4 22 5 6 7 8 9 10 7 12 4 10 4 16 17 18
37 3 4 7 9 10 11 12 7 16 -1 5 6 8 13 14 15 17 18 19 20 21 22 23 24 25 26 27 28 29 30 31 32 33 34 35 36 38 39 40 41 42 43 44 45 46 47 48 49 50 51 52 53 54 55 56 57 58 59 60 61 62 63 64 65 66 67 output 2 3 12 13 4 14 5 6 7 8 4 15 10
26 3 4 7 9 10 20 12 11 13 20 15 7 13 16 -1 5 6 8 14 17 18 19 21 22 23 24 25 27 28 29 30 31 32 33 34 35 36 37 38 39 40 41 42 43 44 45 46 47 48 49 50 51 52 53 54 55 56 57 58 59 60 61 62 63 64 65 66 67 output 2 3 4 5 6 9 8 7 10 7 12 4 10 15
22 3 4 7 9 10 7 12 11 16 -1 5 6 8 13 14 15 17 18 19 20 21 23 24 25 26 27 28 29 30 31 32 33 34 35 36 37 38 39 40 41 42 43 44 45 46 47 48 49 50 51 52 53 54 55 56 57 58 59 60 61 62 63 64 65 66 67 output 2 3 12 13 4 14 5 6 4 8 9 15 10
23 3 4 5 6 7 8 9 10 20 12 11 13 20 15 7 13 16 -1 14 17 18 19 21 22 24 25 26 27 28 29 30 31 32 33 34 35 36 37 38 39 40 41 42 43 44 45 46 47 48 49 50 51 52 53 54 55 56 57 58 59 60 61 62 63 64 65 66 67 output 2 3 6 8 9 10 11 12 13 10 15 6 13 18
41 3 4 5 6 7 8 9 10 20 12 11 13 20 15 7 13 16 -1 14 17 18 19 21 22 23 24 25 26 27 28 29 30 31 32 33 34 35 36 37 38 39 40 42 43 44 45 46 47 48 49 50 51 52 53 54 55 56 57 58 59 60 61 62 63 64 65 66 67 output 2 3 6 8 9 10 11 12 13 6 15 10 13 18
22 3 4 7 9 10 7 12 11 13 7 14 15 16 -1 5 6 8 17 18 19 20 21 23 24 25 26 27 28 29 30 31 32 33 34 35 36 37 38 39 40 41 42 43 44 45 46 47 48 49 50 51 52 53 54 55 56 57 58 59 60 61 62 63 64 65 66 67 output 2 3 16 17 4 18 5 6 4 8 9 10 4 12 13 14
23 3 4 5 6 7 8 9 10 20 12 11 13 20 15 7 13 16 -1 14 17 18 19 21 22 24 25 26 27 28 29 30 31 32 33 34 35 36 37 38 39 40 41 42 43 44 45 46 47 48 49 50 51 52 53 54 55 56 57 58 59 60 61 62 63 64 65 66 67 output 2 3 6 8 9 10 11 12 13 6 15 10 13 18
23 3 4 7 9 10 20 12 11 13 20 15 7 13 16 -1 5 6 8 14 17 18 19 21 22 24 25 26 27 28 29 30 31 32 33 34 35 36 37 38 39 40 41 42 43 44 45 46 47 48 49 50 51 52 53 54 55 56 57 58 59 60 61 62 63 64 65 66 67 output 2 3 4 5 6 7 8 9 10 4 12 7 10 15
19 3 4 5 6 7 8 9 10 7 12 11 13 7 14 15 16 -1 17 18 20 21 22 23 24 25 26 27 28 29 30 31 32 33 34 35 36 37 38 39 40 41 42 43 44 45 46 47 48 49 50 51 52 53 54 55 56 57 58 59 60 61 62 63 64 65 66 67 output 2 3 6 8 9 6 11 12 13 6 15 16 17
23 3 4 5 6 7 8 9 10 7 12 11 13 16 -1 14 15 17 18 19 20 21 22 24 25 26 27 28 29 30 31 32 33 34 35 36 37 38 39 40 41 42 43 44 45 46 47 48 49 50 51 52 53 54 55 56 57 58 59 60 61 62 63 64 65 66 67 output 2 3 6 8 9 6 11 12 13 14
42 3 4 5 6 7 8 9 10 11 12 7 13 16 -1 14 15 17 18 19 20 21 22 23 24 25 26 27 28 29 30 31 32 33 34 35 36 37 38 39 40 41 43 44 45 46 47 48 49 50 51 52 53 54 55 56 57 58 59 60 61 62 63 64 65 66 67 output 2 3 6 8 9 10 11 6 14
25 3 4 5 6 7 8 9 10 20 12 11 13 20 15 7 13 16 -1 14 17 18 19 21 22 23 24 26 27 28 29 30 31 32 33 34 35 36 37 38 39 40 41 42 43 44 45 46 47 48 49 50 51 52 53 54 55 56 57 58 59 60 61 62 63 64 65 66 67 output 2 3 6 8 9 10 11 12 13 10 15 6 13 18
43 3 4 5 6 7 8 9 10 7 12 11 13 16 -1 14 15 17 18 19 20 21 22 23 24 25 26 27 28 29 30 31 32 33 34 35 36 37 38 39 40 41 42 44 45 46 47 48 49 50 51 52 53 54 55 56 57 58 59 60 61 62 63 64 65 66 67 output 2 3 6 8 9 6 11 12 14
21 3 4 7 9 10 20 12 11 13 20 15 7 13 16 -1 5 6 8 14 17 18 19 22 23 24 25 26 27 28 29 30 31 32 33 34 35 36 37 38 39 40 41 42 43 44 45 46 47 48 49 50 51 52 53 54 55 56 57 58 59 60 61 62 63 64 65 66 67 output 2 3 4 5 6 7 8 9 10 4 12 7 10 15
19 3 4 7 9 10 20 12 11 13 20 15 7 13 16 -1 5 6 8 14 17 18 21 22 23 24 25 26 27 28 29 30 31 32 33 34 35 36 37 38 39 40 41 42 43 44 45 46 47 48 49 50 51 52 53 54 55 56 57 58 59 60 61 62 63 64 65 66 67 output 2 3 4 5 6 7 8 9 10 4 12 7 10 15
23 3 4 7 9 10 20 12 11 13 7 15 20 13 7 14 24 16 -1 5 6 8 17 18 19 21 22 25 26 27 28 29 30 31 32 33 34 35 36 37 38 39 40 41 42 43 44 45 46 47 48 49 50 51 52 53 54 55 56 57 58 59 60 61 62 63 64 65 66 67 output 2 3 4 5 6 9 8 7 10 7 12 4 10 7 16 17 18
36 3 4 5 6 7 8 9 10 20 12 11 13 20 15 7 13 16 -1 14 17 18 19 21 22 23 24 25 26 27 28 29 30 31 32 33 34 35 37 38 39 40 41 42 43 44 45 46 47 48 49 50 51 52 53 54 55 56 57 58 59 60 61 62 63 64 65 66 67 output 2 3 4 5 6 7 8 9 12 11 10 13 10 15 6 13 18
21 3 4 7 9 10 20 12 11 13 20 15 7 13 16 -1 5 6 8 14 17 18 19 22 23 24 25 26 27 28 29 30 31 32 33 34 35 36 37 38 39 40 41 42 43 44 45 46 47 48 49 50 51 52 53 54 55 56 57 58 59 60 61 62 63 64 65 66 67 output 2 3 4 5 6 7 8 9 10 4 12 7 10 15
23 3 4 7 9 10 11 12 7 16 -1 5 6 8 13 14 15 17 18 19 20 21 22 24 25 26 27 28 29 30 31 32 33 34 35 36 37 38 39 40 41 42 43 44 45 46 47 48 49 50 51 52 53 54 55 56 57 58 59 60 61 62 63 64 65 66 67 output 2 3 4 5 6 4 8 7 10
44 3 4 5 6 7 8 9 10 7 12 11 13 7 14 15 16 -1 17 18 19 20 21 22 23 24 25 26 27 28 29 30 31 32 33 34 35 36 37 38 39 40 41 42 43 45 46 47 48 49 50 51 52 53 54 55 56 57 58 59 60 61 62 63 64 65 66 67 output 2 3 6 8 9 6 11 12 13 6 15 16 17
22 3 4 5 6 7 8 9 10 20 12 11 13 20 15 7 13 16 -1 14 17 18 19 21 23 24 25 26 27 28 29 30 31 32 33 34 35 36 37 38 39 40 41 42 43 44 45 46 47 48 49 50 51 52 53 54 55 56 57 58 59 60 61 62 63 64 65 66 67 output 2 3 4 5 6 7 8 9 12 11 10 13 10 15 6 13 18
45 3 4 7 9 10 7 12 11 13 7 14 15 16 -1 5 6 8 17 18 19 20 21 22 23 24 25 26 27 28 29 30 31 32 33 34 35 36 37 38 39 40 41 42 43 44 46 47 48 49 50 51 52 53 54 55 56 57 58 59 60 61 62 63 64 65 66 67 output 2 3 16 17 4 18 5 6 4 8 9 10 4 12 13 14
23 3 4 7 9 10 7 12 11 13 7 15 14 13 16 -1 5 6 8 17 18 19 20 21 22 24 25 26 27 28 29 30 31 32 33 34 35 36 37 38 39 40 41 42 43 44 45 46 47 48 49 50 51 52 53 54 55 56 57 58 59 60 61 62 63 64 65 66 67 output 2 3 17 18 4 19 5 6 4 8 9 10 4 12 13 15
46 3 4 7 9 10 11 12 7 16 -1 5 6 8 13 14 15 17 18 19 20 21 22 23 24 25 26 27 28 29 30 31 32 33 34 35 36 37 38 39 40 41 42 43 44 45 47 48 49 50 51 52 53 54 55 56 57 58 59 60 61 62 63 64 65 66 67 output 2 3 4 5 6 4 8 7 10
27 3 4 5 6 7 8 9 10 20 12 11 13 20 15 7 13 16 -1 14 17 18 19 21 22 23 24 25 26 28 29 30 31 32 33 34 35 36 37 38 39 40 41 42 43 44 45 46 47 48 49 50 51 52 53 54 55 56 57 58 59 60 61 62 63 64 65 66 67 output 2 3 6 8 9 10 11 12 13 6 15 10 13 18
45 3 4 5 6 7 8 9 10 20 12 11 13 20 15 7 13 16 -1 14 17 18 19 21 22 23 24 25 26 27 28 29 30 31 32 33 34 35 36 37 38 39 40 41 42 43 44 46 47 48 49 50 51 52 53 54 55 56 57 58 59 60 61 62 63 64 65 66 67 output 2 3 6 8 9 10 11 12 13 10 15 6 13 18
28 3 4 5 6 7 8 9 10 20 12 11 13 7 15 20 13 16 -1 14 17 18 19 21 22 23 24 25 26 27 29 30 31 32 33 34 35 36 37 38 39 40 41 42 43 44 45 46 47 48 49 50 51 52 53 54 55 56 57 58 59 60 61 62 63 64 65 66 67 output 2 3 6 8 9 10 11 12 13 6 15 10 13 18
19 3 4 5 6 7 8 9 10 7 12 11 13 16 -1 14 15 17 18 20 21 22 23 24 25 26 27 28 29 30 31 32 33 34 35 36 37 38 39 40 41 42 43 44 45 46 47 48 49 50 51 52 53 54 55 56 57 58 59 60 61 62 63 64 65 66 67 output 2 3 6 8 9 6 11 12 14
26 3 4 5 6 7 8 9 10 7 12 11 13 7 14 15 16 -1 17 18 19 20 21 22 23 24 25 27 28 29 30 31 32 33 34 35 36 37 38 39 40 41 42 43 44 45 46 47 48 49 50 51 52 53 54 55 56 57 58 59 60 61 62 63 64 65 66 67 output 2 3 6 8 9 6 11 12 13 6 15 16 17
22 3 4 7 9 10 20 12 11 13 20 15 7 13 20 14 24 16 -1 5 6 8 17 18 19 21 23 25 26 27 28 29 30 31 32 33 34 35 36 37 38 39 40 41 42 43 44 45 46 47 48 49 50 51 52 53 54 55 56 57 58 59 60 61 62 63 64 65 66 67 output 2 3 20 21 4 22 5 6 7 8 9 10 4 12 7 10 4 16 17 18
22 3 4 7 9 10 11 12 7 16 -1 5 6 8 13 14 15 17 18 19 20 21 23 24 25 26 27 28 29 30 31 32 33 34 35 36 37 38 39 40 41 42 43 44 45 46 47 48 49 50 51 52 53 54 55 56 57 58 59 60 61 62 63 64 65 66 67 output 2 3 12 13 4 14 5 6 7 8 4 15 10
23 3 4 5 6 7 8 9 10 7 12 11 13 16 -1 14 15 17 18 19 20 21 22 24 25 26 27 28 29 30 31 32 33 34 35 36 37 38 39 40 41 42 43 44 45 46 47 48 49 50 51 52 53 54 55 56 57 58 59 60 61 62 63 64 65 66 67 output 2 3 6 8 9 6 11 12 14
22 3 4 7 9 10 20 12 11 13 20 15 7 13 20 14 24 16 -1 5 6 8 17 18 19 21 23 25 26 27 28 29 30 31 32 33 34 35 36 37 38 39 40 41 42 43 44 45 46 47 48 49 50 51 52 53 54 55 56 57 58 59 60 61 62 63 64 65 66 67 output 2 3 20 21 4 22 5 6 9 8 7 10 7 12 4 10 7 16 17 18
25 3 4 7 9 10 20 12 11 13 20 15 7 13 16 -1 5 6 8 14 17 18 19 21 22 23 24 26 27 28 29 30 31 32 33 34 35 36 37 38 39 40 41 42 43 44 45 46 47 48 49 50 51 52 53 54 55 56 57 58 59 60 61 62 63 64 65 66 67 output 2 3 4 5 6 9 8 7 10 7 12 4 10 15
19 3 4 5 6 7 8 9 10 7 12 11 13 7 14 15 16 -1 17 18 20 21 22 23 24 25 26 27 28 29 30 31 32 33 34 35 36 37 38 39 40 41 42 43 44 45 46 47 48 49 50 51 52 53 54 55 56 57 58 59 60 61 62 63 64 65 66 67 output 2 3 6 8 9 6 11 12 13 6 15 16 17
22 3 4 7 9 10 7 12 11 13 7 14 15 16 -1 5 6 8 17 18 19 20 21 23 24 25 26 27 28 29 30 31 32 33 34 35 36 37 38 39 40 41 42 43 44 45 46 47 48 49 50 51 52 53 54 55 56 57 58 59 60 61 62 63 64 65 66 67 output 2 3 16 17 4 18 5 6 4 8 9 10 4 12 13 14
23 3 4 5 6 7 8 9 10 20 12 11 13 20 12 7 16 -1 14 15 17 18 19 21 22 24 25 26 27 28 29 30 31 32 33 34 35 36 37 38 39 40 41 42 43 44 45 46 47 48 49 50 51 52 53 54 55 56 57 58 59 60 61 62 63 64 65 66 67 output 2 3 6 8 9 10 11 12 13 10 11 6 13 17
21 3 4 5 6 7 8 9 10 20 12 11 13 7 15 20 13 7 14 24 16 -1 17 18 19 22 23 25 26 27 28 29 30 31 32 33 34 35 36 37 38 39 40 41 42 43 44 45 46 47 48 49 50 51 52 53 54 55 56 57 58 59 60 61 62 63 64 65 66 67 output 2 3 6 8 9 10 11 12 13 6 15 10 13 6 19 20 21
27 3 4 7 9 10 11 12 7 16 -1 5 6 8 13 14 15 17 18 19 20 21 22 23 24 25 26 28 29 30 31 32 33 34 35 36 37 38 39 40 41 42 43 44 45 46 47 48 49 50 51 52 53 54 55 56 57 58 59 60 61 62 63 64 65 66 67 output 2 3 4 5 6 4 8 7 15 10
23 3 4 7 9 10 11 12 7 16 -1 5 6 8 13 14 15 17 18 19 20 21 22 24 25 26 27 28 29 30 31 32 33 34 35 36 37 38 39 40 41 42 43 44 45 46 47 48 49 50 51 52 53 54 55 56 57 58 59 60 61 62 63 64 65 66 67 output 2 3 4 5 6 4 8 7 10
36 3 4 5 6 7 8 9 10 20 12 11 13 20 15 7 13 16 -1 14 17 18 19 21 22 23 24 25 26 27 28 29 30 31 32 33 34 35 37 38 39 40 41 42 43 44 45 46 47 48 49 50 51 52 53 54 55 56 57 58 59 60 61 62 63 64 65 66 67 output 2 3 6 8 9 10 11 12 13 10 15 6 13 18
23 3 4 7 9 10 11 12 7 16 -1 5 6 8 13 14 15 17 18 19 20 21 22 24 25 26 27 28 29 30 31 32 33 34 35 36 37 38 39 40 41 42 43 44 45 46 47 48 49 50 51 52 53 54 55 56 57 58 59 60 61 62 63 64 65 66 67 output 2 3 4 5 6 4 8 7 15 10
23 3 4 7 9 10 20 12 11 13 20 15 7 13 16 -1 5 6 8 14 17 18 19 21 22 24 25 26 27 28 29 30 31 32 33 34 35 36 37 38 39 40 41 42 43 44 45 46 47 48 49 50 51 52 53 54 55 56 57 58 59 60 61 62 63 64 65 66 67 output 2 3 4 5 6 7 8 9 10 4 12 7 10 15
22 3 4 7 9 10 20 12 11 13 20 15 7 13 20 14 24 16 -1 5 6 8 17 18 19 21 23 25 26 27 28 29 30 31 32 33 34 35 36 37 38 39 40 41 42 43 44 45 46 47 48 49 50 51 52 53 54 55 56 57 58 59 60 61 62 63 64 65 66 67 output 2 3 20 21 4 22 5 6 7 8 9 10 7 12 4 10 4 16 17 18
23 3 4 7 9 10 11 12 7 16 -1 5 6 8 13 14 15 17 18 19 20 21 22 24 25 26 27 28 29 30 31 32 33 34 35 36 37 38 39 40 41 42 43 44 45 46 47 48 49 50 51 52 53 54 55 56 57 58 59 60 61 62 63 64 65 66 67 output 2 3 4 5 6 4 8 7 10
23 3 4 5 6 7 8 9 10 20 12 11 13 20 15 7 13 16 -1 14 17 18 19 21 22 24 25 26 27 28 29 30 31 32 33 34 35 36 37 38 39 40 41 42 43 44 45 46 47 48 49 50 51 52 53 54 55 56 57 58 59 60 61 62 63 64 65 66 67 output 2 3 6 8 9 10 11 12 13 10 15 6 13 18
25 3 4 7 9 10 11 12 20 13 20 15 7 13 20 14 24 16 -1 5 6 8 17 18 19 21 22 23 26 27 28 29 30 31 32 33 34 35 36 37 38 39 40 41 42 43 44 45 46 47 48 49 50 51 52 53 54 55 56 57 58 59 60 61 62 63 64 65 66 67 output 2 3 4 5 6 9 8 7 10 9 12 4 10 9 16 17 18
22 3 4 7 9 10 11 12 7 16 -1 5 6 8 13 14 15 17 18 19 20 21 23 24 25 26 27 28 29 30 31 32 33 34 35 36 37 38 39 40 41 42 43 44 45 46 47 48 49 50 51 52 53 54 55 56 57 58 59 60 61 62 63 64 65 66 67 output 2 3 12 13 4 14 5 6 4 8 7 15 10
19 3 4 7 9 10 11 12 20 13 20 15 7 13 16 -1 5 6 8 14 17 18 21 22 23 24 25 26 27 28 29 30 31 32 33 34 35 36 37 38 39 40 41 42 43 44 45 46 47 48 49 50 51 52 53 54 55 56 57 58 59 60 61 62 63 64 65 66 67 output 2 3 4 5 6 9 8 7 10 9 12 4 10 15
47 3 4 7 9 10 11 12 7 16 -1 5 6 8 13 14 15 17 18 19 20 21 22 23 24 25 26 27 28 29 30 31 32 33 34 35 36 37 38 39 40 41 42 43 44 45 46 48 49 50 51 52 53 54 55 56 57 58 59 60 61 62 63 64 65 66 67 output 2 3 4 5 6 4 8 7 10
34 3 4 5 6 7 8 9 10 7 12 11 13 16 -1 14 15 17 18 19 20 21 22 23 24 25 26 27 28 29 30 31 32 33 35 36 37 38 39 40 41 42 43 44 45 46 47 48 49 50 51 52 53 54 55 56 57 58 59 60 61 62 63 64 65 66 67 output 2 3 6 8 9 6 11 12 14
48 3 4 7 9 10 20 12 11 13 20 15 7 13 20 14 24 16 -1 5 6 8 17 18 19 21 22 23 25 26 27 28 29 30 31 32 33 34 35 36 37 38 39 40 41 42 43 44 45 46 47 49 50 51 52 53 54 55 56 57 58 59 60 61 62 63 64 65 66 67 output 2 3 20 21 4 22 5 6 9 8 7 10 7 12 4 10 7 16 17 18
19 3 4 7 9 10 11 12 20 13 20 15 7 13 16 -1 5 6 8 14 17 18 21 22 23 24 25 26 27 28 29 30 31 32 33 34 35 36 37 38 39 40 41 42 43 44 45 46 47 48 49 50 51 52 53 54 55 56 57 58 59 60 61 62 63 64 65 66 67 output 2 3 4 5 6 9 8 7 10 4 12 9 10 15
22 3 4 7 9 10 20 12 11 13 20 15 7 13 20 14 24 16 -1 5 6 8 17 18 19 21 23 25 26 27 28 29 30 31 32 33 34 35 36 37 38 39 40 41 42 43 44 45 46 47 48 49 50 51 52 53 54 55 56 57 58 59 60 61 62 63 64 65 66 67 output 2 3 20 21 4 22 5 6 7 8 9 10 4 12 7 10 4 16 17 18
45 3 4 7 9 10 7 12 11 13 7 14 15 16 -1 5 6 8 17 18 19 20 21 22 23 24 25 26 27 28 29 30 31 32 33 34 35 36 37 38 39 40 41 42 43 44 46 47 48 49 50 51 52 53 54 55 56 57 58 59 60 61 62 63 64 65 66 67 output 2 3 16 17 4 18 5 6 4 8 9 10 4 12 13 14
22 3 4 7 9 10 20 12 11 13 20 15 7 13 16 -1 5 6 8 14 17 18 19 21 23 24 25 26 27 28 29 30 31 32 33 34 35 36 37 38 39 40 41 42 43 44 45 46 47 48 49 50 51 52 53 54 55 56 57 58 59 60 61 62 63 64 65 66 67 output 2 3 17 18 4 19 5 6 7 8 9 10 7 8 4 15
22 3 4 7 9 10 20 12 11 13 20 15 7 13 20 14 24 16 -1 5 6 8 17 18 19 21 23 25 26 27 28 29 30 31 32 33 34 35 36 37 38 39 40 41 42 43 44 45 46 47 48 49 50 51 52 53 54 55 56 57 58 59 60 61 62 63 64 65 66 67 output 2 3 20 21 4 22 5 6 7 8 9 10 4 12 7 10 4 16 17 18
23 3 4 7 9 10 11 12 20 13 20 15 7 13 16 -1 5 6 8 14 17 18 19 21 22 24 25 26 27 28 29 30 31 32 33 34 35 36 37 38 39 40 41 42 43 44 45 46 47 48 49 50 51 52 53 54 55 56 57 58 59 60 61 62 63 64 65 66 67 output 2 3 4 5 6 9 8 7 10 9 12 4 10 15
26 3 4 5 6 7 8 9 10 7 12 11 13 7 14 15 16 -1 17 18 19 20 21 22 23 24 25 27 28 29 30 31 32 33 34 35 36 37 38 39 40 41 42 43 44 45 46 47 48 49 50 51 52 53 54 55 56 57 58 59 60 61 62 63 64 65 66 67 output 2 3 6 8 9 6 11 12 13 6 15 16 17
23 3 4 5 6 7 8 9 10 20 12 11 13 20 15 7 13 16 -1 14 17 18 19 21 22 24 25 26 27 28 29 30 31 32 33 34 35 36 37 38 39 40 41 42 43 44 45 46 47 48 49 50 51 52 53 54 55 56 57 58 59 60 61 62 63 64 65 66 67 output 2 3 6 8 9 10 11 12 13 6 15 10 13 18
22 3 4 5 6 7 8 9 10 20 12 11 13 20 15 7 13 16 -1 14 17 18 19 21 23 24 25 26 27 28 29 30 31 32 33 34 35 36 37 38 39 40 41 42 43 44 45 46 47 48 49 50 51 52 53 54 55 56 57 58 59 60 61 62 63 64 65 66 67 output 2 3 4 5 6 7 8 9 12 11 10 13 10 15 6 13 18
49 3 4 5 6 7 8 9 10 20 12 11 13 20 15 7 13 16 -1 14 17 18 19 21 22 23 24 25 26 27 28 29 30 31 32 33 34 35 36 37 38 39 40 41 42 43 44 45 46 47 48 50 51 52 53 54 55 56 57 58 59 60 61 62 63 64 65 66 67 output 2 3 6 8 9 10 11 12 13 10 15 6 13 18
25 3 4 5 6 7 8 9 10 20 12 11 13 7 15 20 13 7 14 24 16 -1 17 18 19 21 22 23 26 27 28 29 30 31 32 33 34 35 36 37 38 39 40 41 42 43 44 45 46 47 48 49 50 51 52 53 54 55 56 57 58 59 60 61 62 63 64 65 66 67 output 2 3 6 8 9 10 11 12 13 10 15 6 13 10 19 20 21
22 3 4 7 9 10 7 12 11 13 7 12 14 13 16 -1 5 6 8 15 17 18 19 20 21 23 24 25 26 27 28 29 30 31 32 33 34 35 36 37 38 39 40 41 42 43 44 45 46 47 48 49 50 51 52 53 54 55 56 57 58 59 60 61 62 63 64 65 66 67 output 2 3 17 18 4 19 5 6 4 8 9 10 4 20 13 15
34 3 4 7 9 10 11 12 7 16 -1 5 6 8 13 14 15 17 18 19 20 21 22 23 24 25 26 27 28 29 30 31 32 33 35 36 37 38 39 40 41 42 43 44 45 46 47 48 49 50 51 52 53 54 55 56 57 58 59 60 61 62 63 64 65 66 67 output 2 3 4 5 6 4 8 7 10
46 3 4 5 6 7 8 9 10 11 12 7 13 16 -1 14 15 17 18 19 20 21 22 23 24 25 26 27 28 29 30 31 32 33 34 35 36 37 38 39 40 41 42 43 44 45 47 48 49 50 51 52 53 54 55 56 57 58 59 60 61 62 63 64 65 66 67 output 2 3 6 8 9 6 11 10 13 14
50 3 4 7 9 10 11 12 7 16 -1 5 6 8 13 14 15 17 18 19 20 21 22 23 24 25 26 27 28 29 30 31 32 33 34 35 36 37 38 39 40 41 42 43 44 45 46 47 48 49 51 52 53 54 55 56 57 58 59 60 61 62 63 64 65 66 67 output 2 3 4 5 6 4 8 7 10
23 3 4 7 9 10 11 12 20 13 20 15 7 13 16 -1 5 6 8 14 17 18 19 21 22 24 25 26 27 28 29 30 31 32 33 34 35 36 37 38 39 40 41 42 43 44 45 46 47 48 49 50 51 52 53 54 55 56 57 58 59 60 61 62 63 64 65 66 67 output 2 3 4 5 6 9 8 7 10 9 12 4 10 15
36 3 4 7 9 10 11 12 7 16 -1 5 6 8 13 14 15 17 18 19 20 21 22 23 24 25 26 27 28 29 30 31 32 33 34 35 37 38 39 40 41 42 43 44 45 46 47 48 49 50 51 52 53 54 55 56 57 58 59 60 61 62 63 64 65 66 67 output 2 3 12 13 4 14 5 6 7 8 4 15 10
23 3 4 5 6 7 8 9 10 20 12 11 13 20 12 7 16 -1 14 15 17 18 19 21 22 24 25 26 27 28 29 30 31 32 33 34 35 36 37 38 39 40 41 42 43 44 45 46 47 48 49 50 51 52 53 54 55 56 57 58 59 60 61 62 63 64 65 66 67 output 2 3 6 8 9 10 11 12 13 10 20 6 13 17
37 3 4 7 9 10 20 12 11 13 20 15 7 13 16 -1 5 6 8 14 17 18 19 21 22 23 24 25 26 27 28 29 30 31 32 33 34 35 36 38 39 40 41 42 43 44 45 46 47 48 49 50 51 52 53 54 55 56 57 58 59 60 61 62 63 64 65 66 67 output 2 3 17 18 4 19 5 6 7 8 9 10 4 12 7 10 15
19 3 4 5 6 7 8 9 10 7 12 11 13 16 -1 14 15 17 18 20 21 22 23 24 25 26 27 28 29 30 31 32 33 34 35 36 37 38 39 40 41 42 43 44 45 46 47 48 49 50 51 52 53 54 55 56 57 58 59 60 61 62 63 64 65 66 67 output 2 3 6 8 9 6 11 12 13 14
22 3 4 7 9 10 11 12 7 16 -1 5 6 8 13 14 15 17 18 19 20 21 23 24 25 26 27 28 29 30 31 32 33 34 35 36 37 38 39 40 41 42 43 44 45 46 47 48 49 50 51 52 53 54 55 56 57 58 59 60 61 62 63 64 65 66 67 output 2 3 12 13 4 14 5 6 4 8 7 15 10
22 3 4 7 9 10 7 12 11 13 7 14 15 16 -1 5 6 8 17 18 19 20 21 23 24 25 26 27 28 29 30 31 32 33 34 35 36 37 38 39 40 41 42 43 44 45 46 47 48 49 50 51 52 53 54 55 56 57 58 59 60 61 62 63 64 65 66 67 output 2 3 16 17 4 18 5 6 4 8 9 10 4 12 13 14
28 3 4 5 6 7 8 9 10 7 12 11 13 7 14 15 16 -1 17 18 19 20 21 22 23 24 25 26 27 29 30 31 32 33 34 35 36 37 38 39 40 41 42 43 44 45 46 47 48 49 50 51 52 53 54 55 56 57 58 59 60 61 62 63 64 65 66 67 output 2 3 6 8 9 6 11 12 13 6 15 16 17
46 3 4 7 9 10 11 12 7 16 -1 5 6 8 13 14 15 17 18 19 20 21 22 23 24 25 26 27 28 29 30 31 32 33 34 35 36 37 38 39 40 41 42 43 44 45 47 48 49 50 51 52 53 54 55 56 57 58 59 60 61 62 63 64 65 66 67 output 2 3 4 5 6 4 8 7 15 10
23 3 4 7 9 10 20 12 11 13 20 15 7 13 16 -1 5 6 8 14 17 18 19 21 22 24 25 26 27 28 29 30 31 32 33 34 35 36 37 38 39 40 41 42 43 44 45 46 47 48 49 50 51 52 53 54 55 56 57 58 59 60 61 62 63 64 65 66 67 output 2 3 4 5 6 9 8 7 10 7 12 4 10 15
27 3 4 7 9 10 11 12 7 13 14 12 7 13 16 -1 5 6 8 15 17 18 19 20 21 22 23 24 25 26 28 29 30 31 32 33 34 35 36 37 38 39 40 41 42 43 44 45 46 47 48 49 50 51 52 53 54 55 56 57 58 59 60 61 62 63 64 65 66 67 output 2 3 4 5 6 4 8 7 10 4 8 11 10 15
22 3 4 7 9 10 11 12 7 16 -1 5 6 8 13 14 15 17 18 19 20 21 23 24 25 26 27 28 29 30 31 32 33 34 35 36 37 38 39 40 41 42 43 44 45 46 47 48 49 50 51 52 53 54 55 56 57 58 59 60 61 62 63 64 65 66 67 output 2 3 12 13 4 14 5 6 7 8 4 15 10
21 3 4 5 6 7 8 9 10 20 12 11 13 20 15 7 13 16 -1 14 17 18 19 22 23 24 25 26 27 28 29 30 31 32 33 34 35 36 37 38 39 40 41 42 43 44 45 46 47 48 49 50 51 52 53 54 55 56 57 58 59 60 61 62 63 64 65 66 67 output 2 3 6 8 9 10 11 12 13 6 15 10 13 18
37 3 4 7 9 10 11 12 7 16 -1 5 6 8 13 14 15 17 18 19 20 21 22 23 24 25 26 27 28 29 30 31 32 33 34 35 36 38 39 40 41 42 43 44 45 46 47 48 49 50 51 52 53 54 55 56 57 58 59 60 61 62 63 64 65 66 67 output 2 3 12 13 4 14 5 6 4 8 7 15 10
42 3 4 7 9 10 11 12 7 16 -1 5 6 8 13 14 15 17 18 19 20 21 22 23 24 25 26 27 28 29 30 31 32 33 34 35 36 37 38 39 40 41 43 44 45 46 47 48 49 50 51 52 53 54 55 56 57 58 59 60 61 62 63 64 65 66 67 output 2 3 4 5 6 4 8 7 10
26 3 4 5 6 7 8 9 10 20 12 11 13 20 15 7 13 7 14 24 16 -1 17 18 19 21 22 23 25 27 28 29 30 31 32 33 34 35 36 37 38 39 40 41 42 43 44 45 46 47 48 49 50 51 52 53 54 55 56 57 58 59 60 61 62 63 64 65 66 67 output 2 3 6 8 9 10 11 12 13 10 15 6 13 10 19 20 21
37 3 4 7 9 10 20 12 11 13 20 15 7 13 20 14 24 16 -1 5 6 8 17 18 19 21 22 23 25 26 27 28 29 30 31 32 33 34 35 36 38 39 40 41 42 43 44 45 46 47 48 49 50 51 52 53 54 55 56 57 58 59 60 61 62 63 64 65 66 67 output 2 3 20 21 4 22 5 6 7 8 9 10 7 12 4 10 4 16 17 18
45 3 4 7 9 10 20 12 11 13 7 15 20 13 16 -1 5 6 8 14 17 18 19 21 22 23 24 25 26 27 28 29 30 31 32 33 34 35 36 37 38 39 40 41 42 43 44 46 47 48 49 50 51 52 53 54 55 56 57 58 59 60 61 62 63 64 65 66 67 output 2 3 17 18 4 19 5 6 7 8 9 10 4 12 7 10 15
27 3 4 7 9 10 11 12 7 13 14 15 7 16 -1 5 6 8 17 18 19 20 21 22 23 24 25 26 28 29 30 31 32 33 34 35 36 37 38 39 40 41 42 43 44 45 46 47 48 49 50 51 52 53 54 55 56 57 58 59 60 61 62 63 64 65 66 67 output 2 3 4 5 6 4 8 7 10 4 8 11 10 14
19 3 4 7 9 10 11 12 7 16 -1 5 6 8 13 14 15 17 18 20 21 22 23 24 25 26 27 28 29 30 31 32 33 34 35 36 37 38 39 40 41 42 43 44 45 46 47 48 49 50 51 52 53 54 55 56 57 58 59 60 61 62 63 64 65 66 67 output 2 3 4 5 6 4 8 7 15 10
22 3 4 5 6 7 8 9 10 20 12 11 13 20 15 7 13 7 14 24 16 -1 17 18 19 21 23 25 26 27 28 29 30 31 32 33 34 35 36 37 38 39 40 41 42 43 44 45 46 47 48 49 50 51 52 53 54 55 56 57 58 59 60 61 62 63 64 65 66 67 output 2 3 4 5 6 7 8 9 12 11 10 13 10 15 6 13 10 19 20 21
45 3 4 5 6 7 8 9 10 20 12 11 13 20 15 7 13 16 -1 14 17 18 19 21 22 23 24 25 26 27 28 29 30 31 32 33 34 35 36 37 38 39 40 41 42 43 44 46 47 48 49 50 51 52 53 54 55 56 57 58 59 60 61 62 63 64 65 66 67 output 2 3 6 8 9 10 11 12 13 10 15 6 13 18
22 3 4 7 9 10 20 12 11 13 20 15 7 13 20 14 24 16 -1 5 6 8 17 18 19 21 23 25 26 27 28 29 30 31 32 33 34 35 36 37 38 39 40 41 42 43 44 45 46 47 48 49 50 51 52 53 54 55 56 57 58 59 60 61 62 63 64 65 66 67 output 2 3 20 21 4 22 5 6 7 8 9 10 7 12 4 10 4 16 17 18
23 3 4 7 9 10 11 12 7 16 -1 5 6 8 13 14 15 17 18 19 20 21 22 24 25 26 27 28 29 30 31 32 33 34 35 36 37 38 39 40 41 42 43 44 45 46 47 48 49 50 51 52 53 54 55 56 57 58 59 60 61 62 63 64 65 66 67 output 2 3 4 5 6 4 8 7 10
26 3 4 7 9 10 11 12 7 16 -1 5 6 8 13 14 15 17 18 19 20 21 22 23 24 25 27 28 29 30 31 32 33 34 35 36 37 38 39 40 41 42 43 44 45 46 47 48 49 50 51 52 53 54 55 56 57 58 59 60 61 62 63 64 65 66 67 output 2 3 4 5 6 4 8 7 10
51 3 4 5 6 7 8 9 10 20 12 11 13 20 15 7 13 16 -1 14 17 18 19 21 22 23 24 25 26 27 28 29 30 31 32 33 34 35 36 37 38 39 40 41 42 43 44 45 46 47 48 49 50 52 53 54 55 56 57 58 59 60 61 62 63 64 65 66 67 output 2 3 6 8 9 10 11 12 13 6 15 10 13 18
26 3 4 5 6 7 8 9 10 20 12 11 13 20 15 7 13 16 -1 14 17 18 19 21 22 23 24 25 27 28 29 30 31 32 33 34 35 36 37 38 39 40 41 42 43 44 45 46 47 48 49 50 51 52 53 54 55 56 57 58 59 60 61 62 63 64 65 66 67 output 2 3 6 8 9 10 11 12 13 6 15 10 13 18
26 3 4 7 9 10 11 12 20 13 20 15 7 13 16 -1 5 6 8 14 17 18 19 21 22 23 24 25 27 28 29 30 31 32 33 34 35 36 37 38 39 40 41 42 43 44 45 46 47 48 49 50 51 52 53 54 55 56 57 58 59 60 61 62 63 64 65 66 67 output 2 3 4 5 6 9 8 7 10 4 12 9 10 15
19 3 4 7 9 10 11 12 7 16 -1 5 6 8 13 14 15 17 18 20 21 22 23 24 25 26 27 28 29 30 31 32 33 34 35 36 37 38 39 40 41 42 43 44 45 46 47 48 49 50 51 52 53 54 55 56 57 58 59 60 61 62 63 64 65 66 67 output 2 3 4 5 6 4 8 7 15 10
22 3 4 7 9 10 11 12 7 16 -1 5 6 8 13 14 15 17 18 19 20 21 23 24 25 26 27 28 29 30 31 32 33 34 35 36 37 38 39 40 41 42 43 44 45 46 47 48 49 50 51 52 53 54 55 56 57 58 59 60 61 62 63 64 65 66 67 output 2 3 12 13 4 14 5 6 7 8 4 15 10
37 3 4 7 9 10 20 12 11 13 20 15 7 13 20 14 24 16 -1 5 6 8 17 18 19 21 22 23 25 26 27 28 29 30 31 32 33 34 35 36 38 39 40 41 42 43 44 45 46 47 48 49 50 51 52 53 54 55 56 57 58 59 60 61 62 63 64 65 66 67 output 2 3 20 21 4 22 5 6 7 8 9 10 4 12 7 10 4 16 17 18
19 3 4 7 9 10 11 12 7 13 14 12 7 13 16 -1 5 6 8 15 17 18 20 21 22 23 24 25 26 27 28 29 30 31 32 33 34 35 36 37 38 39 40 41 42 43 44 45 46 47 48 49 50 51 52 53 54 55 56 57 58 59 60 61 62 63 64 65 66 67 output 2 3 4 5 6 4 8 7 10 4 8 11 10 15
22 3 4 7 9 10 7 12 11 13 7 12 14 13 16 -1 5 6 8 15 17 18 19 20 21 23 24 25 26 27 28 29 30 31 32 33 34 35 36 37 38 39 40 41 42 43 44 45 46 47 48 49 50 51 52 53 54 55 56 57 58 59 60 61 62 63 64 65 66 67 output 2 3 17 18 4 19 5 6 4 8 9 10 4 8 13 15
52 3 4 5 6 7 8 9 10 20 12 11 13 20 15 7 13 16 -1 14 17 18 19 21 22 23 24 25 26 27 28 29 30 31 32 33 34 35 36 37 38 39 40 41 42 43 44 45 46 47 48 49 50 51 53 54 55 56 57 58 59 60 61 62 63 64 65 66 67 output 2 3 6 8 9 10 11 12 13 10 15 6 13 18
23 3 4 7 9 10 20 12 11 13 7 15 20 13 7 14 24 16 -1 5 6 8 17 18 19 21 22 25 26 27 28 29 30 31 32 33 34 35 36 37 38 39 40 41 42 43 44 45 46 47 48 49 50 51 52 53 54 55 56 57 58 59 60 61 62 63 64 65 66 67 output 2 3 20 21 4 22 5 6 7 8 9 10 4 12 7 10 4 16 17 18
22 3 4 7 9 10 20 12 11 13 20 15 7 13 20 14 24 16 -1 5 6 8 17 18 19 21 23 25 26 27 28 29 30 31 32 33 34 35 36 37 38 39 40 41 42 43 44 45 46 47 48 49 50 51 52 53 54 55 56 57 58 59 60 61 62 63 64 65 66 67 output 2 3 20 21 4 22 5 6 7 8 9 10 7 12 4 10 4 16 17 18
25 3 4 7 9 10 11 12 20 13 20 15 7 13 16 -1 5 6 8 14 17 18 19 21 22 23 24 26 27 28 29 30 31 32 33 34 35 36 37 38 39 40 41 42 43 44 45 46 47 48 49 50 51 52 53 54 55 56 57 58 59 60 61 62 63 64 65 66 67 output 2 3 4 5 6 9 8 7 10 9 12 4 10 15
45 3 4 7 9 10 20 12 11 13 20 15 7 13 16 -1 5 6 8 14 17 18 19 21 22 23 24 25 26 27 28 29 30 31 32 33 34 35 36 37 38 39 40 41 42 43 44 46 47 48 49 50 51 52 53 54 55 56 57 58 59 60 61 62 63 64 65 66 67 output 2 3 17 18 4 19 5 6 7 8 9 10 7 8 4 15
23 3 4 7 9 10 11 12 20 13 20 15 7 13 16 -1 5 6 8 14 17 18 19 21 22 24 25 26 27 28 29 30 31 32 33 34 35 36 37 38 39 40 41 42 43 44 45 46 47 48 49 50 51 52 53 54 55 56 57 58 59 60 61 62 63 64 65 66 67 output 2 3 4 5 6 9 8 7 10 4 12 9 10 15
53 3 4 7 9 10 20 12 11 13 20 15 7 13 20 14 24 16 -1 5 6 8 17 18 19 21 22 23 25 26 27 28 29 30 31 32 33 34 35 36 37 38 39 40 41 42 43 44 45 46 47 48 49 50 51 52 54 55 56 57 58 59 60 61 62 63 64 65 66 67 output 2 3 20 21 4 22 5 6 7 8 9 10 7 12 4 10 4 16 17 18
22 3 4 7 9 10 20 12 11 13 7 15 20 13 7 14 24 16 -1 5 6 8 17 18 19 21 23 25 26 27 28 29 30 31 32 33 34 35 36 37 38 39 40 41 42 43 44 45 46 47 48 49 50 51 52 53 54 55 56 57 58 59 60 61 62 63 64 65 66 67 output 2 3 20 21 4 22 5 6 7 8 9 10 4 12 7 10 4 16 17 18
23 3 4 7 9 10 20 12 11 13 20 15 7 13 20 14 24 16 -1 5 6 8 17 18 19 21 22 25 26 27 28 29 30 31 32 33 34 35 36 37 38 39 40 41 42 43 44 45 46 47 48 49 50 51 52 53 54 55 56 57 58 59 60 61 62 63 64 65 66 67 output 2 3 4 5 6 7 8 9 10 4 12 7 10 4 16 17 18
26 3 4 7 9 10 20 12 11 13 20 15 7 13 20 14 24 16 -1 5 6 8 17 18 19 21 22 23 25 27 28 29 30 31 32 33 34 35 36 37 38 39 40 41 42 43 44 45 46 47 48 49 50 51 52 53 54 55 56 57 58 59 60 61 62 63 64 65 66 67 output 2 3 4 5 6 7 8 9 10 4 12 7 10 4 16 17 18
19 3 4 7 9 10 11 12 7 16 -1 5 6 8 13 14 15 17 18 20 21 22 23 24 25 26 27 28 29 30 31 32 33 34 35 36 37 38 39 40 41 42 43 44 45 46 47 48 49 50 51 52 53 54 55 56 57 58 59 60 61 62 63 64 65 66 67 output 2 3 4 5 6 4 8 7 15 10
22 3 4 7 9 10 11 12 7 16 -1 5 6 8 13 14 15 17 18 19 20 21 23 24 25 26 27 28 29 30 31 32 33 34 35 36 37 38 39 40 41 42 43 44 45 46 47 48 49 50 51 52 53 54 55 56 57 58 59 60 61 62 63 64 65 66 67 output 2 3 12 13 4 14 5 6 4 8 7 15 10
22 3 4 7 9 10 20 12 11 13 20 15 7 13 20 14 24 16 -1 5 6 8 17 18 19 21 23 25 26 27 28 29 30 31 32 33 34 35 36 37 38 39 40 41 42 43 44 45 46 47 48 49 50 51 52 53 54 55 56 57 58 59 60 61 62 63 64 65 66 67 output 2 3 20 21 4 22 5 6 7 8 9 10 4 12 7 10 4 16 17 18
54 3 4 7 9 10 11 12 7 16 -1 5 6 8 13 14 15 17 18 19 20 21 22 23 24 25 26 27 28 29 30 31 32 33 34 35 36 37 38 39 40 41 42 43 44 45 46 47 48 49 50 51 52 53 55 56 57 58 59 60 61 62 63 64 65 66 67 output 2 3 12 13 4 14 5 6 4 8 7 15 10
22 3 4 7 9 10 7 12 11 13 7 14 15 16 -1 5 6 8 17 18 19 20 21 23 24 25 26 27 28 29 30 31 32 33 34 35 36 37 38 39 40 41 42 43 44 45 46 47 48 49 50 51 52 53 54 55 56 57 58 59 60 61 62 63 64 65 66 67 output 2 3 16 17 4 18 5 6 4 8 9 10 4 12 13 14
27 3 4 5 6 7 8 9 10 20 12 11 13 20 15 7 13 16 -1 14 17 18 19 21 22 23 24 25 26 28 29 30 31 32 33 34 35 36 37 38 39 40 41 42 43 44 45 46 47 48 49 50 51 52 53 54 55 56 57 58 59 60 61 62 63 64 65 66 67 output 2 3 6 8 9 10 11 12 13 6 15 10 13 18
19 3 4 7 9 10 11 12 7 16 -1 5 6 8 13 14 15 17 18 20 21 22 23 24 25 26 27 28 29 30 31 32 33 34 35 36 37 38 39 40 41 42 43 44 45 46 47 48 49 50 51 52 53 54 55 56 57 58 59 60 61 62 63 64 65 66 67 output 2 3 4 5 6 4 8 7 10
55 3 4 5 6 7 8 9 10 20 12 11 13 20 15 7 13 16 -1 14 17 18 19 21 22 23 24 25 26 27 28 29 30 31 32 33 34 35 36 37 38 39 40 41 42 43 44 45 46 47 48 49 50 51 52 53 54 56 57 58 59 60 61 62 63 64 65 66 67 output 2 3 6 8 9 10 11 12 13 10 15 6 13 18
45 3 4 7 9 10 20 12 11 13 20 15 7 13 20 14 24 16 -1 5 6 8 17 18 19 21 22 23 25 26 27 28 29 30 31 32 33 34 35 36 37 38 39 40 41 42 43 44 46 47 48 49 50 51 52 53 54 55 56 57 58 59 60 61 62 63 64 65 66 67 output 2 3 20 21 4 22 5 6 7 8 9 10 4 12 7 10 4 16 17 18
23 3 4 5 6 7 8 9 10 7 12 11 13 7 14 15 16 -1 17 18 19 20 21 22 24 25 26 27 28 29 30 31 32 33 34 35 36 37 38 39 40 41 42 43 44 45 46 47 48 49 50 51 52 53 54 55 56 57 58 59 60 61 62 63 64 65 66 67 output 2 3 6 8 9 6 11 12 13 6 15 16 17
22 3 4 7 9 10 7 12 11 13 7 14 15 16 -1 5 6 8 17 18 19 20 21 23 24 25 26 27 28 29 30 31 32 33 34 35 36 37 38 39 40 41 42 43 44 45 46 47 48 49 50 51 52 53 54 55 56 57 58 59 60 61 62 63 64 65 66 67 output 2 3 16 17 4 18 5 6 4 8 9 10 4 12 13 14
34 3 4 7 9 10 11 12 7 16 -1 5 6 8 13 14 15 17 18 19 20 21 22 23 24 25 26 27 28 29 30 31 32 33 35 36 37 38 39 40 41 42 43 44 45 46 47 48 49 50 51 52 53 54 55 56 57 58 59 60 61 62 63 64 65 66 67 output 2 3 4 5 6 4 8 7 10
22 3 4 7 9 10 11 12 7 16 -1 5 6 8 13 14 15 17 18 19 20 21 23 24 25 26 27 28 29 30 31 32 33 34 35 36 37 38 39 40 41 42 43 44 45 46 47 48 49 50 51 52 53 54 55 56 57 58 59 60 61 62 63 64 65 66 67 output 2 3 12 13 4 14 5 6 7 8 4 15 10
37 3 4 7 9 10 7 12 11 13 7 14 15 16 -1 5 6 8 17 18 19 20 21 22 23 24 25 26 27 28 29 30 31 32 33 34 35 36 38 39 40 41 42 43 44 45 46 47 48 49 50 51 52 53 54 55 56 57 58 59 60 61 62 63 64 65 66 67 output 2 3 16 17 4 18 5 6 4 8 9 10 4 12 13 14
22 3 4 5 6 7 8 9 10 20 12 11 13 20 15 7 13 7 14 24 16 -1 17 18 19 21 23 25 26 27 28 29 30 31 32 33 34 35 36 37 38 39 40 41 42 43 44 45 46 47 48 49 50 51 52 53 54 55 56 57 58 59 60 61 62 63 64 65 66 67 output 2 3 4 5 6 7 8 9 12 11 10 13 10 15 6 13 10 19 20 21
19 3 4 7 9 10 20 12 11 13 20 15 7 13 20 14 24 16 -1 5 6 8 17 18 21 22 23 25 26 27 28 29 30 31 32 33 34 35 36 37 38 39 40 41 42 43 44 45 46 47 48 49 50 51 52 53 54 55 56 57 58 59 60 61 62 63 64 65 66 67 output 2 3 4 5 6 9 8 7 10 7 8 4 10 7 16 17 18
25 3 4 7 9 10 11 12 20 13 20 15 7 13 20 14 24 16 -1 5 6 8 17 18 19 21 22 23 26 27 28 29 30 31 32 33 34 35 36 37 38 39 40 41 42 43 44 45 46 47 48 49 50 51 52 53 54 55 56 57 58 59 60 61 62 63 64 65 66 67 output 2 3 4 5 6 9 8 7 10 9 12 4 10 9 16 17 18
22 3 4 7 9 10 20 12 11 13 20 15 7 13 16 -1 5 6 8 14 17 18 19 21 23 24 25 26 27 28 29 30 31 32 33 34 35 36 37 38 39 40 41 42 43 44 45 46 47 48 49 50 51 52 53 54 55 56 57 58 59 60 61 62 63 64 65 66 67 output 2 3 17 18 4 19 5 6 7 8 9 10 7 12 4 10 15
26 3 4 7 9 10 20 12 11 13 20 15 7 13 20 14 24 16 -1 5 6 8 17 18 19 21 22 23 25 27 28 29 30 31 32 33 34 35 36 37 38 39 40 41 42 43 44 45 46 47 48 49 50 51 52 53 54 55 56 57 58 59 60 61 62 63 64 65 66 67 output 2 3 4 5 6 9 8 7 10 7 12 4 10 7 16 17 18
23 3 4 5 6 7 8 9 10 7 12 11 13 16 -1 14 15 17 18 19 20 21 22 24 25 26 27 28 29 30 31 32 33 34 35 36 37 38 39 40 41 42 43 44 45 46 47 48 49 50 51 52 53 54 55 56 57 58 59 60 61 62 63 64 65 66 67 output 2 3 6 8 9 6 11 12 14
21 3 4 5 6 7 8 9 10 20 12 11 13 20 15 7 13 16 -1 14 17 18 19 22 23 24 25 26 27 28 29 30 31 32 33 34 35 36 37 38 39 40 41 42 43 44 45 46 47 48 49 50 51 52 53 54 55 56 57 58 59 60 61 62 63 64 65 66 67 output 2 3 6 8 9 10 11 12 13 6 15 10 13 18
26 3 4 7 9 10 11 12 7 13 14 15 7 16 -1 5 6 8 17 18 19 20 21 22 23 24 25 27 28 29 30 31 32 33 34 35 36 37 38 39 40 41 42 43 44 45 46 47 48 49 50 51 52 53 54 55 56 57 58 59 60 61 62 63 64 65 66 67 output 2 3 4 5 6 4 8 7 10 4 12 11 10 14
46 3 4 7 9 10 11 12 7 16 -1 5 6 8 13 14 15 17 18 19 20 21 22 23 24 25 26 27 28 29 30 31 32 33 34 35 36 37 38 39 40 41 42 43 44 45 47 48 49 50 51 52 53 54 55 56 57 58 59 60 61 62 63 64 65 66 67 output 2 3 4 5 6 4 8 7 10
22 3 4 7 9 10 20 12 11 13 20 15 7 13 20 14 24 16 -1 5 6 8 17 18 19 21 23 25 26 27 28 29 30 31 32 33 34 35 36 37 38 39 40 41 42 43 44 45 46 47 48 49 50 51 52 53 54 55 56 57 58 59 60 61 62 63 64 65 66 67 output 2 3 20 21 4 22 5 6 7 8 9 10 7 12 4 10 4 16 17 18
26 3 4 7 9 10 11 12 7 16 -1 5 6 8 13 14 15 17 18 19 20 21 22 23 24 25 27 28 29 30 31 32 33 34 35 36 37 38 39 40 41 42 43 44 45 46 47 48 49 50 51 52 53 54 55 56 57 58 59 60 61 62 63 64 65 66 67 output 2 3 4 5 6 4 8 7 10
22 3 4 7 9 10 11 12 7 16 -1 5 6 8 13 14 15 17 18 19 20 21 23 24 25 26 27 28 29 30 31 32 33 34 35 36 37 38 39 40 41 42 43 44 45 46 47 48 49 50 51 52 53 54 55 56 57 58 59 60 61 62 63 64 65 66 67 output 2 3 12 13 4 14 5 6 4 8 7 15 10
23 3 4 7 9 10 11 12 7 16 -1 5 6 8 13 14 15 17 18 19 20 21 22 24 25 26 27 28 29 30 31 32 33 34 35 36 37 38 39 40 41 42 43 44 45 46 47 48 49 50 51 52 53 54 55 56 57 58 59 60 61 62 63 64 65 66 67 output 2 3 4 5 6 4 8 7 10
23 3 4 5 6 7 8 9 10 20 12 11 13 20 15 7 13 7 14 24 16 -1 17 18 19 21 22 25 26 27 28 29 30 31 32 33 34 35 36 37 38 39 40 41 42 43 44 45 46 47 48 49 50 51 52 53 54 55 56 57 58 59 60 61 62 63 64 65 66 67 output 2 3 6 8 9 10 11 12 13 10 15 6 13 10 19 20 21
26 3 4 7 9 10 11 12 7 16 -1 5 6 8 13 14 15 17 18 19 20 21 22 23 24 25 27 28 29 30 31 32 33 34 35 36 37 38 39 40 41 42 43 44 45 46 47 48 49 50 51 52 53 54 55 56 57 58 59 60 61 62 63 64 65 66 67 output 2 3 4 5 6 4 8 7 15 10
28 3 4 7 9 10 7 12 11 13 7 12 14 13 16 -1 5 6 8 15 17 18 19 20 21 22 23 24 25 26 27 29 30 31 32 33 34 35 36 37 38 39 40 41 42 43 44 45 46 47 48 49 50 51 52 53 54 55 56 57 58 59 60 61 62 63 64 65 66 67 output 2 3 4 5 6 4 8 9 10 4 20 13 10 15
22 3 4 7 9 10 20 12 11 13 20 15 7 13 16 -1 5 6 8 14 17 18 19 21 23 24 25 26 27 28 29 30 31 32 33 34 35 36 37 38 39 40 41 42 43 44 45 46 47 48 49 50 51 52 53 54 55 56 57 58 59 60 61 62 63 64 65 66 67 output 2 3 17 18 4 19 5 6 7 8 9 10 7 12 4 10 15
28 3 4 7 9 10 20 12 11 13 20 15 7 13 16 -1 5 6 8 14 17 18 19 21 22 23 24 25 26 27 29 30 31 32 33 34 35 36 37 38 39 40 41 42 43 44 45 46 47 48 49 50 51 52 53 54 55 56 57 58 59 60 61 62 63 64 65 66 67 output 2 3 4 5 6 7 8 9 10 4 12 7 10 15
45 3 4 5 6 7 8 9 10 20 12 11 13 20 15 7 13 16 -1 14 17 18 19 21 22 23 24 25 26 27 28 29 30 31 32 33 34 35 36 37 38 39 40 41 42 43 44 46 47 48 49 50 51 52 53 54 55 56 57 58 59 60 61 62 63 64 65 66 67 output 2 3 4 5 6 7 8 9 10 11 12 13 6 15 10 13 18
23 3 4 7 9 10 11 12 7 16 -1 5 6 8 13 14 15 17 18 19 20 21 22 24 25 26 27 28 29 30 31 32 33 34 35 36 37 38 39 40 41 42 43 44 45 46 47 48 49 50 51 52 53 54 55 56 57 58 59 60 61 62 63 64 65 66 67 output 2 3 4 5 6 4 8 7 10
37 3 4 7 9 10 20 12 11 13 20 15 7 13 16 -1 5 6 8 14 17 18 19 21 22 23 24 25 26 27 28 29 30 31 32 33 34 35 36 38 39 40 41 42 43 44 45 46 47 48 49 50 51 52 53 54 55 56 57 58 59 60 61 62 63 64 65 66 67 output 2 3 17 18 4 19 5 6 7 8 9 10 7 12 4 10 15
22 3 4 7 9 10 20 12 11 13 20 15 7 13 20 14 24 16 -1 5 6 8 17 18 19 21 23 25 26 27 28 29 30 31 32 33 34 35 36 37 38 39 40 41 42 43 44 45 46 47 48 49 50 51 52 53 54 55 56 57 58 59 60 61 62 63 64 65 66 67 output 2 3 20 21 4 22 5 6 7 8 9 10 7 12 4 10 4 16 17 18
26 3 4 5 6 7 8 9 10 20 12 11 13 20 15 7 13 16 -1 14 17 18 19 21 22 23 24 25 27 28 29 30 31 32 33 34 35 36 37 38 39 40 41 42 43 44 45 46 47 48 49 50 51 52 53 54 55 56 57 58 59 60 61 62 63 64 65 66 67 output 2 3 6 8 9 10 11 12 13 10 15 6 13 18
26 3 4 7 9 10 11 12 7 16 -1 5 6 8 13 14 15 17 18 19 20 21 22 23 24 25 27 28 29 30 31 32 33 34 35 36 37 38 39 40 41 42 43 44 45 46 47 48 49 50 51 52 53 54 55 56 57 58 59 60 61 62 63 64 65 66 67 output 2 3 4 5 6 4 8 7 10
22 3 4 7 9 10 20 12 11 13 20 15 7 13 20 14 24 16 -1 5 6 8 17 18 19 21 23 25 26 27 28 29 30 31 32 33 34 35 36 37 38 39 40 41 42 43 44 45 46 47 48 49 50 51 52 53 54 55 56 57 58 59 60 61 62 63 64 65 66 67 output 2 3 20 21 4 22 5 6 7 8 9 10 4 12 7 10 4 16 17 18
45 3 4 7 9 10 11 12 7 13 14 15 7 16 -1 5 6 8 17 18 19 20 21 22 23 24 25 26 27 28 29 30 31 32 33 34 35 36 37 38 39 40 41 42 43 44 46 47 48 49 50 51 52 53 54 55 56 57 58 59 60 61 62 63 64 65 66 67 output 2 3 16 17 4 18 5 6 4 8 7 10 4 12 11 14
56 3 4 5 6 7 8 9 10 20 12 11 13 20 15 7 13 16 -1 14 17 18 19 21 22 23 24 25 26 27 28 29 30 31 32 33 34 35 36 37 38 39 40 41 42 43 44 45 46 47 48 49 50 51 52 53 54 55 57 58 59 60 61 62 63 64 65 66 67 output 2 3 6 8 9 10 11 12 13 10 15 6 13 18
23 3 4 5 6 7 8 9 10 20 12 11 13 20 15 7 13 16 -1 14 17 18 19 21 22 24 25 26 27 28 29 30 31 32 33 34 35 36 37 38 39 40 41 42 43 44 45 46 47 48 49 50 51 52 53 54 55 56 57 58 59 60 61 62 63 64 65 66 67 output 2 3 6 8 9 10 11 12 13 10 15 6 13 18
19 3 4 5 6 7 8 9 10 20 12 11 13 7 15 20 13 16 -1 14 17 18 21 22 23 24 25 26 27 28 29 30 31 32 33 34 35 36 37 38 39 40 41 42 43 44 45 46 47 48 49 50 51 52 53 54 55 56 57 58 59 60 61 62 63 64 65 66 67 output 2 3 6 8 9 10 11 12 13 6 15 10 13 18
23 3 4 5 6 7 8 9 10 20 12 11 13 20 15 7 13 16 -1 14 17 18 19 21 22 24 25 26 27 28 29 30 31 32 33 34 35 36 37 38 39 40 41 42 43 44 45 46 47 48 49 50 51 52 53 54 55 56 57 58 59 60 61 62 63 64 65 66 67 output 2 3 6 8 9 10 11 12 13 10 15 6 13 18
22 3 4 7 9 10 7 12 11 16 -1 5 6 8 13 14 15 17 18 19 20 21 23 24 25 26 27 28 29 30 31 32 33 34 35 36 37 38 39 40 41 42 43 44 45 46 47 48 49 50 51 52 53 54 55 56 57 58 59 60 61 62 63 64 65 66 67 output 2 3 12 13 4 14 5 6 4 8 9 15 10
57 3 4 7 9 10 11 12 7 16 -1 5 6 8 13 14 15 17 18 19 20 21 22 23 24 25 26 27 28 29 30 31 32 33 34 35 36 37 38 39 40 41 42 43 44 45 46 47 48 49 50 51 52 53 54 55 56 58 59 60 61 62 63 64 65 66 67 output 2 3 4 5 6 4 8 7 10
58 3 4 7 9 10 11 12 7 16 -1 5 6 8 13 14 15 17 18 19 20 21 22 23 24 25 26 27 28 29 30 31 32 33 34 35 36 37 38 39 40 41 42 43 44 45 46 47 48 49 50 51 52 53 54 55 56 57 59 60 61 62 63 64 65 66 67 output 2 3 12 13 4 14 5 6 7 8 4 15 10
29 3 4 7 9 10 20 12 11 13 20 15 7 13 16 -1 5 6 8 14 17 18 19 21 22 23 24 25 26 27 28 30 31 32 33 34 35 36 37 38 39 40 41 42 43 44 45 46 47 48 49 50 51 52 53 54 55 56 57 58 59 60 61 62 63 64 65 66 67 output 2 3 4 5 6 9 8 7 10 7 12 4 10 15
22 3 4 7 9 10 7 12 11 16 -1 5 6 8 13 14 15 17 18 19 20 21 23 24 25 26 27 28 29 30 31 32 33 34 35 36 37 38 39 40 41 42 43 44 45 46 47 48 49 50 51 52 53 54 55 56 57 58 59 60 61 62 63 64 65 66 67 output 2 3 12 13 4 14 5 6 4 8 9 15 10
27 3 4 7 9 10 11 12 7 13 14 15 7 16 -1 5 6 8 17 18 19 20 21 22 23 24 25 26 28 29 30 31 32 33 34 35 36 37 38 39 40 41 42 43 44 45 46 47 48 49 50 51 52 53 54 55 56 57 58 59 60 61 62 63 64 65 66 67 output 2 3 4 5 6 4 8 7 10 4 12 11 10 14
23 3 4 5 6 7 8 9 10 20 12 11 13 20 15 7 13 16 -1 14 17 18 19 21 22 24 25 26 27 28 29 30 31 32 33 34 35 36 37 38 39 40 41 42 43 44 45 46 47 48 49 50 51 52 53 54 55 56 57 58 59 60 61 62 63 64 65 66 67 output 2 3 6 8 9 10 11 12 13 10 15 6 13 18
26 3 4 5 6 7 8 9 10 11 12 7 13 7 15 14 16 -1 17 18 19 20 21 22 23 24 25 27 28 29 30 31 32 33 34 35 36 37 38 39 40 41 42 43 44 45 46 47 48 49 50 51 52 53 54 55 56 57 58 59 60 61 62 63 64 65 66 67 output 2 3 6 8 9 10 11 6 13 16 15 6 17
25 3 4 5 6 7 8 9 10 20 12 11 13 7 15 20 13 7 14 24 16 -1 17 18 19 21 22 23 26 27 28 29 30 31 32 33 34 35 36 37 38 39 40 41 42 43 44 45 46 47 48 49 50 51 52 53 54 55 56 57 58 59 60 61 62 63 64 65 66 67 output 2 3 6 8 9 10 11 12 13 10 15 6 13 10 19 20 21
19 3 4 7 9 10 20 12 11 13 20 15 7 13 20 14 24 16 -1 5 6 8 17 18 21 22 23 25 26 27 28 29 30 31 32 33 34 35 36 37 38 39 40 41 42 43 44 45 46 47 48 49 50 51 52 53 54 55 56 57 58 59 60 61 62 63 64 65 66 67 output 2 3 4 5 6 7 8 9 10 4 12 7 10 4 16 17 18
19 3 4 7 9 10 7 12 11 16 -1 5 6 8 13 14 15 17 18 20 21 22 23 24 25 26 27 28 29 30 31 32 33 34 35 36 37 38 39 40 41 42 43 44 45 46 47 48 49 50 51 52 53 54 55 56 57 58 59 60 61 62 63 64 65 66 67 output 2 3 4 5 6 9 8 4 10
45 3 4 7 9 10 7 12 11 13 7 14 15 16 -1 5 6 8 17 18 19 20 21 22 23 24 25 26 27 28 29 30 31 32 33 34 35 36 37 38 39 40 41 42 43 44 46 47 48 49 50 51 52 53 54 55 56 57 58 59 60 61 62 63 64 65 66 67 output 2 3 16 17 4 18 5 6 4 8 9 10 4 12 13 14
59 3 4 7 9 10 20 12 11 13 20 15 7 13 16 -1 5 6 8 14 17 18 19 21 22 23 24 25 26 27 28 29 30 31 32 33 34 35 36 37 38 39 40 41 42 43 44 45 46 47 48 49 50 51 52 53 54 55 56 57 58 60 61 62 63 64 65 66 67 output 2 3 4 5 6 7 8 9 10 4 12 7 10 15
60 3 4 7 9 10 11 12 7 16 -1 5 6 8 13 14 15 17 18 19 20 21 22 23 24 25 26 27 28 29 30 31 32 33 34 35 36 37 38 39 40 41 42 43 44 45 46 47 48 49 50 51 52 53 54 55 56 57 58 59 61 62 63 64 65 66 67 output 2 3 12 13 4 14 5 6 4 8 7 15 10
37 3 4 7 9 10 11 12 7 16 -1 5 6 8 13 14 15 17 18 19 20 21 22 23 24 25 26 27 28 29 30 31 32 33 34 35 36 38 39 40 41 42 43 44 45 46 47 48 49 50 51 52 53 54 55 56 57 58 59 60 61 62 63 64 65 66 67 output 2 3 12 13 4 14 5 6 4 8 7 15 10
37 3 4 7 9 10 20 12 11 13 7 15 20 13 7 14 24 16 -1 5 6 8 17 18 19 21 22 23 25 26 27 28 29 30 31 32 33 34 35 36 38 39 40 41 42 43 44 45 46 47 48 49 50 51 52 53 54 55 56 57 58 59 60 61 62 63 64 65 66 67 output 2 3 20 21 4 22 5 6 7 8 9 10 4 12 7 10 4 16 17 18
61 3 4 7 9 10 11 12 7 16 -1 5 6 8 13 14 15 17 18 19 20 21 22 23 24 25 26 27 28 29 30 31 32 33 34 35 36 37 38 39 40 41 42 43 44 45 46 47 48 49 50 51 52 53 54 55 56 57 58 59 60 62 63 64 65 66 67 output 2 3 4 5 6 4 8 7 10
25 3 4 7 9 10 20 12 11 13 20 15 7 13 16 -1 5 6 8 14 17 18 19 21 22 23 24 26 27 28 29 30 31 32 33 34 35 36 37 38 39 40 41 42 43 44 45 46 47 48 49 50 51 52 53 54 55 56 57 58 59 60 61 62 63 64 65 66 67 output 2 3 4 5 6 9 8 7 10 7 12 4 10 15
26 3 4 7 9 10 11 12 7 13 14 12 7 13 16 -1 5 6 8 15 17 18 19 20 21 22 23 24 25 27 28 29 30 31 32 33 34 35 36 37 38 39 40 41 42 43 44 45 46 47 48 49 50 51 52 53 54 55 56 57 58 59 60 61 62 63 64 65 66 67 output 2 3 4 5 6 7 8 4 10 11 20 4 15
22 3 4 7 9 10 11 12 20 13 20 15 7 13 16 -1 5 6 8 14 17 18 19 21 23 24 25 26 27 28 29 30 31 32 33 34 35 36 37 38 39 40 41 42 43 44 45 46 47 48 49 50 51 52 53 54 55 56 57 58 59 60 61 62 63 64 65 66 67 output 2 3 17 18 4 19 5 6 7 8 9 10 9 12 4 10 15
45 3 4 7 9 10 7 12 11 13 7 14 15 16 -1 5 6 8 17 18 19 20 21 22 23 24 25 26 27 28 29 30 31 32 33 34 35 36 37 38 39 40 41 42 43 44 46 47 48 49 50 51 52 53 54 55 56 57 58 59 60 61 62 63 64 65 66 67 output 2 3 16 17 4 18 5 6 4 8 9 10 4 12 13 14
26 3 4 7 9 10 11 12 7 16 -1 5 6 8 13 14 15 17 18 19 20 21 22 23 24 25 27 28 29 30 31 32 33 34 35 36 37 38 39 40 41 42 43 44 45 46 47 48 49 50 51 52 53 54 55 56 57 58 59 60 61 62 63 64 65 66 67 output 2 3 4 5 6 4 8 7 10
28 3 4 7 9 10 11 12 7 13 14 12 7 13 16 -1 5 6 8 15 17 18 19 20 21 22 23 24 25 26 27 29 30 31 32 33 34 35 36 37 38 39 40 41 42 43 44 45 46 47 48 49 50 51 52 53 54 55 56 57 58 59 60 61 62 63 64 65 66 67 output 2 3 4 5 6 4 8 7 10 4 20 11 10 15
19 3 4 7 9 10 11 12 7 16 -1 5 6 8 13 14 15 17 18 20 21 22 23 24 25 26 27 28 29 30 31 32 33 34 35 36 37 38 39 40 41 42 43 44 45 46 47 48 49 50 51 52 53 54 55 56 57 58 59 60 61 62 63 64 65 66 67 output 2 3 4 5 6 4 8 7 15 10
25 3 4 7 9 10 11 12 20 13 20 15 7 13 16 -1 5 6 8 14 17 18 19 21 22 23 24 26 27 28 29 30 31 32 33 34 35 36 37 38 39 40 41 42 43 44 45 46 47 48 49 50 51 52 53 54 55 56 57 58 59 60 61 62 63 64 65 66 67 output 2 3 4 5 6 9 8 7 10 9 12 4 10 15
37 3 4 5 6 7 8 9 10 20 12 11 13 20 15 7 13 7 14 24 16 -1 17 18 19 21 22 23 25 26 27 28 29 30 31 32 33 34 35 36 38 39 40 41 42 43 44 45 46 47 48 49 50 51 52 53 54 55 56 57 58 59 60 61 62 63 64 65 66 67 output 2 3 4 5 6 7 8 9 10 11 12 13 6 15 10 13 6 19 20 21
25 3 4 5 6 7 8 9 10 20 12 11 13 20 15 7 13 16 -1 14 17 18 19 21 22 23 24 26 27 28 29 30 31 32 33 34 35 36 37 38 39 40 41 42 43 44 45 46 47 48 49 50 51 52 53 54 55 56 57 58 59 60 61 62 63 64 65 66 67 output 2 3 6 8 9 10 11 12 13 10 15 6 13 18
26 3 4 5 6 7 8 9 10 20 12 11 13 20 15 7 13 16 -1 14 17 18 19 21 22 23 24 25 27 28 29 30 31 32 33 34 35 36 37 38 39 40 41 42 43 44 45 46 47 48 49 50 51 52 53 54 55 56 57 58 59 60 61 62 63 64 65 66 67 output 2 3 6 8 9 10 11 12 13 10 15 6 13 18
19 3 4 7 9 10 11 12 7 16 -1 5 6 8 13 14 15 17 18 20 21 22 23 24 25 26 27 28 29 30 31 32 33 34 35 36 37 38 39 40 41 42 43 44 45 46 47 48 49 50 51 52 53 54 55 56 57 58 59 60 61 62 63 64 65 66 67 output 2 3 4 5 6 4 8 7 15 10
23 3 4 5 6 7 8 9 10 20 12 11 13 20 15 7 13 16 -1 14 17 18 19 21 22 24 25 26 27 28 29 30 31 32 33 34 35 36 37 38 39 40 41 42 43 44 45 46 47 48 49 50 51 52 53 54 55 56 57 58 59 60 61 62 63 64 65 66 67 output 2 3 6 8 9 10 11 12 13 10 15 6 13 18
23 3 4 5 6 7 8 9 10 20 12 11 13 20 15 7 13 7 14 24 16 -1 17 18 19 21 22 25 26 27 28 29 30 31 32 33 34 35 36 37 38 39 40 41 42 43 44 45 46 47 48 49 50 51 52 53 54 55 56 57 58 59 60 61 62 63 64 65 66 67 output 2 3 6 8 9 10 11 12 13 10 15 6 13 10 19 20 21
37 3 4 7 9 10 7 12 11 13 7 14 15 16 -1 5 6 8 17 18 19 20 21 22 23 24 25 26 27 28 29 30 31 32 33 34 35 36 38 39 40 41 42 43 44 45 46 47 48 49 50 51 52 53 54 55 56 57 58 59 60 61 62 63 64 65 66 67 output 2 3 16 17 4 18 5 6 4 8 9 10 4 12 13 14
23 3 4 5 6 7 8 9 10 7 12 11 13 16 -1 14 15 17 18 19 20 21 22 24 25 26 27 28 29 30 31 32 33 34 35 36 37 38 39 40 41 42 43 44 45 46 47 48 49 50 51 52 53 54 55 56 57 58 59 60 61 62 63 64 65 66 67 output 2 3 6 8 9 6 11 12 14
31 3 4 7 9 10 20 12 11 13 20 15 7 13 16 -1 5 6 8 14 17 18 19 21 22 23 24 25 26 27 28 29 30 32 33 34 35 36 37 38 39 40 41 42 43 44 45 46 47 48 49 50 51 52 53 54 55 56 57 58 59 60 61 62 63 64 65 66 67 output 2 3 4 5 6 9 8 7 10 7 12 4 10 15
62 3 4 7 9 10 11 12 7 16 -1 5 6 8 13 14 15 17 18 19 20 21 22 23 24 25 26 27 28 29 30 31 32 33 34 35 36 37 38 39 40 41 42 43 44 45 46 47 48 49 50 51 52 53 54 55 56 57 58 59 60 61 63 64 65 66 67 output 2 3 4 5 6 4 8 7 15 10
22 3 4 7 9 10 7 12 11 13 7 14 15 16 -1 5 6 8 17 18 19 20 21 23 24 25 26 27 28 29 30 31 32 33 34 35 36 37 38 39 40 41 42 43 44 45 46 47 48 49 50 51 52 53 54 55 56 57 58 59 60 61 62 63 64 65 66 67 output 2 3 16 17 4 18 5 6 4 8 9 10 4 12 13 14
31 3 4 5 6 7 8 9 10 11 12 7 13 16 -1 14 15 17 18 19 20 21 22 23 24 25 26 27 28 29 30 32 33 34 35 36 37 38 39 40 41 42 43 44 45 46 47 48 49 50 51 52 53 54 55 56 57 58 59 60 61 62 63 64 65 66 67 output 2 3 6 8 9 10 11 6 14
22 3 4 7 9 10 7 12 11 13 7 14 15 16 -1 5 6 8 17 18 19 20 21 23 24 25 26 27 28 29 30 31 32 33 34 35 36 37 38 39 40 41 42 43 44 45 46 47 48 49 50 51 52 53 54 55 56 57 58 59 60 61 62 63 64 65 66 67 output 2 3 16 17 4 18 5 6 4 8 9 10 4 12 13 14
36 3 4 7 9 10 20 12 11 13 20 15 7 13 16 -1 5 6 8 14 17 18 19 21 22 23 24 25 26 27 28 29 30 31 32 33 34 35 37 38 39 40 41 42 43 44 45 46 47 48 49 50 51 52 53 54 55 56 57 58 59 60 61 62 63 64 65 66 67 output 2 3 17 18 4 19 5 6 7 8 9 10 7 12 4 10 15
22 3 4 7 9 10 11 12 7 16 -1 5 6 8 13 14 15 17 18 19 20 21 23 24 25 26 27 28 29 30 31 32 33 34 35 36 37 38 39 40 41 42 43 44 45 46 47 48 49 50 51 52 53 54 55 56 57 58 59 60 61 62 63 64 65 66 67 output 2 3 12 13 4 14 5 6 7 8 4 15 10
34 3 4 7 9 10 11 12 7 16 -1 5 6 8 13 14 15 17 18 19 20 21 22 23 24 25 26 27 28 29 30 31 32 33 35 36 37 38 39 40 41 42 43 44 45 46 47 48 49 50 51 52 53 54 55 56 57 58 59 60 61 62 63 64 65 66 67 output 2 3 4 5 6 4 8 7 10
22 3 4 7 9 10 20 12 11 13 7 15 20 13 7 14 24 16 -1 5 6 8 17 18 19 21 23 25 26 27 28 29 30 31 32 33 34 35 36 37 38 39 40 41 42 43 44 45 46 47 48 49 50 51 52 53 54 55 56 57 58 59 60 61 62 63 64 65 66 67 output 2 3 20 21 4 22 5 6 7 8 9 10 4 12 7 10 4 16 17 18
26 3 4 5 6 7 8 9 10 20 12 11 13 20 15 7 13 7 14 24 16 -1 17 18 19 21 22 23 25 27 28 29 30 31 32 33 34 35 36 37 38 39 40 41 42 43 44 45 46 47 48 49 50 51 52 53 54 55 56 57 58 59 60 61 62 63 64 65 66 67 output 2 3 6 8 9 10 11 12 13 10 15 6 13 10 19 20 21
26 3 4 5 6 7 8 9 10 20 12 11 13 20 15 7 13 16 -1 14 17 18 19 21 22 23 24 25 27 28 29 30 31 32 33 34 35 36 37 38 39 40 41 42 43 44 45 46 47 48 49 50 51 52 53 54 55 56 57 58 59 60 61 62 63 64 65 66 67 output 2 3 6 8 9 10 11 12 13 10 15 6 13 18
23 3 4 5 6 7 8 9 10 20 12 11 13 20 15 7 13 16 -1 14 17 18 19 21 22 24 25 26 27 28 29 30 31 32 33 34 35 36 37 38 39 40 41 42 43 44 45 46 47 48 49 50 51 52 53 54 55 56 57 58 59 60 61 62 63 64 65 66 67 output 2 3 6 8 9 10 11 12 13 10 15 6 13 18
27 3 4 7 9 10 11 12 7 16 -1 5 6 8 13 14 15 17 18 19 20 21 22 23 24 25 26 28 29 30 31 32 33 34 35 36 37 38 39 40 41 42 43 44 45 46 47 48 49 50 51 52 53 54 55 56 57 58 59 60 61 62 63 64 65 66 67 output 2 3 4 5 6 4 8 7 15 10
19 3 4 5 6 7 8 9 10 11 12 7 13 16 -1 14 15 17 18 20 21 22 23 24 25 26 27 28 29 30 31 32 33 34 35 36 37 38 39 40 41 42 43 44 45 46 47 48 49 50 51 52 53 54 55 56 57 58 59 60 61 62 63 64 65 66 67 output 2 3 6 8 9 10 11 6 14
63 3 4 5 6 7 8 9 10 7 12 11 13 16 -1 14 15 17 18 19 20 21 22 23 24 25 26 27 28 29 30 31 32 33 34 35 36 37 38 39 40 41 42 43 44 45 46 47 48 49 50 51 52 53 54 55 56 57 58 59 60 61 62 64 65 66 67 output 2 3 6 8 9 6 11 12 14
37 3 4 7 9 10 20 12 11 13 20 15 7 13 16 -1 5 6 8 14 17 18 19 21 22 23 24 25 26 27 28 29 30 31 32 33 34 35 36 38 39 40 41 42 43 44 45 46 47 48 49 50 51 52 53 54 55 56 57 58 59 60 61 62 63 64 65 66 67 output 2 3 17 18 4 19 5 6 7 8 9 10 7 12 4 10 15
23 3 4 7 9 10 20 12 11 13 20 15 7 13 20 14 24 16 -1 5 6 8 17 18 19 21 22 25 26 27 28 29 30 31 32 33 34 35 36 37 38 39 40 41 42 43 44 45 46 47 48 49 50 51 52 53 54 55 56 57 58 59 60 61 62 63 64 65 66 67 output 2 3 4 5 6 9 8 7 10 7 12 4 10 7 16 17 18
22 3 4 7 9 10 20 12 11 13 20 15 7 13 16 -1 5 6 8 14 17 18 19 21 23 24 25 26 27 28 29 30 31 32 33 34 35 36 37 38 39 40 41 42 43 44 45 46 47 48 49 50 51 52 53 54 55 56 57 58 59 60 61 62 63 64 65 66 67 output 2 3 17 18 4 19 5 6 7 8 9 10 7 8 4 15
26 3 4 7 9 10 11 12 7 16 -1 5 6 8 13 14 15 17 18 19 20 21 22 23 24 25 27 28 29 30 31 32 33 34 35 36 37 38 39 40 41 42 43 44 45 46 47 48 49 50 51 52 53 54 55 56 57 58 59 60 61 62 63 64 65 66 67 output 2 3 4 5 6 4 8 7 10
19 3 4 7 9 10 11 12 7 16 -1 5 6 8 13 14 15 17 18 20 21 22 23 24 25 26 27 28 29 30 31 32 33 34 35 36 37 38 39 40 41 42 43 44 45 46 47 48 49 50 51 52 53 54 55 56 57 58 59 60 61 62 63 64 65 66 67 output 2 3 4 5 6 4 8 7 10
22 3 4 7 9 10 7 12 11 13 7 14 15 16 -1 5 6 8 17 18 19 20 21 23 24 25 26 27 28 29 30 31 32 33 34 35 36 37 38 39 40 41 42 43 44 45 46 47 48 49 50 51 52 53 54 55 56 57 58 59 60 61 62 63 64 65 66 67 output 2 3 16 17 4 18 5 6 4 8 9 10 4 12 13 14
37 3 4 7 9 10 20 12 11 13 20 15 7 13 16 -1 5 6 8 14 17 18 19 21 22 23 24 25 26 27 28 29 30 31 32 33 34 35 36 38 39 40 41 42 43 44 45 46 47 48 49 50 51 52 53 54 55 56 57 58 59 60 61 62 63 64 65 66 67 output 2 3 17 18 4 19 5 6 7 8 9 10 7 8 4 15
22 3 4 5 6 7 8 9 10 20 12 11 13 20 12 7 16 -1 14 15 17 18 19 21 23 24 25 26 27 28 29 30 31 32 33 34 35 36 37 38 39 40 41 42 43 44 45 46 47 48 49 50 51 52 53 54 55 56 57 58 59 60 61 62 63 64 65 66 67 output 2 3 4 5 6 7 8 9 10 11 12 13 10 20 6 13 17
28 3 4 7 9 10 20 12 11 13 20 15 7 13 16 -1 5 6 8 14 17 18 19 21 22 23 24 25 26 27 29 30 31 32 33 34 35 36 37 38 39 40 41 42 43 44 45 46 47 48 49 50 51 52 53 54 55 56 57 58 59 60 61 62 63 64 65 66 67 output 2 3 4 5 6 7 8 9 10 4 12 7 10 15
23 3 4 7 9 10 7 12 11 13 7 15 14 13 7 64 24 16 -1 5 6 8 17 18 19 20 21 22 25 26 27 28 29 30 31 32 33 34 35 36 37 38 39 40 41 42 43 44 45 46 47 48 49 50 51 52 53 54 55 56 57 58 59 60 61 62 63 65 66 67 output 2 3 4 5 6 9 8 4 10 13 12 4 10 4 16 17 18
26 3 4 7 9 10 20 12 11 13 20 15 7 13 20 14 24 16 -1 5 6 8 17 18 19 21 22 23 25 27 28 29 30 31 32 33 34 35 36 37 38 39 40 41 42 43 44 45 46 47 48 49 50 51 52 53 54 55 56 57 58 59 60 61 62 63 64 65 66 67 output 2 3 4 5 6 7 8 9 10 4 12 7 10 4 16 17 18
36 3 4 7 9 10 11 12 7 16 -1 5 6 8 13 14 15 17 18 19 20 21 22 23 24 25 26 27 28 29 30 31 32 33 34 35 37 38 39 40 41 42 43 44 45 46 47 48 49 50 51 52 53 54 55 56 57 58 59 60 61 62 63 64 65 66 67 output 2 3 4 5 6 4 8 7 10
45 3 4 7 9 10 20 12 11 13 20 15 7 13 20 14 24 16 -1 5 6 8 17 18 19 21 22 23 25 26 27 28 29 30 31 32 33 34 35 36 37 38 39 40 41 42 43 44 46 47 48 49 50 51 52 53 54 55 56 57 58 59 60 61 62 63 64 65 66 67 output 2 3 20 21 4 22 5 6 7 8 9 10 7 12 4 10 4 16 17 18
36 3 4 7 9 10 11 12 7 16 -1 5 6 8 13 14 15 17 18 19 20 21 22 23 24 25 26 27 28 29 30 31 32 33 34 35 37 38 39 40 41 42 43 44 45 46 47 48 49 50 51 52 53 54 55 56 57 58 59 60 61 62 63 64 65 66 67 output 2 3 12 13 4 14 5 6 7 8 4 15 10
65 3 4 7 9 10 11 12 7 16 -1 5 6 8 13 14 15 17 18 19 20 21 22 23 24 25 26 27 28 29 30 31 32 33 34 35 36 37 38 39 40 41 42 43 44 45 46 47 48 49 50 51 52 53 54 55 56 57 58 59 60 61 62 63 64 66 67 output 2 3 4 5 6 4 8 7 15 10
22 3 4 7 9 10 7 12 11 16 -1 5 6 8 13 14 15 17 18 19 20 21 23 24 25 26 27 28 29 30 31 32 33 34 35 36 37 38 39 40 41 42 43 44 45 46 47 48 49 50 51 52 53 54 55 56 57 58 59 60 61 62 63 64 65 66 67 output 2 3 12 13 4 14 5 6 4 8 9 15 10
48 3 4 5 6 7 8 9 10 20 12 11 13 20 15 7 13 7 14 24 16 -1 17 18 19 21 22 23 25 26 27 28 29 30 31 32 33 34 35 36 37 38 39 40 41 42 43 44 45 46 47 49 50 51 52 53 54 55 56 57 58 59 60 61 62 63 64 65 66 67 output 2 3 4 5 6 7 8 9 12 11 10 13 10 15 6 13 10 19 20 21
66 3 4 7 9 10 20 12 11 13 20 15 7 13 20 14 24 16 -1 5 6 8 17 18 19 21 22 23 25 26 27 28 29 30 31 32 33 34 35 36 37 38 39 40 41 42 43 44 45 46 47 48 49 50 51 52 53 54 55 56 57 58 59 60 61 62 63 64 65 67 output 2 3 20 21 4 22 5 6 7 8 9 10 4 12 7 10 4 16 17 18
22 3 4 5 6 7 8 9 10 20 12 11 13 20 15 7 13 16 -1 14 17 18 19 21 23 24 25 26 27 28 29 30 31 32 33 34 35 36 37 38 39 40 41 42 43 44 45 46 47 48 49 50 51 52 53 54 55 56 57 58 59 60 61 62 63 64 65 66 67 output 2 3 4 5 6 7 8 9 12 11 10 13 10 15 6 13 18
26 3 4 7 9 10 11 12 7 16 -1 5 6 8 13 14 15 17 18 19 20 21 22 23 24 25 27 28 29 30 31 32 33 34 35 36 37 38 39 40 41 42 43 44 45 46 47 48 49 50 51 52 53 54 55 56 57 58 59 60 61 62 63 64 65 66 67 output 2 3 4 5 6 4 8 7 10
45 3 4 7 9 10 20 12 11 13 20 15 7 13 16 -1 5 6 8 14 17 18 19 21 22 23 24 25 26 27 28 29 30 31 32 33 34 35 36 37 38 39 40 41 42 43 44 46 47 48 49 50 51 52 53 54 55 56 57 58 59 60 61 62 63 64 65 66 67 output 2 3 17 18 4 19 5 6 7 8 9 10 7 8 4 15
19 3 4 7 9 10 11 12 7 13 14 15 7 16 -1 5 6 8 17 18 20 21 22 23 24 25 26 27 28 29 30 31 32 33 34 35 36 37 38 39 40 41 42 43 44 45 46 47 48 49 50 51 52 53 54 55 56 57 58 59 60 61 62 63 64 65 66 67 output 2 3 4 5 6 4 8 7 10 4 8 11 10 14
22 3 4 7 9 10 7 12 11 13 7 14 15 16 -1 5 6 8 17 18 19 20 21 23 24 25 26 27 28 29 30 31 32 33 34 35 36 37 38 39 40 41 42 43 44 45 46 47 48 49 50 51 52 53 54 55 56 57 58 59 60 61 62 63 64 65 66 67 output 2 3 16 17 4 18 5 6 4 8 9 10 4 12 13 14
23 3 4 7 9 10 11 12 7 16 -1 5 6 8 13 14 15 17 18 19 20 21 22 24 25 26 27 28 29 30 31 32 33 34 35 36 37 38 39 40 41 42 43 44 45 46 47 48 49 50 51 52 53 54 55 56 57 58 59 60 61 62 63 64 65 66 67 output 2 3 4 5 6 4 8 7 15 10
21 3 4 7 9 10 20 12 11 13 20 15 7 13 20 14 24 16 -1 5 6 8 17 18 19 22 23 25 26 27 28 29 30 31 32 33 34 35 36 37 38 39 40 41 42 43 44 45 46 47 48 49 50 51 52 53 54 55 56 57 58 59 60 61 62 63 64 65 66 67 output 2 3 4 5 6 7 8 9 10 4 12 7 10 4 16 17 18
36 3 4 5 6 7 8 9 10 20 12 11 13 20 15 7 13 16 -1 14 17 18 19 21 22 23 24 25 26 27 28 29 30 31 32 33 34 35 37 38 39 40 41 42 43 44 45 46 47 48 49 50 51 52 53 54 55 56 57 58 59 60 61 62 63 64 65 66 67 output 2 3 4 5 6 7 8 9 12 11 10 13 10 15 6 13 18
21 3 4 5 6 7 8 9 10 20 12 11 13 20 15 7 13 16 -1 14 17 18 19 22 23 24 25 26 27 28 29 30 31 32 33 34 35 36 37 38 39 40 41 42 43 44 45 46 47 48 49 50 51 52 53 54 55 56 57 58 59 60 61 62 63 64 65 66 67 output 2 3 6 8 9 10 11 12 13 10 15 6 13 18
67 3 4 5 6 7 8 9 10 20 12 11 13 20 15 7 13 16 -1 14 17 18 19 21 22 23 24 25 26 27 28 29 30 31 32 33 34 35 36 37 38 39 40 41 42 43 44 45 46 47 48 49 50 51 52 53 54 55 56 57 58 59 60 61 62 63 64 65 66 output 2 3 6 8 9 10 11 12 13 6 15 10 13 18
22 3 4 7 9 10 7 12 11 13 7 14 15 16 -1 5 6 8 17 18 19 20 21 23 24 25 26 27 28 29 30 31 32 33 34 35 36 37 38 39 40 41 42 43 44 45 46 47 48 49 50 51 52 53 54 55 56 57 58 59 60 61 62 63 64 65 66 67 output 2 3 16 17 4 18 5 6 4 8 9 10 4 12 13 14
19 3 4 7 9 10 20 12 11 13 20 15 7 13 16 -1 5 6 8 14 17 18 21 22 23 24 25 26 27 28 29 30 31 32 33 34 35 36 37 38 39 40 41 42 43 44 45 46 47 48 49 50 51 52 53 54 55 56 57 58 59 60 61 62 63 64 65 66 67 output 2 3 4 5 6 7 8 9 10 4 12 7 10 15
23 3 4 5 6 7 8 9 10 7 12 11 13 7 14 15 16 -1 17 18 19 20 21 22 24 25 26 27 28 29 30 31 32 33 34 35 36 37 38 39 40 41 42 43 44 45 46 47 48 49 50 51 52 53 54 55 56 57 58 59 60 61 62 63 64 65 66 67 output 2 3 6 8 9 6 11 12 13 6 15 16 17
37 3 4 7 9 10 20 12 11 13 20 15 7 13 16 -1 5 6 8 14 17 18 19 21 22 23 24 25 26 27 28 29 30 31 32 33 34 35 36 38 39 40 41 42 43 44 45 46 47 48 49 50 51 52 53 54 55 56 57 58 59 60 61 62 63 64 65 66 67 output 2 3 17 18 4 19 5 6 7 8 9 10 7 8 4 15
37 3 4 7 9 10 20 12 11 13 7 15 20 13 7 14 24 16 -1 5 6 8 17 18 19 21 22 23 25 26 27 28 29 30 31 32 33 34 35 36 38 39 40 41 42 43 44 45 46 47 48 49 50 51 52 53 54 55 56 57 58 59 60 61 62 63 64 65 66 67 output 2 3 20 21 4 22 5 6 7 8 9 10 4 12 7 10 4 16 17 18
28 3 4 7 9 10 20 12 11 13 20 15 7 13 16 -1 5 6 8 14 17 18 19 21 22 23 24 25 26 27 29 30 31 32 33 34 35 36 37 38 39 40 41 42 43 44 45 46 47 48 49 50 51 52 53 54 55 56 57 58 59 60 61 62 63 64 65 66 67 output 2 3 4 5 6 7 8 9 10 4 12 7 10 15
28 3 4 7 9 10 11 12 20 13 20 15 7 13 16 -1 5 6 8 14 17 18 19 21 22 23 24 25 26 27 29 30 31 32 33 34 35 36 37 38 39 40 41 42 43 44 45 46 47 48 49 50 51 52 53 54 55 56 57 58 59 60 61 62 63 64 65 66 67 output 2 3 4 5 6 9 8 7 10 9 12 4 10 15
28 3 4 7 9 10 20 12 11 13 20 15 7 13 16 -1 5 6 8 14 17 18 19 21 22 23 24 25 26 27 29 30 31 32 33 34 35 36 37 38 39 40 41 42 43 44 45 46 47 48 49 50 51 52 53 54 55 56 57 58 59 60 61 62 63 64 65 66 67 output 2 3 4 5 6 9 8 7 10 7 12 4 10 15
23 3 4 7 9 10 11 12 7 16 -1 5 6 8 13 14 15 17 18 19 20 21 22 24 25 26 27 28 29 30 31 32 33 34 35 36 37 38 39 40 41 42 43 44 45 46 47 48 49 50 51 52 53 54 55 56 57 58 59 60 61 62 63 64 65 66 67 output 2 3 4 5 6 4 8 7 15 10
25 3 4 5 6 7 8 9 10 20 12 11 13 20 15 7 13 16 -1 14 17 18 19 21 22 23 24 26 27 28 29 30 31 32 33 34 35 36 37 38 39 40 41 42 43 44 45 46 47 48 49 50 51 52 53 54 55 56 57 58 59 60 61 62 63 64 65 66 67 output 2 3 6 8 9 10 11 12 13 10 15 6 13 18
22 3 4 7 9 10 20 12 11 13 20 15 7 13 16 -1 5 6 8 14 17 18 19 21 23 24 25 26 27 28 29 30 31 32 33 34 35 36 37 38 39 40 41 42 43 44 45 46 47 48 49 50 51 52 53 54 55 56 57 58 59 60 61 62 63 64 65 66 67 output 2 3 17 18 4 19 5 6 7 8 9 10 7 12 4 10 15
19 3 4 7 9 10 11 12 20 13 20 15 7 13 16 -1 5 6 8 14 17 18 21 22 23 24 25 26 27 28 29 30 31 32 33 34 35 36 37 38 39 40 41 42 43 44 45 46 47 48 49 50 51 52 53 54 55 56 57 58 59 60 61 62 63 64 65 66 67 output 2 3 4 5 6 9 8 7 10 9 12 4 10 15
26 3 4 5 6 7 8 9 10 11 12 7 13 16 -1 14 15 17 18 19 20 21 22 23 24 25 27 28 29 30 31 32 33 34 35 36 37 38 39 40 41 42 43 44 45 46 47 48 49 50 51 52 53 54 55 56 57 58 59 60 61 62 63 64 65 66 67 output 2 3 6 8 9 10 11 6 14
45 3 4 5 6 7 8 9 10 7 12 11 13 7 14 15 16 -1 17 18 19 20 21 22 23 24 25 26 27 28 29 30 31 32 33 34 35 36 37 38 39 40 41 42 43 44 46 47 48 49 50 51 52 53 54 55 56 57 58 59 60 61 62 63 64 65 66 67 output 2 3 6 8 9 6 11 12 13 6 15 16 17
22 3 4 7 9 10 20 12 11 13 20 15 7 13 20 14 24 16 -1 5 6 8 17 18 19 21 23 25 26 27 28 29 30 31 32 33 34 35 36 37 38 39 40 41 42 43 44 45 46 47 48 49 50 51 52 53 54 55 56 57 58 59 60 61 62 63 64 65 66 67 output 2 3 20 21 4 22 5 6 7 8 9 10 7 12 4 10 4 16 17 18
