15 3 4 5 6 7 5 8 9 10 11 -1 12 13 14 16 17 18 19 20 21 22 23 24 25 26 27 28 29 30 31 32 33 34 35 36 37 38 39 40 41 42 43 44 45 46 47 48 49 50 output 2 3 13 14 4 15 5 6 4 8 9 10 11
18 3 4 12 13 5 14 6 7 5 8 9 10 5 16 17 11 -1 15 19 20 21 22 23 24 25 26 27 28 29 30 31 32 33 34 35 36 37 38 39 40 41 42 43 44 45 46 47 48 49 50 output 2 3 6 8 9 6 11 12 13 6 15 16 17
19 3 4 5 6 7 9 8 5 10 16 8 5 10 11 -1 12 13 14 15 17 18 20 21 22 23 24 25 26 27 28 29 30 31 32 33 34 35 36 37 38 39 40 41 42 43 44 45 46 47 48 49 50 output 2 3 4 5 6 7 8 4 10 11 21 4 15
21 3 4 5 6 7 9 8 20 10 20 17 5 10 11 -1 12 13 14 15 16 18 19 22 23 24 25 26 27 28 29 30 31 32 33 34 35 36 37 38 39 40 41 42 43 44 45 46 47 48 49 50 output 2 3 4 5 6 9 8 7 10 9 12 4 10 15
22 3 4 5 6 7 20 8 9 10 20 17 5 10 11 -1 12 13 14 15 16 18 19 21 23 24 25 26 27 28 29 30 31 32 33 34 35 36 37 38 39 40 41 42 43 44 45 46 47 48 49 50 output 2 3 17 18 4 19 5 6 7 8 9 10 7 12 4 10 15
18 3 4 12 13 5 14 6 7 20 8 9 10 5 17 20 10 5 16 23 11 -1 15 19 21 22 24 25 26 27 28 29 30 31 32 33 34 35 36 37 38 39 40 41 42 43 44 45 46 47 48 49 50 output 2 3 6 8 9 10 11 12 13 6 15 10 13 6 19 20 21
24 3 4 5 6 7 20 8 9 10 20 17 5 10 20 16 23 11 -1 12 13 14 15 18 19 21 22 25 26 27 28 29 30 31 32 33 34 35 36 37 38 39 40 41 42 43 44 45 46 47 48 49 50 output 2 3 20 21 4 22 5 6 7 8 9 10 7 12 4 10 4 16 17 18
15 3 4 5 6 7 20 8 9 10 20 17 5 10 11 -1 12 13 14 16 18 19 21 22 23 24 25 26 27 28 29 30 31 32 33 34 35 36 37 38 39 40 41 42 43 44 45 46 47 48 49 50 output 2 3 17 18 4 19 5 6 7 8 9 10 7 12 4 10 15
18 3 4 12 13 5 14 6 7 5 8 9 10 5 16 17 11 -1 15 19 20 21 22 23 24 25 26 27 28 29 30 31 32 33 34 35 36 37 38 39 40 41 42 43 44 45 46 47 48 49 50 output 2 3 6 8 9 6 11 12 13 6 15 16 17
25 3 4 5 6 7 20 8 9 10 20 17 5 10 11 -1 12 13 14 15 16 18 19 21 22 23 24 26 27 28 29 30 31 32 33 34 35 36 37 38 39 40 41 42 43 44 45 46 47 48 49 50 output 2 3 17 18 4 19 5 6 7 8 9 10 7 12 4 10 15
15 3 4 5 6 7 5 8 9 10 5 16 17 11 -1 12 13 14 18 19 20 21 22 23 24 25 26 27 28 29 30 31 32 33 34 35 36 37 38 39 40 41 42 43 44 45 46 47 48 49 50 output 2 3 16 17 4 18 5 6 4 8 9 10 4 12 13 14
15 3 4 5 6 7 20 8 9 10 5 17 20 10 11 -1 12 13 14 16 18 19 21 22 23 24 25 26 27 28 29 30 31 32 33 34 35 36 37 38 39 40 41 42 43 44 45 46 47 48 49 50 output 2 3 17 18 4 19 5 6 7 8 9 10 4 12 7 10 15
26 3 4 5 6 7 20 8 9 10 20 17 5 10 20 16 23 11 -1 12 13 14 15 18 19 21 22 24 25 27 28 29 30 31 32 33 34 35 36 37 38 39 40 41 42 43 44 45 46 47 48 49 50 output 2 3 4 5 6 7 8 9 10 4 12 7 10 4 16 17 18
18 3 4 12 13 5 14 6 7 20 8 9 10 20 17 5 10 11 -1 15 16 19 21 22 23 24 25 26 27 28 29 30 31 32 33 34 35 36 37 38 39 40 41 42 43 44 45 46 47 48 49 50 output 2 3 6 8 9 10 11 12 13 10 15 6 13 18
18 3 4 5 6 7 20 8 9 10 20 17 5 10 11 -1 12 13 14 15 16 19 21 22 23 24 25 26 27 28 29 30 31 32 33 34 35 36 37 38 39 40 41 42 43 44 45 46 47 48 49 50 output 2 3 17 18 4 19 5 6 7 8 9 10 7 12 4 10 15
18 3 4 12 13 5 14 6 7 20 8 9 10 5 17 20 10 11 -1 15 16 19 21 22 23 24 25 26 27 28 29 30 31 32 33 34 35 36 37 38 39 40 41 42 43 44 45 46 47 48 49 50 output 2 3 6 8 9 10 11 12 13 6 15 10 13 18
27 3 4 5 6 7 20 8 9 10 20 17 5 10 20 16 23 11 -1 12 13 14 15 18 19 21 22 24 25 26 28 29 30 31 32 33 34 35 36 37 38 39 40 41 42 43 44 45 46 47 48 49 50 output 2 3 4 5 6 7 8 9 10 4 12 7 10 4 16 17 18
18 3 4 5 6 7 20 8 9 10 20 17 5 10 20 16 23 11 -1 12 13 14 15 19 21 22 24 25 26 27 28 29 30 31 32 33 34 35 36 37 38 39 40 41 42 43 44 45 46 47 48 49 50 output 2 3 4 5 6 7 8 9 10 4 12 7 10 4 16 17 18
18 3 4 12 13 5 14 6 7 5 8 9 10 5 16 17 11 -1 15 19 20 21 22 23 24 25 26 27 28 29 30 31 32 33 34 35 36 37 38 39 40 41 42 43 44 45 46 47 48 49 50 output 2 3 6 8 9 6 11 12 13 6 15 16 17
15 3 4 5 6 7 5 8 9 10 5 16 17 11 -1 12 13 14 18 19 20 21 22 23 24 25 26 27 28 29 30 31 32 33 34 35 36 37 38 39 40 41 42 43 44 45 46 47 48 49 50 output 2 3 16 17 4 18 5 6 4 8 9 10 4 12 13 14
28 3 4 12 13 5 14 6 7 9 8 20 10 20 17 5 10 11 -1 15 16 18 19 21 22 23 24 25 26 27 29 30 31 32 33 34 35 36 37 38 39 40 41 42 43 44 45 46 47 48 49 50 output 2 3 4 5 6 7 8 9 12 11 10 13 6 15 12 13 18
15 3 4 5 6 7 20 8 9 10 5 17 20 10 5 16 23 11 -1 12 13 14 18 19 21 22 24 25 26 27 28 29 30 31 32 33 34 35 36 37 38 39 40 41 42 43 44 45 46 47 48 49 50 output 2 3 20 21 4 22 5 6 7 8 9 10 4 12 7 10 4 16 17 18
15 3 4 5 6 7 5 8 9 10 5 16 17 11 -1 12 13 14 18 19 20 21 22 23 24 25 26 27 28 29 30 31 32 33 34 35 36 37 38 39 40 41 42 43 44 45 46 47 48 49 50 output 2 3 16 17 4 18 5 6 4 8 9 10 4 12 13 14
29 3 4 5 6 7 9 8 20 10 20 17 5 10 20 16 23 11 -1 12 13 14 15 18 19 21 22 24 25 26 27 28 30 31 32 33 34 35 36 37 38 39 40 41 42 43 44 45 46 47 48 49 50 output 2 3 4 5 6 9 8 7 10 9 8 4 10 9 16 17 18
27 3 4 12 13 5 14 6 7 5 8 9 10 5 16 17 11 -1 15 18 19 20 21 22 23 24 25 26 28 29 30 31 32 33 34 35 36 37 38 39 40 41 42 43 44 45 46 47 48 49 50 output 2 3 6 8 9 6 11 12 13 6 15 16 17
18 3 4 12 13 5 14 6 7 9 8 5 10 5 16 17 11 -1 15 19 20 21 22 23 24 25 26 27 28 29 30 31 32 33 34 35 36 37 38 39 40 41 42 43 44 45 46 47 48 49 50 output 2 3 6 8 9 6 11 10 13 6 15 16 17
19 3 4 5 6 7 9 8 5 10 16 17 5 11 -1 12 13 14 15 18 20 21 22 23 24 25 26 27 28 29 30 31 32 33 34 35 36 37 38 39 40 41 42 43 44 45 46 47 48 49 50 output 2 3 4 5 6 7 8 4 10 11 8 4 10 14
27 3 4 12 13 5 14 6 7 20 8 9 10 20 17 5 10 11 -1 15 16 18 19 21 22 23 24 25 26 28 29 30 31 32 33 34 35 36 37 38 39 40 41 42 43 44 45 46 47 48 49 50 output 2 3 6 8 9 10 11 12 13 6 15 10 13 18
29 3 4 12 13 5 14 6 7 20 8 9 10 20 17 5 10 5 16 23 11 -1 15 18 19 21 22 24 25 26 27 28 30 31 32 33 34 35 36 37 38 39 40 41 42 43 44 45 46 47 48 49 50 output 2 3 6 8 9 10 11 12 13 10 15 6 13 10 19 20 21
30 3 4 5 6 7 9 8 5 10 16 17 5 10 11 -1 12 13 14 15 18 19 20 21 22 23 24 25 26 27 28 29 31 32 33 34 35 36 37 38 39 40 41 42 43 44 45 46 47 48 49 50 output 2 3 4 5 6 4 8 7 10 4 8 11 10 15
31 3 4 5 6 7 9 8 5 11 -1 10 12 13 14 15 16 17 18 19 20 21 22 23 24 25 26 27 28 29 30 32 33 34 35 36 37 38 39 40 41 42 43 44 45 46 47 48 49 50 output 2 3 13 14 4 15 5 6 7 8 4 12 10
32 3 4 5 6 7 20 8 9 10 5 17 20 10 5 16 23 11 -1 12 13 14 15 18 19 21 22 24 25 26 27 28 29 30 31 33 34 35 36 37 38 39 40 41 42 43 44 45 46 47 48 49 50 output 2 3 20 21 4 22 5 6 7 8 9 10 4 12 7 10 4 16 17 18
15 3 4 5 6 7 20 8 9 10 5 17 20 10 11 -1 12 13 14 16 18 19 21 22 23 24 25 26 27 28 29 30 31 32 33 34 35 36 37 38 39 40 41 42 43 44 45 46 47 48 49 50 output 2 3 17 18 4 19 5 6 7 8 9 10 7 12 4 10 15
33 3 4 5 6 7 9 8 5 11 -1 10 12 13 14 15 16 17 18 19 20 21 22 23 24 25 26 27 28 29 30 31 32 34 35 36 37 38 39 40 41 42 43 44 45 46 47 48 49 50 output 2 3 4 5 6 4 8 7 10
34 3 4 5 6 7 5 8 9 11 -1 10 12 13 14 15 16 17 18 19 20 21 22 23 24 25 26 27 28 29 30 31 32 33 35 36 37 38 39 40 41 42 43 44 45 46 47 48 49 50 output 2 3 13 14 4 15 5 6 4 8 9 12 10
15 3 4 5 6 7 5 8 9 10 5 16 17 11 -1 12 13 14 18 19 20 21 22 23 24 25 26 27 28 29 30 31 32 33 34 35 36 37 38 39 40 41 42 43 44 45 46 47 48 49 50 output 2 3 16 17 4 18 5 6 4 8 9 10 4 12 13 14
19 3 4 12 13 5 14 6 7 5 8 9 10 5 16 17 11 -1 15 18 20 21 22 23 24 25 26 27 28 29 30 31 32 33 34 35 36 37 38 39 40 41 42 43 44 45 46 47 48 49 50 output 2 3 6 8 9 6 11 12 13 6 15 16 17
18 3 4 5 6 7 20 8 9 10 20 17 5 10 20 16 23 11 -1 12 13 14 15 19 21 22 24 25 26 27 28 29 30 31 32 33 34 35 36 37 38 39 40 41 42 43 44 45 46 47 48 49 50 output 2 3 4 5 6 7 8 9 10 4 12 7 10 4 16 17 18
27 3 4 5 6 7 9 8 5 11 -1 10 12 13 14 15 16 17 18 19 20 21 22 23 24 25 26 28 29 30 31 32 33 34 35 36 37 38 39 40 41 42 43 44 45 46 47 48 49 50 output 2 3 4 5 6 4 8 7 12 10
15 3 4 5 6 7 20 8 9 10 20 17 5 10 20 16 23 11 -1 12 13 14 18 19 21 22 24 25 26 27 28 29 30 31 32 33 34 35 36 37 38 39 40 41 42 43 44 45 46 47 48 49 50 output 2 3 20 21 4 22 5 6 7 8 9 10 4 12 7 10 4 16 17 18
30 3 4 5 6 7 9 8 5 11 -1 10 12 13 14 15 16 17 18 19 20 21 22 23 24 25 26 27 28 29 31 32 33 34 35 36 37 38 39 40 41 42 43 44 45 46 47 48 49 50 output 2 3 4 5 6 4 8 7 12 10
27 3 4 5 6 7 20 8 9 10 20 17 5 10 20 16 23 11 -1 12 13 14 15 18 19 21 22 24 25 26 28 29 30 31 32 33 34 35 36 37 38 39 40 41 42 43 44 45 46 47 48 49 50 output 2 3 4 5 6 7 8 9 10 4 12 7 10 4 16 17 18
15 3 4 5 6 7 20 8 9 10 20 17 5 10 11 -1 12 13 14 16 18 19 21 22 23 24 25 26 27 28 29 30 31 32 33 34 35 36 37 38 39 40 41 42 43 44 45 46 47 48 49 50 output 2 3 17 18 4 19 5 6 7 8 9 10 7 8 4 15
30 3 4 5 6 7 9 8 5 11 -1 10 12 13 14 15 16 17 18 19 20 21 22 23 24 25 26 27 28 29 31 32 33 34 35 36 37 38 39 40 41 42 43 44 45 46 47 48 49 50 output 2 3 4 5 6 4 8 7 12 10
15 3 4 5 6 7 20 8 9 10 5 17 20 10 5 16 23 11 -1 12 13 14 18 19 21 22 24 25 26 27 28 29 30 31 32 33 34 35 36 37 38 39 40 41 42 43 44 45 46 47 48 49 50 output 2 3 20 21 4 22 5 6 7 8 9 10 4 12 7 10 4 16 17 18
15 3 4 5 6 7 5 8 9 11 -1 10 12 13 14 16 17 18 19 20 21 22 23 24 25 26 27 28 29 30 31 32 33 34 35 36 37 38 39 40 41 42 43 44 45 46 47 48 49 50 output 2 3 13 14 4 15 5 6 4 8 9 12 10
15 3 4 5 6 7 20 8 9 10 20 17 5 10 11 -1 12 13 14 16 18 19 21 22 23 24 25 26 27 28 29 30 31 32 33 34 35 36 37 38 39 40 41 42 43 44 45 46 47 48 49 50 output 2 3 17 18 4 19 5 6 7 8 9 10 7 12 4 10 15
18 3 4 12 13 5 14 6 7 5 8 9 10 11 -1 15 16 17 19 20 21 22 23 24 25 26 27 28 29 30 31 32 33 34 35 36 37 38 39 40 41 42 43 44 45 46 47 48 49 50 output 2 3 6 8 9 6 11 12 14
35 3 4 12 13 5 14 6 7 5 8 9 10 11 -1 15 16 17 18 19 20 21 22 23 24 25 26 27 28 29 30 31 32 33 34 36 37 38 39 40 41 42 43 44 45 46 47 48 49 50 output 2 3 4 5 6 7 8 9 12 11 6 13 14
15 3 4 5 6 7 5 8 9 10 11 -1 12 13 14 16 17 18 19 20 21 22 23 24 25 26 27 28 29 30 31 32 33 34 35 36 37 38 39 40 41 42 43 44 45 46 47 48 49 50 output 2 3 13 14 4 15 5 6 4 8 9 10 11
26 3 4 5 6 7 20 8 9 10 5 17 20 10 11 -1 12 13 14 15 16 18 19 21 22 23 24 25 27 28 29 30 31 32 33 34 35 36 37 38 39 40 41 42 43 44 45 46 47 48 49 50 output 2 3 17 18 4 19 5 6 7 8 9 10 4 12 7 10 15
35 3 4 5 6 7 20 8 9 10 20 17 5 10 11 -1 12 13 14 15 16 18 19 21 22 23 24 25 26 27 28 29 30 31 32 33 34 36 37 38 39 40 41 42 43 44 45 46 47 48 49 50 output 2 3 17 18 4 19 5 6 7 8 9 10 7 12 4 10 15
15 3 4 5 6 7 20 8 9 10 20 17 5 10 11 -1 12 13 14 16 18 19 21 22 23 24 25 26 27 28 29 30 31 32 33 34 35 36 37 38 39 40 41 42 43 44 45 46 47 48 49 50 output 2 3 17 18 4 19 5 6 7 8 9 10 7 12 4 10 15
30 3 4 5 6 7 9 8 5 10 16 8 5 10 11 -1 12 13 14 15 17 18 19 20 21 22 23 24 25 26 27 28 29 31 32 33 34 35 36 37 38 39 40 41 42 43 44 45 46 47 48 49 50 output 2 3 4 5 6 4 8 7 10 4 8 11 10 15
21 3 4 5 6 7 20 8 9 10 20 17 5 10 11 -1 12 13 14 15 16 18 19 22 23 24 25 26 27 28 29 30 31 32 33 34 35 36 37 38 39 40 41 42 43 44 45 46 47 48 49 50 output 2 3 4 5 6 9 8 7 10 7 12 4 10 15
18 3 4 5 6 7 9 8 5 11 -1 10 12 13 14 15 16 17 19 20 21 22 23 24 25 26 27 28 29 30 31 32 33 34 35 36 37 38 39 40 41 42 43 44 45 46 47 48 49 50 output 2 3 4 5 6 4 8 7 12 10
35 3 4 5 6 7 20 8 9 10 20 17 5 10 20 16 23 11 -1 12 13 14 15 18 19 21 22 24 25 26 27 28 29 30 31 32 33 34 36 37 38 39 40 41 42 43 44 45 46 47 48 49 50 output 2 3 4 5 6 7 8 9 10 4 12 7 10 4 16 17 18
30 3 4 5 6 7 9 8 5 11 -1 10 12 13 14 15 16 17 18 19 20 21 22 23 24 25 26 27 28 29 31 32 33 34 35 36 37 38 39 40 41 42 43 44 45 46 47 48 49 50 output 2 3 4 5 6 4 8 7 12 10
36 3 4 5 6 7 9 8 5 11 -1 10 12 13 14 15 16 17 18 19 20 21 22 23 24 25 26 27 28 29 30 31 32 33 34 35 37 38 39 40 41 42 43 44 45 46 47 48 49 50 output 2 3 4 5 6 4 8 7 10
19 3 4 5 6 7 20 8 9 10 20 17 5 10 20 16 23 11 -1 12 13 14 15 18 21 22 24 25 26 27 28 29 30 31 32 33 34 35 36 37 38 39 40 41 42 43 44 45 46 47 48 49 50 output 2 3 4 5 6 7 8 9 10 4 12 7 10 4 16 17 18
19 3 4 5 6 7 9 8 5 11 -1 10 12 13 14 15 16 17 18 20 21 22 23 24 25 26 27 28 29 30 31 32 33 34 35 36 37 38 39 40 41 42 43 44 45 46 47 48 49 50 output 2 3 4 5 6 4 8 7 10
15 3 4 5 6 7 20 8 9 10 20 17 5 10 20 16 23 11 -1 12 13 14 18 19 21 22 24 25 26 27 28 29 30 31 32 33 34 35 36 37 38 39 40 41 42 43 44 45 46 47 48 49 50 output 2 3 20 21 4 22 5 6 7 8 9 10 7 12 4 10 4 16 17 18
19 3 4 5 6 7 9 8 5 11 -1 10 12 13 14 15 16 17 18 20 21 22 23 24 25 26 27 28 29 30 31 32 33 34 35 36 37 38 39 40 41 42 43 44 45 46 47 48 49 50 output 2 3 4 5 6 4 8 7 10
19 3 4 5 6 7 20 8 9 10 20 17 5 10 20 16 23 11 -1 12 13 14 15 18 21 22 24 25 26 27 28 29 30 31 32 33 34 35 36 37 38 39 40 41 42 43 44 45 46 47 48 49 50 output 2 3 4 5 6 7 8 9 10 4 12 7 10 4 16 17 18
15 3 4 12 13 5 14 6 7 5 8 9 10 5 16 17 11 -1 18 19 20 21 22 23 24 25 26 27 28 29 30 31 32 33 34 35 36 37 38 39 40 41 42 43 44 45 46 47 48 49 50 output 2 3 4 5 6 7 8 9 12 11 6 13 6 15 16 17
18 3 4 12 13 5 14 6 7 20 8 9 10 20 17 5 10 5 16 23 11 -1 15 19 21 22 24 25 26 27 28 29 30 31 32 33 34 35 36 37 38 39 40 41 42 43 44 45 46 47 48 49 50 output 2 3 6 8 9 10 11 12 13 10 15 6 13 10 19 20 21
28 3 4 5 6 7 5 8 9 11 -1 10 12 13 14 15 16 17 18 19 20 21 22 23 24 25 26 27 29 30 31 32 33 34 35 36 37 38 39 40 41 42 43 44 45 46 47 48 49 50 output 2 3 13 14 4 15 5 6 4 8 9 12 10
15 3 4 5 6 7 9 8 20 10 20 17 5 10 11 -1 12 13 14 16 18 19 21 22 23 24 25 26 27 28 29 30 31 32 33 34 35 36 37 38 39 40 41 42 43 44 45 46 47 48 49 50 output 2 3 17 18 4 19 5 6 7 8 9 10 9 12 4 10 15
28 3 4 5 6 7 9 8 20 10 20 17 5 10 11 -1 12 13 14 15 16 18 19 21 22 23 24 25 26 27 29 30 31 32 33 34 35 36 37 38 39 40 41 42 43 44 45 46 47 48 49 50 output 2 3 17 18 4 19 5 6 7 8 9 10 9 12 4 10 15
37 3 4 5 6 7 9 8 5 11 -1 10 12 13 14 15 16 17 18 19 20 21 22 23 24 25 26 27 28 29 30 31 32 33 34 35 36 38 39 40 41 42 43 44 45 46 47 48 49 50 output 2 3 4 5 6 4 8 7 10
35 3 4 12 13 5 14 6 7 20 8 9 10 20 17 5 10 11 -1 15 16 18 19 21 22 23 24 25 26 27 28 29 30 31 32 33 34 36 37 38 39 40 41 42 43 44 45 46 47 48 49 50 output 2 3 6 8 9 10 11 12 13 10 15 6 13 18
18 3 4 5 6 7 20 8 9 10 20 17 5 10 11 -1 12 13 14 15 16 19 21 22 23 24 25 26 27 28 29 30 31 32 33 34 35 36 37 38 39 40 41 42 43 44 45 46 47 48 49 50 output 2 3 17 18 4 19 5 6 7 8 9 10 7 12 4 10 15
30 3 4 12 13 5 14 6 7 20 8 9 10 20 17 5 10 11 -1 15 16 18 19 21 22 23 24 25 26 27 28 29 31 32 33 34 35 36 37 38 39 40 41 42 43 44 45 46 47 48 49 50 output 2 3 6 8 9 10 11 12 13 6 15 10 13 18
18 3 4 12 13 5 14 6 7 20 8 9 10 5 17 20 10 5 16 23 11 -1 15 19 21 22 24 25 26 27 28 29 30 31 32 33 34 35 36 37 38 39 40 41 42 43 44 45 46 47 48 49 50 output 2 3 6 8 9 10 11 12 13 6 15 10 13 6 19 20 21
28 3 4 5 6 7 9 8 5 11 -1 10 12 13 14 15 16 17 18 19 20 21 22 23 24 25 26 27 29 30 31 32 33 34 35 36 37 38 39 40 41 42 43 44 45 46 47 48 49 50 output 2 3 13 14 4 15 5 6 7 8 4 12 10
19 3 4 5 6 7 20 8 9 10 20 17 5 10 11 -1 12 13 14 15 16 18 21 22 23 24 25 26 27 28 29 30 31 32 33 34 35 36 37 38 39 40 41 42 43 44 45 46 47 48 49 50 output 2 3 4 5 6 9 8 7 10 7 12 4 10 15
15 3 4 5 6 7 5 8 9 11 -1 10 12 13 14 16 17 18 19 20 21 22 23 24 25 26 27 28 29 30 31 32 33 34 35 36 37 38 39 40 41 42 43 44 45 46 47 48 49 50 output 2 3 13 14 4 15 5 6 4 8 9 12 10
15 3 4 5 6 7 5 8 9 11 -1 10 12 13 14 16 17 18 19 20 21 22 23 24 25 26 27 28 29 30 31 32 33 34 35 36 37 38 39 40 41 42 43 44 45 46 47 48 49 50 output 2 3 13 14 4 15 5 6 4 8 9 12 10
18 3 4 12 13 5 14 6 7 20 8 9 10 20 17 5 10 11 -1 15 16 19 21 22 23 24 25 26 27 28 29 30 31 32 33 34 35 36 37 38 39 40 41 42 43 44 45 46 47 48 49 50 output 2 3 6 8 9 10 11 12 13 10 15 6 13 18
18 3 4 12 13 5 14 6 7 5 8 9 10 5 16 17 11 -1 15 19 20 21 22 23 24 25 26 27 28 29 30 31 32 33 34 35 36 37 38 39 40 41 42 43 44 45 46 47 48 49 50 output 2 3 6 8 9 6 11 12 13 6 15 16 17
15 3 4 5 6 7 5 8 9 10 5 16 17 11 -1 12 13 14 18 19 20 21 22 23 24 25 26 27 28 29 30 31 32 33 34 35 36 37 38 39 40 41 42 43 44 45 46 47 48 49 50 output 2 3 16 17 4 18 5 6 4 8 9 10 4 12 13 14
30 3 4 12 13 5 14 6 7 5 8 9 10 5 16 17 11 -1 15 18 19 20 21 22 23 24 25 26 27 28 29 31 32 33 34 35 36 37 38 39 40 41 42 43 44 45 46 47 48 49 50 output 2 3 6 8 9 6 11 12 13 6 15 16 17
18 3 4 12 13 5 14 6 7 5 8 9 10 11 -1 15 16 17 19 20 21 22 23 24 25 26 27 28 29 30 31 32 33 34 35 36 37 38 39 40 41 42 43 44 45 46 47 48 49 50 output 2 3 6 8 9 6 11 12 13 14
18 3 4 5 6 7 20 8 9 10 20 17 5 10 20 16 23 11 -1 12 13 14 15 19 21 22 24 25 26 27 28 29 30 31 32 33 34 35 36 37 38 39 40 41 42 43 44 45 46 47 48 49 50 output 2 3 4 5 6 7 8 9 10 4 12 7 10 4 16 17 18
38 3 4 12 13 5 14 6 7 5 8 9 10 11 -1 15 16 17 18 19 20 21 22 23 24 25 26 27 28 29 30 31 32 33 34 35 36 37 39 40 41 42 43 44 45 46 47 48 49 50 output 2 3 6 8 9 6 11 12 14
35 3 4 12 13 5 14 6 7 20 8 9 10 20 17 5 10 11 -1 15 16 18 19 21 22 23 24 25 26 27 28 29 30 31 32 33 34 36 37 38 39 40 41 42 43 44 45 46 47 48 49 50 output 2 3 4 5 6 7 8 9 12 11 10 13 10 15 6 13 18
39 3 4 12 13 5 14 6 7 5 8 9 10 5 16 17 11 -1 15 18 19 20 21 22 23 24 25 26 27 28 29 30 31 32 33 34 35 36 37 38 40 41 42 43 44 45 46 47 48 49 50 output 2 3 6 8 9 6 11 12 13 6 15 16 17
15 3 4 12 13 5 14 6 7 20 8 9 10 20 17 5 10 11 -1 16 18 19 21 22 23 24 25 26 27 28 29 30 31 32 33 34 35 36 37 38 39 40 41 42 43 44 45 46 47 48 49 50 output 2 3 4 5 6 7 8 9 12 11 10 13 10 15 6 13 18
26 3 4 5 6 7 5 8 9 10 5 16 17 11 -1 12 13 14 15 18 19 20 21 22 23 24 25 27 28 29 30 31 32 33 34 35 36 37 38 39 40 41 42 43 44 45 46 47 48 49 50 output 2 3 16 17 4 18 5 6 4 8 9 10 4 12 13 14
18 3 4 12 13 5 14 6 7 5 8 9 10 5 16 17 11 -1 15 19 20 21 22 23 24 25 26 27 28 29 30 31 32 33 34 35 36 37 38 39 40 41 42 43 44 45 46 47 48 49 50 output 2 3 6 8 9 6 11 12 13 6 15 16 17
18 3 4 5 6 7 5 8 9 10 5 8 16 10 11 -1 12 13 14 15 17 19 20 21 22 23 24 25 26 27 28 29 30 31 32 33 34 35 36 37 38 39 40 41 42 43 44 45 46 47 48 49 50 output 2 3 17 18 4 19 5 6 4 8 9 10 4 21 13 15
30 3 4 12 13 5 14 6 7 5 8 9 10 11 -1 15 16 17 18 19 20 21 22 23 24 25 26 27 28 29 31 32 33 34 35 36 37 38 39 40 41 42 43 44 45 46 47 48 49 50 output 2 3 6 8 9 6 11 12 14
29 3 4 5 6 7 20 8 9 10 20 17 5 10 20 16 23 11 -1 12 13 14 15 18 19 21 22 24 25 26 27 28 30 31 32 33 34 35 36 37 38 39 40 41 42 43 44 45 46 47 48 49 50 output 2 3 4 5 6 7 8 9 10 4 12 7 10 4 16 17 18
15 3 4 5 6 7 20 8 9 10 20 17 5 10 20 16 23 11 -1 12 13 14 18 19 21 22 24 25 26 27 28 29 30 31 32 33 34 35 36 37 38 39 40 41 42 43 44 45 46 47 48 49 50 output 2 3 20 21 4 22 5 6 7 8 9 10 4 12 7 10 4 16 17 18
15 3 4 5 6 7 20 8 9 10 20 17 5 10 11 -1 12 13 14 16 18 19 21 22 23 24 25 26 27 28 29 30 31 32 33 34 35 36 37 38 39 40 41 42 43 44 45 46 47 48 49 50 output 2 3 17 18 4 19 5 6 7 8 9 10 7 8 4 15
15 3 4 5 6 7 9 8 5 11 -1 10 12 13 14 16 17 18 19 20 21 22 23 24 25 26 27 28 29 30 31 32 33 34 35 36 37 38 39 40 41 42 43 44 45 46 47 48 49 50 output 2 3 13 14 4 15 5 6 7 8 4 12 10
18 3 4 12 13 5 14 6 7 5 8 9 10 11 -1 15 16 17 19 20 21 22 23 24 25 26 27 28 29 30 31 32 33 34 35 36 37 38 39 40 41 42 43 44 45 46 47 48 49 50 output 2 3 6 8 9 6 11 12 14
15 3 4 5 6 7 9 8 20 10 20 17 5 10 20 16 23 11 -1 12 13 14 18 19 21 22 24 25 26 27 28 29 30 31 32 33 34 35 36 37 38 39 40 41 42 43 44 45 46 47 48 49 50 output 2 3 20 21 4 22 5 6 7 8 9 10 9 12 4 10 9 16 17 18
30 3 4 12 13 5 14 6 7 5 8 9 10 5 16 17 11 -1 15 18 19 20 21 22 23 24 25 26 27 28 29 31 32 33 34 35 36 37 38 39 40 41 42 43 44 45 46 47 48 49 50 output 2 3 6 8 9 6 11 12 13 6 15 16 17
18 3 4 12 13 5 14 6 7 20 8 9 10 20 8 5 11 -1 15 16 17 19 21 22 23 24 25 26 27 28 29 30 31 32 33 34 35 36 37 38 39 40 41 42 43 44 45 46 47 48 49 50 output 2 3 6 8 9 10 11 12 13 10 11 6 13 17
29 3 4 12 13 5 14 6 7 20 8 9 10 5 17 20 10 5 16 23 11 -1 15 18 19 21 22 24 25 26 27 28 30 31 32 33 34 35 36 37 38 39 40 41 42 43 44 45 46 47 48 49 50 output 2 3 6 8 9 10 11 12 13 6 15 10 13 6 19 20 21
40 3 4 5 6 7 9 8 5 11 -1 10 12 13 14 15 16 17 18 19 20 21 22 23 24 25 26 27 28 29 30 31 32 33 34 35 36 37 38 39 41 42 43 44 45 46 47 48 49 50 output 2 3 4 5 6 4 8 7 12 10
18 3 4 5 6 7 9 8 5 11 -1 10 12 13 14 15 16 17 19 20 21 22 23 24 25 26 27 28 29 30 31 32 33 34 35 36 37 38 39 40 41 42 43 44 45 46 47 48 49 50 output 2 3 4 5 6 4 8 7 10
18 3 4 5 6 7 9 8 5 11 -1 10 12 13 14 15 16 17 19 20 21 22 23 24 25 26 27 28 29 30 31 32 33 34 35 36 37 38 39 40 41 42 43 44 45 46 47 48 49 50 output 2 3 4 5 6 4 8 7 12 10
18 3 4 5 6 7 20 8 9 10 20 17 5 10 11 -1 12 13 14 15 16 19 21 22 23 24 25 26 27 28 29 30 31 32 33 34 35 36 37 38 39 40 41 42 43 44 45 46 47 48 49 50 output 2 3 4 5 6 7 8 9 10 4 12 7 10 15
15 3 4 5 6 7 20 8 9 10 20 17 5 10 20 16 23 11 -1 12 13 14 18 19 21 22 24 25 26 27 28 29 30 31 32 33 34 35 36 37 38 39 40 41 42 43 44 45 46 47 48 49 50 output 2 3 20 21 4 22 5 6 7 8 9 10 7 12 4 10 4 16 17 18
30 3 4 5 6 7 20 8 9 10 20 8 5 10 20 16 23 11 -1 12 13 14 15 17 18 19 21 22 24 25 26 27 28 29 31 32 33 34 35 36 37 38 39 40 41 42 43 44 45 46 47 48 49 50 output 2 3 4 5 6 7 8 9 10 7 24 4 10 7 16 17 18
15 3 4 5 6 7 5 8 9 10 5 16 17 11 -1 12 13 14 18 19 20 21 22 23 24 25 26 27 28 29 30 31 32 33 34 35 36 37 38 39 40 41 42 43 44 45 46 47 48 49 50 output 2 3 16 17 4 18 5 6 4 8 9 10 4 12 13 14
33 3 4 12 13 5 14 6 7 5 8 9 10 11 -1 15 16 17 18 19 20 21 22 23 24 25 26 27 28 29 30 31 32 34 35 36 37 38 39 40 41 42 43 44 45 46 47 48 49 50 output 2 3 6 8 9 6 11 12 14
32 3 4 5 6 7 9 8 20 10 20 17 5 10 20 16 23 11 -1 12 13 14 15 18 19 21 22 24 25 26 27 28 29 30 31 33 34 35 36 37 38 39 40 41 42 43 44 45 46 47 48 49 50 output 2 3 20 21 4 22 5 6 7 8 9 10 9 12 4 10 9 16 17 18
30 3 4 5 6 7 9 8 20 10 20 17 5 10 11 -1 12 13 14 15 16 18 19 21 22 23 24 25 26 27 28 29 31 32 33 34 35 36 37 38 39 40 41 42 43 44 45 46 47 48 49 50 output 2 3 4 5 6 9 8 7 10 4 12 9 10 15
15 3 4 5 6 7 20 8 9 10 20 17 5 10 20 16 23 11 -1 12 13 14 18 19 21 22 24 25 26 27 28 29 30 31 32 33 34 35 36 37 38 39 40 41 42 43 44 45 46 47 48 49 50 output 2 3 20 21 4 22 5 6 7 8 9 10 4 12 7 10 4 16 17 18
19 3 4 12 13 5 14 6 7 5 8 9 10 5 16 17 11 -1 15 18 20 21 22 23 24 25 26 27 28 29 30 31 32 33 34 35 36 37 38 39 40 41 42 43 44 45 46 47 48 49 50 output 2 3 6 8 9 6 11 12 13 6 15 16 17
27 3 4 12 13 5 14 6 7 5 8 9 10 5 16 17 11 -1 15 18 19 20 21 22 23 24 25 26 28 29 30 31 32 33 34 35 36 37 38 39 40 41 42 43 44 45 46 47 48 49 50 output 2 3 6 8 9 6 11 12 13 6 15 16 17
18 3 4 5 6 7 20 8 9 10 20 17 5 10 11 -1 12 13 14 15 16 19 21 22 23 24 25 26 27 28 29 30 31 32 33 34 35 36 37 38 39 40 41 42 43 44 45 46 47 48 49 50 output 2 3 4 5 6 7 8 9 10 4 12 7 10 15
41 3 4 12 13 5 14 6 7 20 8 9 10 20 17 5 10 11 -1 15 16 18 19 21 22 23 24 25 26 27 28 29 30 31 32 33 34 35 36 37 38 39 40 42 43 44 45 46 47 48 49 50 output 2 3 6 8 9 10 11 12 13 10 15 6 13 18
42 3 4 5 6 7 20 8 9 10 20 17 5 10 11 -1 12 13 14 15 16 18 19 21 22 23 24 25 26 27 28 29 30 31 32 33 34 35 36 37 38 39 40 41 43 44 45 46 47 48 49 50 output 2 3 4 5 6 9 8 7 10 7 12 4 10 15
18 3 4 5 6 7 20 8 9 10 20 17 5 10 20 16 23 11 -1 12 13 14 15 19 21 22 24 25 26 27 28 29 30 31 32 33 34 35 36 37 38 39 40 41 42 43 44 45 46 47 48 49 50 output 2 3 4 5 6 7 8 9 10 4 12 7 10 4 16 17 18
28 3 4 5 6 7 5 8 9 10 5 16 17 11 -1 12 13 14 15 18 19 20 21 22 23 24 25 26 27 29 30 31 32 33 34 35 36 37 38 39 40 41 42 43 44 45 46 47 48 49 50 output 2 3 16 17 4 18 5 6 9 8 4 10 4 12 13 14
19 3 4 5 6 7 9 8 5 11 -1 10 12 13 14 15 16 17 18 20 21 22 23 24 25 26 27 28 29 30 31 32 33 34 35 36 37 38 39 40 41 42 43 44 45 46 47 48 49 50 output 2 3 4 5 6 4 8 7 10
15 3 4 12 13 5 14 6 7 20 8 9 10 20 17 5 10 11 -1 16 18 19 21 22 23 24 25 26 27 28 29 30 31 32 33 34 35 36 37 38 39 40 41 42 43 44 45 46 47 48 49 50 output 2 3 4 5 6 7 8 9 10 11 12 13 6 15 10 13 18
43 3 4 12 13 5 14 6 7 5 8 9 10 5 8 16 11 -1 15 17 18 19 20 21 22 23 24 25 26 27 28 29 30 31 32 33 34 35 36 37 38 39 40 41 42 44 45 46 47 48 49 50 output 2 3 6 8 9 6 11 12 13 6 11 16 13 17
15 3 4 5 6 7 5 8 9 10 5 16 17 11 -1 12 13 14 18 19 20 21 22 23 24 25 26 27 28 29 30 31 32 33 34 35 36 37 38 39 40 41 42 43 44 45 46 47 48 49 50 output 2 3 16 17 4 18 5 6 4 8 9 10 4 12 13 14
27 3 4 5 6 7 20 8 9 10 20 17 5 10 20 16 23 11 -1 12 13 14 15 18 19 21 22 24 25 26 28 29 30 31 32 33 34 35 36 37 38 39 40 41 42 43 44 45 46 47 48 49 50 output 2 3 4 5 6 7 8 9 10 4 12 7 10 4 16 17 18
15 3 4 5 6 7 5 8 9 10 5 16 17 11 -1 12 13 14 18 19 20 21 22 23 24 25 26 27 28 29 30 31 32 33 34 35 36 37 38 39 40 41 42 43 44 45 46 47 48 49 50 output 2 3 16 17 4 18 5 6 4 8 9 10 4 12 13 14
40 3 4 5 6 7 9 8 5 10 16 8 5 10 11 -1 12 13 14 15 17 18 19 20 21 22 23 24 25 26 27 28 29 30 31 32 33 34 35 36 37 38 39 41 42 43 44 45 46 47 48 49 50 output 2 3 4 5 6 4 8 7 10 4 8 11 10 15
19 3 4 12 13 5 14 6 7 20 8 9 10 20 17 5 10 5 16 23 11 -1 15 18 21 22 24 25 26 27 28 29 30 31 32 33 34 35 36 37 38 39 40 41 42 43 44 45 46 47 48 49 50 output 2 3 6 8 9 10 11 12 13 10 15 6 13 10 19 20 21
15 3 4 5 6 7 5 8 9 11 -1 10 12 13 14 16 17 18 19 20 21 22 23 24 25 26 27 28 29 30 31 32 33 34 35 36 37 38 39 40 41 42 43 44 45 46 47 48 49 50 output 2 3 13 14 4 15 5 6 4 8 9 12 10
26 3 4 12 13 5 14 6 7 5 8 9 10 5 16 17 11 -1 15 18 19 20 21 22 23 24 25 27 28 29 30 31 32 33 34 35 36 37 38 39 40 41 42 43 44 45 46 47 48 49 50 output 2 3 6 8 9 6 11 12 13 6 15 16 17
18 3 4 5 6 7 20 8 9 10 20 17 5 10 20 16 23 11 -1 12 13 14 15 19 21 22 24 25 26 27 28 29 30 31 32 33 34 35 36 37 38 39 40 41 42 43 44 45 46 47 48 49 50 output 2 3 4 5 6 7 8 9 10 4 12 7 10 4 16 17 18
30 3 4 5 6 7 5 8 9 11 -1 10 12 13 14 15 16 17 18 19 20 21 22 23 24 25 26 27 28 29 31 32 33 34 35 36 37 38 39 40 41 42 43 44 45 46 47 48 49 50 output 2 3 4 5 6 9 8 4 10
18 3 4 12 13 5 14 6 7 20 8 9 10 20 17 5 10 11 -1 15 16 19 21 22 23 24 25 26 27 28 29 30 31 32 33 34 35 36 37 38 39 40 41 42 43 44 45 46 47 48 49 50 output 2 3 6 8 9 10 11 12 13 10 15 6 13 18
18 3 4 5 6 7 5 8 9 10 5 8 16 10 11 -1 12 13 14 15 17 19 20 21 22 23 24 25 26 27 28 29 30 31 32 33 34 35 36 37 38 39 40 41 42 43 44 45 46 47 48 49 50 output 2 3 17 18 4 19 5 6 4 8 9 10 4 21 13 15
19 3 4 12 13 5 14 6 7 5 8 9 10 5 16 17 11 -1 15 18 20 21 22 23 24 25 26 27 28 29 30 31 32 33 34 35 36 37 38 39 40 41 42 43 44 45 46 47 48 49 50 output 2 3 6 8 9 6 11 12 13 6 15 16 17
30 3 4 12 13 5 14 6 7 20 8 9 10 20 17 5 10 11 -1 15 16 18 19 21 22 23 24 25 26 27 28 29 31 32 33 34 35 36 37 38 39 40 41 42 43 44 45 46 47 48 49 50 output 2 3 6 8 9 10 11 12 13 10 15 6 13 18
18 3 4 5 6 7 9 8 5 10 16 8 5 10 11 -1 12 13 14 15 17 19 20 21 22 23 24 25 26 27 28 29 30 31 32 33 34 35 36 37 38 39 40 41 42 43 44 45 46 47 48 49 50 output 2 3 4 5 6 7 8 4 10 11 21 4 15
15 3 4 5 6 7 20 8 9 10 20 17 5 10 20 16 23 11 -1 12 13 14 18 19 21 22 24 25 26 27 28 29 30 31 32 33 34 35 36 37 38 39 40 41 42 43 44 45 46 47 48 49 50 output 2 3 20 21 4 22 5 6 7 8 9 10 4 12 7 10 4 16 17 18
27 3 4 5 6 7 20 8 9 10 20 17 5 10 20 16 23 11 -1 12 13 14 15 18 19 21 22 24 25 26 28 29 30 31 32 33 34 35 36 37 38 39 40 41 42 43 44 45 46 47 48 49 50 output 2 3 4 5 6 7 8 9 10 4 12 7 10 4 16 17 18
40 3 4 5 6 7 20 8 9 10 20 17 5 10 11 -1 12 13 14 15 16 18 19 21 22 23 24 25 26 27 28 29 30 31 32 33 34 35 36 37 38 39 41 42 43 44 45 46 47 48 49 50 output 2 3 4 5 6 7 8 9 10 4 12 7 10 15
26 3 4 5 6 7 5 8 9 10 5 16 17 11 -1 12 13 14 15 18 19 20 21 22 23 24 25 27 28 29 30 31 32 33 34 35 36 37 38 39 40 41 42 43 44 45 46 47 48 49 50 output 2 3 16 17 4 18 5 6 4 8 9 10 4 12 13 14
44 3 4 12 13 5 14 6 7 5 8 9 10 11 -1 15 16 17 18 19 20 21 22 23 24 25 26 27 28 29 30 31 32 33 34 35 36 37 38 39 40 41 42 43 45 46 47 48 49 50 output 2 3 6 8 9 6 11 12 14
18 3 4 5 6 7 9 8 20 10 20 17 5 10 20 16 23 11 -1 12 13 14 15 19 21 22 24 25 26 27 28 29 30 31 32 33 34 35 36 37 38 39 40 41 42 43 44 45 46 47 48 49 50 output 2 3 20 21 4 22 5 6 7 8 9 10 9 12 4 10 9 16 17 18
32 3 4 5 6 7 9 8 5 10 16 8 5 10 11 -1 12 13 14 15 17 18 19 20 21 22 23 24 25 26 27 28 29 30 31 33 34 35 36 37 38 39 40 41 42 43 44 45 46 47 48 49 50 output 2 3 4 5 6 7 8 4 10 11 21 4 15
19 3 4 5 6 7 9 8 5 10 16 8 5 10 11 -1 12 13 14 15 17 18 20 21 22 23 24 25 26 27 28 29 30 31 32 33 34 35 36 37 38 39 40 41 42 43 44 45 46 47 48 49 50 output 2 3 4 5 6 7 8 4 10 11 21 4 15
19 3 4 12 13 5 14 6 7 20 8 9 10 20 17 5 10 5 16 23 11 -1 15 18 21 22 24 25 26 27 28 29 30 31 32 33 34 35 36 37 38 39 40 41 42 43 44 45 46 47 48 49 50 output 2 3 6 8 9 10 11 12 13 10 15 6 13 10 19 20 21
15 3 4 5 6 7 20 8 9 10 5 17 20 10 11 -1 12 13 14 16 18 19 21 22 23 24 25 26 27 28 29 30 31 32 33 34 35 36 37 38 39 40 41 42 43 44 45 46 47 48 49 50 output 2 3 17 18 4 19 5 6 7 8 9 10 7 12 4 10 15
27 3 4 12 13 5 14 6 7 5 8 9 10 5 16 17 11 -1 15 18 19 20 21 22 23 24 25 26 28 29 30 31 32 33 34 35 36 37 38 39 40 41 42 43 44 45 46 47 48 49 50 output 2 3 6 8 9 6 11 12 13 6 15 16 17
18 3 4 12 13 5 14 6 7 5 8 9 10 5 16 17 11 -1 15 19 20 21 22 23 24 25 26 27 28 29 30 31 32 33 34 35 36 37 38 39 40 41 42 43 44 45 46 47 48 49 50 output 2 3 6 8 9 6 11 12 13 6 15 16 17
15 3 4 5 6 7 9 8 5 11 -1 10 12 13 14 16 17 18 19 20 21 22 23 24 25 26 27 28 29 30 31 32 33 34 35 36 37 38 39 40 41 42 43 44 45 46 47 48 49 50 output 2 3 13 14 4 15 5 6 7 8 4 12 10
28 3 4 5 6 7 5 8 9 10 5 8 16 10 11 -1 12 13 14 15 17 18 19 20 21 22 23 24 25 26 27 29 30 31 32 33 34 35 36 37 38 39 40 41 42 43 44 45 46 47 48 49 50 output 2 3 17 18 4 19 5 6 4 8 9 10 4 8 13 15
15 3 4 5 6 7 5 8 9 10 5 16 17 11 -1 12 13 14 18 19 20 21 22 23 24 25 26 27 28 29 30 31 32 33 34 35 36 37 38 39 40 41 42 43 44 45 46 47 48 49 50 output 2 3 16 17 4 18 5 6 4 8 9 10 4 12 13 14
21 3 4 5 6 7 9 8 20 10 20 17 5 10 11 -1 12 13 14 15 16 18 19 22 23 24 25 26 27 28 29 30 31 32 33 34 35 36 37 38 39 40 41 42 43 44 45 46 47 48 49 50 output 2 3 17 18 4 19 5 6 7 8 9 10 9 12 4 10 15
15 3 4 5 6 7 20 8 9 10 5 17 20 10 5 16 23 11 -1 12 13 14 18 19 21 22 24 25 26 27 28 29 30 31 32 33 34 35 36 37 38 39 40 41 42 43 44 45 46 47 48 49 50 output 2 3 20 21 4 22 5 6 7 8 9 10 4 12 7 10 4 16 17 18
27 3 4 5 6 7 20 8 9 10 20 17 5 10 20 16 23 11 -1 12 13 14 15 18 19 21 22 24 25 26 28 29 30 31 32 33 34 35 36 37 38 39 40 41 42 43 44 45 46 47 48 49 50 output 2 3 4 5 6 7 8 9 10 4 12 7 10 4 16 17 18
28 3 4 5 6 7 20 8 9 10 20 17 5 10 20 16 23 11 -1 12 13 14 15 18 19 21 22 24 25 26 27 29 30 31 32 33 34 35 36 37 38 39 40 41 42 43 44 45 46 47 48 49 50 output 2 3 20 21 4 22 5 6 7 8 9 10 4 12 7 10 4 16 17 18
45 3 4 5 6 7 9 8 5 11 -1 10 12 13 14 15 16 17 18 19 20 21 22 23 24 25 26 27 28 29 30 31 32 33 34 35 36 37 38 39 40 41 42 43 44 46 47 48 49 50 output 2 3 4 5 6 4 8 7 10
15 3 4 5 6 7 5 8 9 11 -1 10 12 13 14 16 17 18 19 20 21 22 23 24 25 26 27 28 29 30 31 32 33 34 35 36 37 38 39 40 41 42 43 44 45 46 47 48 49 50 output 2 3 13 14 4 15 5 6 4 8 9 12 10
18 3 4 5 6 7 9 8 5 10 16 8 5 10 11 -1 12 13 14 15 17 19 20 21 22 23 24 25 26 27 28 29 30 31 32 33 34 35 36 37 38 39 40 41 42 43 44 45 46 47 48 49 50 output 2 3 4 5 6 7 8 4 10 11 21 4 15
26 3 4 12 13 5 14 6 7 20 8 9 10 20 17 5 10 11 -1 15 16 18 19 21 22 23 24 25 27 28 29 30 31 32 33 34 35 36 37 38 39 40 41 42 43 44 45 46 47 48 49 50 output 2 3 6 8 9 10 11 12 13 10 15 6 13 18
18 3 4 5 6 7 20 8 9 10 20 17 5 10 20 16 23 11 -1 12 13 14 15 19 21 22 24 25 26 27 28 29 30 31 32 33 34 35 36 37 38 39 40 41 42 43 44 45 46 47 48 49 50 output 2 3 4 5 6 7 8 9 10 4 12 7 10 4 16 17 18
15 3 4 5 6 7 5 8 9 11 -1 10 12 13 14 16 17 18 19 20 21 22 23 24 25 26 27 28 29 30 31 32 33 34 35 36 37 38 39 40 41 42 43 44 45 46 47 48 49 50 output 2 3 13 14 4 15 5 6 4 8 9 12 10
28 3 4 5 6 7 9 8 5 11 -1 10 12 13 14 15 16 17 18 19 20 21 22 23 24 25 26 27 29 30 31 32 33 34 35 36 37 38 39 40 41 42 43 44 45 46 47 48 49 50 output 2 3 13 14 4 15 5 6 4 8 7 12 10
30 3 4 5 6 7 20 8 9 10 20 17 5 10 11 -1 12 13 14 15 16 18 19 21 22 23 24 25 26 27 28 29 31 32 33 34 35 36 37 38 39 40 41 42 43 44 45 46 47 48 49 50 output 2 3 4 5 6 7 8 9 10 4 12 7 10 15
27 3 4 5 6 7 5 8 9 11 -1 10 12 13 14 15 16 17 18 19 20 21 22 23 24 25 26 28 29 30 31 32 33 34 35 36 37 38 39 40 41 42 43 44 45 46 47 48 49 50 output 2 3 4 5 6 9 8 4 10
15 3 4 5 6 7 20 8 9 10 20 17 5 10 11 -1 12 13 14 16 18 19 21 22 23 24 25 26 27 28 29 30 31 32 33 34 35 36 37 38 39 40 41 42 43 44 45 46 47 48 49 50 output 2 3 17 18 4 19 5 6 7 8 9 10 7 12 4 10 15
43 3 4 5 6 7 9 8 5 11 -1 10 12 13 14 15 16 17 18 19 20 21 22 23 24 25 26 27 28 29 30 31 32 33 34 35 36 37 38 39 40 41 42 44 45 46 47 48 49 50 output 2 3 4 5 6 4 8 7 10
15 3 4 5 6 7 5 8 9 10 5 16 17 11 -1 12 13 14 18 19 20 21 22 23 24 25 26 27 28 29 30 31 32 33 34 35 36 37 38 39 40 41 42 43 44 45 46 47 48 49 50 output 2 3 16 17 4 18 5 6 4 8 9 10 4 12 13 14
30 3 4 12 13 5 14 6 7 20 8 9 10 5 17 20 10 5 16 23 11 -1 15 18 19 21 22 24 25 26 27 28 29 31 32 33 34 35 36 37 38 39 40 41 42 43 44 45 46 47 48 49 50 output 2 3 6 8 9 10 11 12 13 10 15 6 13 10 19 20 21
15 3 4 5 6 7 20 8 9 10 20 17 5 10 20 16 23 11 -1 12 13 14 18 19 21 22 24 25 26 27 28 29 30 31 32 33 34 35 36 37 38 39 40 41 42 43 44 45 46 47 48 49 50 output 2 3 20 21 4 22 5 6 7 8 9 10 7 12 4 10 4 16 17 18
44 3 4 12 13 5 14 6 7 5 8 9 10 11 -1 15 16 17 18 19 20 21 22 23 24 25 26 27 28 29 30 31 32 33 34 35 36 37 38 39 40 41 42 43 45 46 47 48 49 50 output 2 3 6 8 9 6 11 12 14
28 3 4 12 13 5 14 6 7 5 8 9 10 11 -1 15 16 17 18 19 20 21 22 23 24 25 26 27 29 30 31 32 33 34 35 36 37 38 39 40 41 42 43 44 45 46 47 48 49 50 output 2 3 4 5 6 7 8 9 12 11 6 13 14
15 3 4 5 6 7 5 8 9 11 -1 10 12 13 14 16 17 18 19 20 21 22 23 24 25 26 27 28 29 30 31 32 33 34 35 36 37 38 39 40 41 42 43 44 45 46 47 48 49 50 output 2 3 13 14 4 15 5 6 4 8 9 12 10
15 3 4 5 6 7 5 8 9 10 5 16 17 11 -1 12 13 14 18 19 20 21 22 23 24 25 26 27 28 29 30 31 32 33 34 35 36 37 38 39 40 41 42 43 44 45 46 47 48 49 50 output 2 3 16 17 4 18 5 6 4 8 9 10 4 12 13 14
46 3 4 5 6 7 9 8 5 11 -1 10 12 13 14 15 16 17 18 19 20 21 22 23 24 25 26 27 28 29 30 31 32 33 34 35 36 37 38 39 40 41 42 43 44 45 47 48 49 50 output 2 3 4 5 6 4 8 7 10
28 3 4 5 6 7 20 8 9 10 20 17 5 10 11 -1 12 13 14 15 16 18 19 21 22 23 24 25 26 27 29 30 31 32 33 34 35 36 37 38 39 40 41 42 43 44 45 46 47 48 49 50 output 2 3 17 18 4 19 5 6 7 8 9 10 7 8 4 15
15 3 4 5 6 7 5 8 9 11 -1 10 12 13 14 16 17 18 19 20 21 22 23 24 25 26 27 28 29 30 31 32 33 34 35 36 37 38 39 40 41 42 43 44 45 46 47 48 49 50 output 2 3 13 14 4 15 5 6 4 8 9 12 10
47 3 4 5 6 7 9 8 5 11 -1 10 12 13 14 15 16 17 18 19 20 21 22 23 24 25 26 27 28 29 30 31 32 33 34 35 36 37 38 39 40 41 42 43 44 45 46 48 49 50 output 2 3 4 5 6 4 8 7 10
26 3 4 5 6 7 5 8 9 10 5 16 17 11 -1 12 13 14 15 18 19 20 21 22 23 24 25 27 28 29 30 31 32 33 34 35 36 37 38 39 40 41 42 43 44 45 46 47 48 49 50 output 2 3 16 17 4 18 5 6 4 8 9 10 4 12 13 14
18 3 4 5 6 7 20 8 9 10 20 17 5 10 20 16 23 11 -1 12 13 14 15 19 21 22 24 25 26 27 28 29 30 31 32 33 34 35 36 37 38 39 40 41 42 43 44 45 46 47 48 49 50 output 2 3 4 5 6 7 8 9 10 4 12 7 10 4 16 17 18
28 3 4 5 6 7 20 8 9 10 20 17 5 10 20 16 23 11 -1 12 13 14 15 18 19 21 22 24 25 26 27 29 30 31 32 33 34 35 36 37 38 39 40 41 42 43 44 45 46 47 48 49 50 output 2 3 20 21 4 22 5 6 7 8 9 10 4 12 7 10 4 16 17 18
21 3 4 5 6 7 9 8 20 10 20 17 5 10 11 -1 12 13 14 15 16 18 19 22 23 24 25 26 27 28 29 30 31 32 33 34 35 36 37 38 39 40 41 42 43 44 45 46 47 48 49 50 output 2 3 4 5 6 9 8 7 10 9 12 4 10 15
15 3 4 5 6 7 20 8 9 10 5 17 20 10 5 16 23 11 -1 12 13 14 18 19 21 22 24 25 26 27 28 29 30 31 32 33 34 35 36 37 38 39 40 41 42 43 44 45 46 47 48 49 50 output 2 3 20 21 4 22 5 6 7 8 9 10 4 12 7 10 4 16 17 18
33 3 4 5 6 7 9 8 5 11 -1 10 12 13 14 15 16 17 18 19 20 21 22 23 24 25 26 27 28 29 30 31 32 34 35 36 37 38 39 40 41 42 43 44 45 46 47 48 49 50 output 2 3 4 5 6 4 8 7 10
44 3 4 5 6 7 9 8 5 11 -1 10 12 13 14 15 16 17 18 19 20 21 22 23 24 25 26 27 28 29 30 31 32 33 34 35 36 37 38 39 40 41 42 43 45 46 47 48 49 50 output 2 3 4 5 6 4 8 7 12 10
15 3 4 5 6 7 20 8 9 10 20 17 5 10 11 -1 12 13 14 16 18 19 21 22 23 24 25 26 27 28 29 30 31 32 33 34 35 36 37 38 39 40 41 42 43 44 45 46 47 48 49 50 output 2 3 17 18 4 19 5 6 7 8 9 10 7 12 4 10 15
18 3 4 5 6 7 9 8 20 10 20 17 5 10 11 -1 12 13 14 15 16 19 21 22 23 24 25 26 27 28 29 30 31 32 33 34 35 36 37 38 39 40 41 42 43 44 45 46 47 48 49 50 output 2 3 4 5 6 9 8 7 10 9 12 4 10 15
35 3 4 5 6 7 9 8 5 11 -1 10 12 13 14 15 16 17 18 19 20 21 22 23 24 25 26 27 28 29 30 31 32 33 34 36 37 38 39 40 41 42 43 44 45 46 47 48 49 50 output 2 3 13 14 4 15 5 6 7 8 4 12 10
27 3 4 5 6 7 20 8 9 10 20 17 5 10 20 16 23 11 -1 12 13 14 15 18 19 21 22 24 25 26 28 29 30 31 32 33 34 35 36 37 38 39 40 41 42 43 44 45 46 47 48 49 50 output 2 3 4 5 6 7 8 9 10 4 12 7 10 4 16 17 18
18 3 4 12 13 5 14 6 7 20 8 9 10 20 17 5 10 11 -1 15 16 19 21 22 23 24 25 26 27 28 29 30 31 32 33 34 35 36 37 38 39 40 41 42 43 44 45 46 47 48 49 50 output 2 3 6 8 9 10 11 12 13 10 15 6 13 18
28 3 4 5 6 7 20 8 9 10 20 17 5 10 11 -1 12 13 14 15 16 18 19 21 22 23 24 25 26 27 29 30 31 32 33 34 35 36 37 38 39 40 41 42 43 44 45 46 47 48 49 50 output 2 3 17 18 4 19 5 6 7 8 9 10 4 12 7 10 15
30 3 4 12 13 5 14 6 7 5 8 9 10 11 -1 15 16 17 18 19 20 21 22 23 24 25 26 27 28 29 31 32 33 34 35 36 37 38 39 40 41 42 43 44 45 46 47 48 49 50 output 2 3 6 8 9 6 11 12 13 14
26 3 4 5 6 7 20 8 9 10 20 17 5 10 11 -1 12 13 14 15 16 18 19 21 22 23 24 25 27 28 29 30 31 32 33 34 35 36 37 38 39 40 41 42 43 44 45 46 47 48 49 50 output 2 3 17 18 4 19 5 6 7 8 9 10 7 12 4 10 15
15 3 4 5 6 7 5 8 9 11 -1 10 12 13 14 16 17 18 19 20 21 22 23 24 25 26 27 28 29 30 31 32 33 34 35 36 37 38 39 40 41 42 43 44 45 46 47 48 49 50 output 2 3 13 14 4 15 5 6 4 8 9 12 10
15 3 4 5 6 7 5 8 9 10 5 16 17 11 -1 12 13 14 18 19 20 21 22 23 24 25 26 27 28 29 30 31 32 33 34 35 36 37 38 39 40 41 42 43 44 45 46 47 48 49 50 output 2 3 16 17 4 18 5 6 4 8 9 10 4 12 13 14
28 3 4 5 6 7 20 8 9 10 20 17 5 10 11 -1 12 13 14 15 16 18 19 21 22 23 24 25 26 27 29 30 31 32 33 34 35 36 37 38 39 40 41 42 43 44 45 46 47 48 49 50 output 2 3 17 18 4 19 5 6 7 8 9 10 7 12 4 10 15
27 3 4 12 13 5 14 6 7 5 8 9 10 5 16 17 11 -1 15 18 19 20 21 22 23 24 25 26 28 29 30 31 32 33 34 35 36 37 38 39 40 41 42 43 44 45 46 47 48 49 50 output 2 3 6 8 9 6 11 12 13 6 15 16 17
44 3 4 5 6 7 9 8 5 11 -1 10 12 13 14 15 16 17 18 19 20 21 22 23 24 25 26 27 28 29 30 31 32 33 34 35 36 37 38 39 40 41 42 43 45 46 47 48 49 50 output 2 3 4 5 6 4 8 7 12 10
15 3 4 5 6 7 20 8 9 10 20 17 5 10 11 -1 12 13 14 16 18 19 21 22 23 24 25 26 27 28 29 30 31 32 33 34 35 36 37 38 39 40 41 42 43 44 45 46 47 48 49 50 output 2 3 17 18 4 19 5 6 7 8 9 10 7 12 4 10 15
40 3 4 5 6 7 9 8 5 10 16 8 5 10 11 -1 12 13 14 15 17 18 19 20 21 22 23 24 25 26 27 28 29 30 31 32 33 34 35 36 37 38 39 41 42 43 44 45 46 47 48 49 50 output 2 3 4 5 6 4 8 7 10 4 8 11 10 15
15 3 4 5 6 7 9 8 5 11 -1 10 12 13 14 16 17 18 19 20 21 22 23 24 25 26 27 28 29 30 31 32 33 34 35 36 37 38 39 40 41 42 43 44 45 46 47 48 49 50 output 2 3 13 14 4 15 5 6 7 8 4 12 10
29 3 4 12 13 5 14 6 7 20 8 9 10 5 17 20 10 11 -1 15 16 18 19 21 22 23 24 25 26 27 28 30 31 32 33 34 35 36 37 38 39 40 41 42 43 44 45 46 47 48 49 50 output 2 3 6 8 9 10 11 12 13 6 15 10 13 18
18 3 4 5 6 7 9 8 20 10 20 17 5 10 11 -1 12 13 14 15 16 19 21 22 23 24 25 26 27 28 29 30 31 32 33 34 35 36 37 38 39 40 41 42 43 44 45 46 47 48 49 50 output 2 3 17 18 4 19 5 6 9 8 7 10 9 8 4 15
15 3 4 5 6 7 20 8 9 10 20 17 5 10 20 16 23 11 -1 12 13 14 18 19 21 22 24 25 26 27 28 29 30 31 32 33 34 35 36 37 38 39 40 41 42 43 44 45 46 47 48 49 50 output 2 3 20 21 4 22 5 6 7 8 9 10 4 12 7 10 4 16 17 18
28 3 4 5 6 7 9 8 5 11 -1 10 12 13 14 15 16 17 18 19 20 21 22 23 24 25 26 27 29 30 31 32 33 34 35 36 37 38 39 40 41 42 43 44 45 46 47 48 49 50 output 2 3 13 14 4 15 5 6 4 8 7 12 10
28 3 4 5 6 7 20 8 9 10 5 17 20 10 11 -1 12 13 14 15 16 18 19 21 22 23 24 25 26 27 29 30 31 32 33 34 35 36 37 38 39 40 41 42 43 44 45 46 47 48 49 50 output 2 3 17 18 4 19 5 6 7 8 9 10 7 12 4 10 15
30 3 4 5 6 7 9 8 5 10 16 17 5 11 -1 12 13 14 15 18 19 20 21 22 23 24 25 26 27 28 29 31 32 33 34 35 36 37 38 39 40 41 42 43 44 45 46 47 48 49 50 output 2 3 4 5 6 4 8 7 10 4 8 11 10 14
28 3 4 5 6 7 20 8 9 10 20 17 5 10 20 16 23 11 -1 12 13 14 15 18 19 21 22 24 25 26 27 29 30 31 32 33 34 35 36 37 38 39 40 41 42 43 44 45 46 47 48 49 50 output 2 3 20 21 4 22 5 6 7 8 9 10 7 12 4 10 4 16 17 18
26 3 4 5 6 7 9 8 20 10 20 17 5 10 11 -1 12 13 14 15 16 18 19 21 22 23 24 25 27 28 29 30 31 32 33 34 35 36 37 38 39 40 41 42 43 44 45 46 47 48 49 50 output 2 3 17 18 4 19 5 6 9 8 7 10 4 12 9 10 15
40 3 4 5 6 7 9 8 5 10 16 17 5 11 -1 12 13 14 15 18 19 20 21 22 23 24 25 26 27 28 29 30 31 32 33 34 35 36 37 38 39 41 42 43 44 45 46 47 48 49 50 output 2 3 4 5 6 4 8 7 10 4 8 11 10 14
30 3 4 5 6 7 9 8 5 11 -1 10 12 13 14 15 16 17 18 19 20 21 22 23 24 25 26 27 28 29 31 32 33 34 35 36 37 38 39 40 41 42 43 44 45 46 47 48 49 50 output 2 3 4 5 6 4 8 7 12 10
26 3 4 12 13 5 14 6 7 20 8 9 10 20 17 5 10 11 -1 15 16 18 19 21 22 23 24 25 27 28 29 30 31 32 33 34 35 36 37 38 39 40 41 42 43 44 45 46 47 48 49 50 output 2 3 6 8 9 10 11 12 13 10 15 6 13 18
15 3 4 5 6 7 20 8 9 10 20 17 5 10 20 16 23 11 -1 12 13 14 18 19 21 22 24 25 26 27 28 29 30 31 32 33 34 35 36 37 38 39 40 41 42 43 44 45 46 47 48 49 50 output 2 3 20 21 4 22 5 6 7 8 9 10 7 12 4 10 4 16 17 18
19 3 4 5 6 7 9 8 5 11 -1 10 12 13 14 15 16 17 18 20 21 22 23 24 25 26 27 28 29 30 31 32 33 34 35 36 37 38 39 40 41 42 43 44 45 46 47 48 49 50 output 2 3 4 5 6 4 8 7 10
48 3 4 5 6 7 20 8 9 10 20 17 5 10 11 -1 12 13 14 15 16 18 19 21 22 23 24 25 26 27 28 29 30 31 32 33 34 35 36 37 38 39 40 41 42 43 44 45 46 47 49 50 output 2 3 17 18 4 19 5 6 7 8 9 10 7 12 4 10 15
19 3 4 5 6 7 9 8 20 10 20 17 5 10 11 -1 12 13 14 15 16 18 21 22 23 24 25 26 27 28 29 30 31 32 33 34 35 36 37 38 39 40 41 42 43 44 45 46 47 48 49 50 output 2 3 4 5 6 9 8 7 10 4 12 9 10 15
28 3 4 5 6 7 20 8 9 10 5 17 20 10 11 -1 12 13 14 15 16 18 19 21 22 23 24 25 26 27 29 30 31 32 33 34 35 36 37 38 39 40 41 42 43 44 45 46 47 48 49 50 output 2 3 17 18 4 19 5 6 7 8 9 10 4 12 7 10 15
15 3 4 5 6 7 9 8 20 10 20 17 5 10 20 16 23 11 -1 12 13 14 18 19 21 22 24 25 26 27 28 29 30 31 32 33 34 35 36 37 38 39 40 41 42 43 44 45 46 47 48 49 50 output 2 3 20 21 4 22 5 6 7 8 9 10 9 12 4 10 9 16 17 18
15 3 4 5 6 7 9 8 5 11 -1 10 12 13 14 16 17 18 19 20 21 22 23 24 25 26 27 28 29 30 31 32 33 34 35 36 37 38 39 40 41 42 43 44 45 46 47 48 49 50 output 2 3 13 14 4 15 5 6 7 8 4 12 10
28 3 4 5 6 7 20 8 9 10 20 17 5 10 20 16 23 11 -1 12 13 14 15 18 19 21 22 24 25 26 27 29 30 31 32 33 34 35 36 37 38 39 40 41 42 43 44 45 46 47 48 49 50 output 2 3 20 21 4 22 5 6 7 8 9 10 4 12 7 10 4 16 17 18
15 3 4 5 6 7 5 8 9 10 5 8 16 10 11 -1 12 13 14 17 18 19 20 21 22 23 24 25 26 27 28 29 30 31 32 33 34 35 36 37 38 39 40 41 42 43 44 45 46 47 48 49 50 output 2 3 17 18 4 19 5 6 4 8 9 10 4 8 13 15
49 3 4 12 13 5 14 6 7 20 8 9 10 20 17 5 10 11 -1 15 16 18 19 21 22 23 24 25 26 27 28 29 30 31 32 33 34 35 36 37 38 39 40 41 42 43 44 45 46 47 48 50 output 2 3 6 8 9 10 11 12 13 10 15 6 13 18
18 3 4 5 6 7 20 8 9 10 5 17 20 10 5 16 23 11 -1 12 13 14 15 19 21 22 24 25 26 27 28 29 30 31 32 33 34 35 36 37 38 39 40 41 42 43 44 45 46 47 48 49 50 output 2 3 20 21 4 22 5 6 7 8 9 10 4 12 7 10 4 16 17 18
18 3 4 5 6 7 20 8 9 10 5 17 20 10 5 16 23 11 -1 12 13 14 15 19 21 22 24 25 26 27 28 29 30 31 32 33 34 35 36 37 38 39 40 41 42 43 44 45 46 47 48 49 50 output 2 3 4 5 6 7 8 9 10 7 12 4 10 7 16 17 18
15 3 4 5 6 7 5 8 9 10 5 16 17 11 -1 12 13 14 18 19 20 21 22 23 24 25 26 27 28 29 30 31 32 33 34 35 36 37 38 39 40 41 42 43 44 45 46 47 48 49 50 output 2 3 16 17 4 18 5 6 4 8 9 10 4 12 13 14
15 3 4 5 6 7 20 8 9 10 20 17 5 10 20 16 23 11 -1 12 13 14 18 19 21 22 24 25 26 27 28 29 30 31 32 33 34 35 36 37 38 39 40 41 42 43 44 45 46 47 48 49 50 output 2 3 20 21 4 22 5 6 7 8 9 10 7 12 4 10 4 16 17 18
28 3 4 5 6 7 20 8 9 10 20 17 5 10 20 16 23 11 -1 12 13 14 15 18 19 21 22 24 25 26 27 29 30 31 32 33 34 35 36 37 38 39 40 41 42 43 44 45 46 47 48 49 50 output 2 3 20 21 4 22 5 6 7 8 9 10 7 12 4 10 4 16 17 18
26 3 4 5 6 7 20 8 9 10 20 17 5 10 11 -1 12 13 14 15 16 18 19 21 22 23 24 25 27 28 29 30 31 32 33 34 35 36 37 38 39 40 41 42 43 44 45 46 47 48 49 50 output 2 3 17 18 4 19 5 6 7 8 9 10 7 8 4 15
30 3 4 5 6 7 9 8 20 10 20 17 5 10 20 16 23 11 -1 12 13 14 15 18 19 21 22 24 25 26 27 28 29 31 32 33 34 35 36 37 38 39 40 41 42 43 44 45 46 47 48 49 50 output 2 3 4 5 6 9 8 7 10 9 12 4 10 9 16 17 18
18 3 4 5 6 7 20 8 9 10 20 17 5 10 11 -1 12 13 14 15 16 19 21 22 23 24 25 26 27 28 29 30 31 32 33 34 35 36 37 38 39 40 41 42 43 44 45 46 47 48 49 50 output 2 3 4 5 6 7 8 9 10 4 12 7 10 15
50 3 4 5 6 7 20 8 9 10 20 17 5 10 20 16 23 11 -1 12 13 14 15 18 19 21 22 24 25 26 27 28 29 30 31 32 33 34 35 36 37 38 39 40 41 42 43 44 45 46 47 48 49 output 2 3 20 21 4 22 5 6 7 8 9 10 7 12 4 10 4 16 17 18
30 3 4 5 6 7 20 8 9 10 5 17 20 10 5 16 23 11 -1 12 13 14 15 18 19 21 22 24 25 26 27 28 29 31 32 33 34 35 36 37 38 39 40 41 42 43 44 45 46 47 48 49 50 output 2 3 4 5 6 7 8 9 10 7 12 4 10 7 16 17 18
26 3 4 12 13 5 14 6 7 20 8 9 10 20 17 5 10 5 16 23 11 -1 15 18 19 21 22 24 25 27 28 29 30 31 32 33 34 35 36 37 38 39 40 41 42 43 44 45 46 47 48 49 50 output 2 3 4 5 6 7 8 9 10 11 12 13 6 15 10 13 6 19 20 21
15 3 4 5 6 7 20 8 9 10 5 17 20 10 5 16 23 11 -1 12 13 14 18 19 21 22 24 25 26 27 28 29 30 31 32 33 34 35 36 37 38 39 40 41 42 43 44 45 46 47 48 49 50 output 2 3 20 21 4 22 5 6 7 8 9 10 4 12 7 10 4 16 17 18
18 3 4 5 6 7 20 8 9 10 20 17 5 10 20 16 23 11 -1 12 13 14 15 19 21 22 24 25 26 27 28 29 30 31 32 33 34 35 36 37 38 39 40 41 42 43 44 45 46 47 48 49 50 output 2 3 4 5 6 7 8 9 10 4 12 7 10 4 16 17 18
18 3 4 5 6 7 9 8 20 10 20 17 5 10 20 16 23 11 -1 12 13 14 15 19 21 22 24 25 26 27 28 29 30 31 32 33 34 35 36 37 38 39 40 41 42 43 44 45 46 47 48 49 50 output 2 3 4 5 6 9 8 7 10 9 12 4 10 9 16 17 18
19 3 4 5 6 7 20 8 9 10 20 17 5 10 20 16 23 11 -1 12 13 14 15 18 21 22 24 25 26 27 28 29 30 31 32 33 34 35 36 37 38 39 40 41 42 43 44 45 46 47 48 49 50 output 2 3 4 5 6 7 8 9 10 4 12 7 10 4 16 17 18
30 3 4 5 6 7 9 8 5 11 -1 10 12 13 14 15 16 17 18 19 20 21 22 23 24 25 26 27 28 29 31 32 33 34 35 36 37 38 39 40 41 42 43 44 45 46 47 48 49 50 output 2 3 4 5 6 4 8 7 12 10
15 3 4 5 6 7 9 8 5 11 -1 10 12 13 14 16 17 18 19 20 21 22 23 24 25 26 27 28 29 30 31 32 33 34 35 36 37 38 39 40 41 42 43 44 45 46 47 48 49 50 output 2 3 13 14 4 15 5 6 4 8 7 12 10
15 3 4 5 6 7 20 8 9 10 20 17 5 10 20 16 23 11 -1 12 13 14 18 19 21 22 24 25 26 27 28 29 30 31 32 33 34 35 36 37 38 39 40 41 42 43 44 45 46 47 48 49 50 output 2 3 20 21 4 22 5 6 7 8 9 10 4 12 7 10 4 16 17 18
15 3 4 5 6 7 9 8 5 11 -1 10 12 13 14 16 17 18 19 20 21 22 23 24 25 26 27 28 29 30 31 32 33 34 35 36 37 38 39 40 41 42 43 44 45 46 47 48 49 50 output 2 3 13 14 4 15 5 6 7 8 4 12 10
40 3 4 5 6 7 20 8 9 10 20 17 5 10 11 -1 12 13 14 15 16 18 19 21 22 23 24 25 26 27 28 29 30 31 32 33 34 35 36 37 38 39 41 42 43 44 45 46 47 48 49 50 output 2 3 4 5 6 7 8 9 10 4 12 7 10 15
30 3 4 5 6 7 9 8 5 11 -1 10 12 13 14 15 16 17 18 19 20 21 22 23 24 25 26 27 28 29 31 32 33 34 35 36 37 38 39 40 41 42 43 44 45 46 47 48 49 50 output 2 3 4 5 6 4 8 7 10
26 3 4 5 6 7 20 8 9 10 20 17 5 10 20 16 23 11 -1 12 13 14 15 18 19 21 22 24 25 27 28 29 30 31 32 33 34 35 36 37 38 39 40 41 42 43 44 45 46 47 48 49 50 output 2 3 20 21 4 22 5 6 7 8 9 10 4 12 7 10 4 16 17 18
15 3 4 5 6 7 5 8 9 10 5 16 17 11 -1 12 13 14 18 19 20 21 22 23 24 25 26 27 28 29 30 31 32 33 34 35 36 37 38 39 40 41 42 43 44 45 46 47 48 49 50 output 2 3 16 17 4 18 5 6 4 8 9 10 4 12 13 14
15 3 4 5 6 7 9 8 5 11 -1 10 12 13 14 16 17 18 19 20 21 22 23 24 25 26 27 28 29 30 31 32 33 34 35 36 37 38 39 40 41 42 43 44 45 46 47 48 49 50 output 2 3 13 14 4 15 5 6 7 8 4 12 10
28 3 4 5 6 7 5 8 9 10 5 16 17 11 -1 12 13 14 15 18 19 20 21 22 23 24 25 26 27 29 30 31 32 33 34 35 36 37 38 39 40 41 42 43 44 45 46 47 48 49 50 output 2 3 16 17 4 18 5 6 4 8 9 10 4 12 13 14
15 3 4 5 6 7 20 8 9 10 5 17 20 10 11 -1 12 13 14 16 18 19 21 22 23 24 25 26 27 28 29 30 31 32 33 34 35 36 37 38 39 40 41 42 43 44 45 46 47 48 49 50 output 2 3 17 18 4 19 5 6 7 8 9 10 7 12 4 10 15
19 3 4 5 6 7 9 8 5 10 16 8 5 10 11 -1 12 13 14 15 17 18 20 21 22 23 24 25 26 27 28 29 30 31 32 33 34 35 36 37 38 39 40 41 42 43 44 45 46 47 48 49 50 output 2 3 4 5 6 4 8 7 10 4 21 11 10 15
15 3 4 5 6 7 20 8 9 10 20 17 5 10 20 16 23 11 -1 12 13 14 18 19 21 22 24 25 26 27 28 29 30 31 32 33 34 35 36 37 38 39 40 41 42 43 44 45 46 47 48 49 50 output 2 3 20 21 4 22 5 6 7 8 9 10 7 12 4 10 4 16 17 18
19 3 4 5 6 7 9 8 5 11 -1 10 12 13 14 15 16 17 18 20 21 22 23 24 25 26 27 28 29 30 31 32 33 34 35 36 37 38 39 40 41 42 43 44 45 46 47 48 49 50 output 2 3 4 5 6 4 8 7 10
