3 4 5 6 7 8 9 10 11 12 13 14 11 15 7 14 16 -1 17 18 19 output 1 2 5 7 8 11 10 9 12 9 14 5 12 17
3 4 5 6 7 8 9 10 13 12 11 14 11 15 7 14 11 17 18 16 -1 19 output 1 2 5 7 8 9 10 11 12 11 14 5 12 11 18 19 20
3 4 7 9 10 7 12 13 16 -1 5 6 8 11 14 15 17 18 19 output 1 2 3 4 5 8 7 3 9
3 4 5 6 7 8 9 10 11 12 13 14 11 15 7 14 7 17 18 16 -1 19 output 1 2 5 7 8 9 10 11 12 9 14 5 12 9 18 19 20
3 4 5 6 7 8 9 10 7 12 13 14 16 -1 11 15 17 18 19 output 1 2 5 7 8 5 10 11 13
3 4 5 6 7 8 9 10 7 12 13 14 7 17 15 16 -1 11 18 19 output 1 2 5 7 8 5 10 11 12 5 14 15 16
3 4 5 6 7 8 9 10 11 12 13 14 11 15 7 14 16 -1 17 18 19 output 1 2 5 7 8 9 10 11 12 5 14 9 12 17
3 4 5 6 7 8 9 10 7 12 13 14 16 -1 11 15 17 18 19 output 1 2 5 7 8 5 10 11 13
3 4 7 9 10 11 12 13 14 7 15 11 14 7 17 18 16 -1 5 6 8 19 output 1 2 19 20 3 21 4 5 6 7 8 9 3 11 6 9 3 15 16 17
3 4 7 9 10 13 12 7 16 -1 5 6 8 11 14 15 17 18 19 output 1 2 3 4 5 3 7 6 15 9
3 4 7 9 10 11 12 13 14 11 15 7 14 11 17 18 16 -1 5 6 8 19 output 1 2 3 4 5 8 7 6 9 6 11 3 9 6 15 16 17
3 4 5 6 7 8 9 10 11 12 13 14 7 15 11 14 16 -1 17 18 19 output 1 2 5 7 8 9 10 11 12 5 14 9 12 17
3 4 5 6 7 8 9 10 11 12 13 14 7 15 11 14 16 -1 17 18 19 output 1 2 5 7 8 9 10 11 12 5 14 9 12 17
3 4 5 6 7 8 9 10 7 12 13 14 7 17 15 16 -1 11 18 19 output 1 2 5 7 8 5 10 11 12 5 14 15 16
3 4 5 6 7 8 9 10 11 12 13 14 11 15 7 14 7 17 18 16 -1 19 output 1 2 5 7 8 9 10 11 12 9 14 5 12 9 18 19 20
3 4 5 6 7 8 9 10 7 12 13 14 7 17 15 16 -1 11 18 19 output 1 2 5 7 8 5 10 11 12 5 14 15 16
3 4 5 6 7 8 9 10 11 12 13 14 11 15 7 14 7 17 18 16 -1 19 output 1 2 5 7 8 9 10 11 12 9 14 5 12 9 18 19 20
3 4 5 6 7 8 9 10 11 12 13 14 11 15 7 14 16 -1 17 18 19 output 1 2 3 4 5 6 7 8 11 10 9 12 9 14 5 12 17
3 4 5 6 7 8 9 10 11 12 13 14 11 15 7 14 16 -1 17 18 19 output 1 2 5 7 8 9 10 11 12 9 10 5 12 17
3 4 5 6 7 8 9 10 7 12 13 14 16 -1 11 15 17 18 19 output 1 2 5 7 8 5 10 11 12 13
3 4 5 6 7 8 9 10 13 12 11 14 11 15 7 14 11 17 18 16 -1 19 output 1 2 5 7 8 11 10 9 12 11 14 5 12 11 18 19 20
3 4 5 6 7 8 9 10 11 12 13 14 11 15 7 14 7 17 18 16 -1 19 output 1 2 5 7 8 9 10 11 12 9 14 5 12 9 18 19 20
3 4 5 6 7 8 9 10 7 12 13 14 7 17 15 16 -1 11 18 19 output 1 2 5 7 8 5 10 11 12 5 14 15 16
3 4 7 9 10 11 12 13 14 11 15 7 14 16 -1 5 6 8 17 18 19 output 1 2 16 17 3 18 4 5 6 7 8 9 6 11 3 9 14
3 4 7 9 10 7 12 13 14 7 12 17 14 16 -1 5 6 8 11 15 18 19 output 1 2 16 17 3 18 4 5 3 7 8 9 3 7 12 14
3 4 7 9 10 11 12 13 14 11 15 7 14 11 17 18 16 -1 5 6 8 19 output 1 2 19 20 3 21 4 5 6 7 8 9 3 11 6 9 3 15 16 17
3 4 5 6 7 8 9 10 11 12 13 14 11 15 7 14 7 17 18 16 -1 19 output 1 2 5 7 8 9 10 11 12 9 14 5 12 9 18 19 20
3 4 7 9 10 11 12 13 14 11 15 7 14 11 17 18 16 -1 5 6 8 19 output 1 2 19 20 3 21 4 5 6 7 8 9 3 11 6 9 3 15 16 17
3 4 5 6 7 8 9 10 11 12 13 14 11 12 7 16 -1 15 17 18 19 output 1 2 3 4 5 6 7 8 9 10 11 12 9 18 5 12 16
3 4 5 6 7 8 9 10 7 12 13 14 16 -1 11 15 17 18 19 output 1 2 3 4 5 6 7 8 11 10 5 12 13
3 4 5 6 7 8 9 10 7 12 13 14 7 17 15 16 -1 11 18 19 output 1 2 5 7 8 5 10 11 12 5 14 15 16
3 4 7 9 10 7 12 13 14 7 17 15 16 -1 5 6 8 11 18 19 output 1 2 15 16 3 17 4 5 3 7 8 9 3 11 12 13
3 4 7 9 10 13 12 11 14 11 15 7 14 16 -1 5 6 8 17 18 19 output 1 2 16 17 3 18 4 5 6 7 8 9 8 11 3 9 14
3 4 5 6 7 8 9 10 7 12 13 14 16 -1 11 15 17 18 19 output 1 2 5 7 8 5 10 11 13
3 4 7 9 10 11 12 13 14 11 15 7 14 11 17 18 16 -1 5 6 8 19 output 1 2 19 20 3 21 4 5 6 7 8 9 6 11 3 9 3 15 16 17
3 4 7 9 10 11 12 13 14 11 15 7 14 16 -1 5 6 8 17 18 19 output 1 2 16 17 3 18 4 5 6 7 8 9 6 11 3 9 14
3 4 7 9 10 11 12 13 14 11 15 7 14 11 17 18 16 -1 5 6 8 19 output 1 2 3 4 5 8 7 6 9 6 7 3 9 6 15 16 17
3 4 7 9 10 11 12 13 14 11 15 7 14 16 -1 5 6 8 17 18 19 output 1 2 16 17 3 18 4 5 6 7 8 9 6 11 3 9 14
3 4 7 9 10 11 12 13 14 11 15 7 14 11 17 18 16 -1 5 6 8 19 output 1 2 19 20 3 21 4 5 6 7 8 9 3 11 6 9 3 15 16 17
3 4 5 6 7 8 9 10 11 12 13 14 11 15 7 14 16 -1 17 18 19 output 1 2 3 4 5 6 7 8 9 10 11 12 5 14 9 12 17
3 4 5 6 7 8 9 10 11 12 13 14 7 15 11 14 7 17 18 16 -1 19 output 1 2 5 7 8 9 10 11 12 9 14 5 12 9 18 19 20
3 4 7 9 10 11 12 13 14 11 15 7 14 11 17 18 16 -1 5 6 8 19 output 1 2 19 20 3 21 4 5 6 7 8 9 3 11 6 9 3 15 16 17
3 4 7 9 10 13 12 7 16 -1 5 6 8 11 14 15 17 18 19 output 1 2 11 12 3 13 4 5 6 7 3 15 9
3 4 5 6 7 8 9 10 7 12 13 14 7 17 15 16 -1 11 18 19 output 1 2 5 7 8 5 10 11 12 5 14 15 16
3 4 7 9 10 11 12 13 14 11 15 7 14 11 17 18 16 -1 5 6 8 19 output 1 2 3 4 5 6 7 8 9 3 11 6 9 3 15 16 17
3 4 7 9 10 11 12 13 14 11 15 7 14 16 -1 5 6 8 17 18 19 output 1 2 3 4 5 8 7 6 9 6 11 3 9 14
3 4 5 6 7 8 9 10 11 12 13 14 7 15 11 14 7 17 18 16 -1 19 output 1 2 5 7 8 9 10 11 12 5 14 9 12 5 18 19 20
3 4 5 6 7 8 9 10 11 12 13 14 7 15 11 14 7 17 18 16 -1 19 output 1 2 5 7 8 9 10 11 12 9 14 5 12 9 18 19 20
3 4 5 6 7 8 9 10 11 12 13 14 11 15 7 14 7 17 18 16 -1 19 output 1 2 3 4 5 6 7 8 9 10 11 12 5 14 9 12 5 18 19 20
3 4 7 9 10 7 12 13 14 7 17 15 16 -1 5 6 8 11 18 19 output 1 2 15 16 3 17 4 5 3 7 8 9 3 11 12 13
3 4 5 6 7 8 9 10 11 12 13 14 11 15 7 14 16 -1 17 18 19 output 1 2 3 4 5 6 7 8 9 10 11 12 5 14 9 12 17
3 4 5 6 7 8 9 10 11 12 13 14 11 15 7 14 16 -1 17 18 19 output 1 2 3 4 5 6 7 8 9 10 11 12 5 14 9 12 17
3 4 5 6 7 8 9 10 7 12 13 14 7 17 15 16 -1 11 18 19 output 1 2 5 7 8 5 10 11 12 5 14 15 16
3 4 5 6 7 8 9 10 7 12 13 14 7 17 15 16 -1 11 18 19 output 1 2 5 7 8 5 10 11 12 5 14 15 16
3 4 5 6 7 8 9 10 11 12 13 14 11 15 7 14 16 -1 17 18 19 output 1 2 5 7 8 9 10 11 12 9 14 5 12 17
3 4 5 6 7 8 9 10 13 12 11 14 11 15 7 14 11 17 18 16 -1 19 output 1 2 5 7 8 9 10 11 12 11 14 5 12 11 18 19 20
3 4 5 6 7 8 9 10 11 12 13 14 11 12 7 16 -1 15 17 18 19 output 1 2 3 4 5 6 7 8 9 10 11 12 9 18 5 12 16
3 4 5 6 7 8 9 10 7 12 13 14 16 -1 11 15 17 18 19 output 1 2 5 7 8 5 10 11 13
3 4 5 6 7 8 9 10 13 12 7 14 16 -1 11 15 17 18 19 output 1 2 5 7 8 9 10 5 13
3 4 5 6 7 8 9 10 7 12 13 14 7 17 15 16 -1 11 18 19 output 1 2 5 7 8 5 10 11 12 5 14 15 16
3 4 7 9 10 11 12 13 14 11 15 7 14 16 -1 5 6 8 17 18 19 output 1 2 3 4 5 6 7 8 9 3 11 6 9 14
3 4 5 6 7 8 9 10 11 12 13 14 7 15 11 14 7 17 18 16 -1 19 output 1 2 5 7 8 9 10 11 12 5 14 9 12 5 18 19 20
3 4 5 6 7 8 9 10 11 12 13 14 7 15 11 14 7 17 18 16 -1 19 output 1 2 5 7 8 9 10 11 12 5 14 9 12 5 18 19 20
3 4 5 6 7 8 9 10 11 12 13 14 11 15 7 14 7 17 18 16 -1 19 output 1 2 5 7 8 9 10 11 12 9 14 5 12 9 18 19 20
3 4 7 9 10 11 12 13 14 11 15 7 14 11 17 18 16 -1 5 6 8 19 output 1 2 3 4 5 6 7 8 9 3 11 6 9 3 15 16 17
3 4 5 6 7 8 9 10 11 12 13 14 11 15 7 14 16 -1 17 18 19 output 1 2 5 7 8 9 10 11 12 5 14 9 12 17
3 4 7 9 10 11 12 13 14 11 15 7 14 16 -1 5 6 8 17 18 19 output 1 2 3 4 5 8 7 6 9 6 11 3 9 14
3 4 5 6 7 8 9 10 7 12 13 14 7 17 15 16 -1 11 18 19 output 1 2 5 7 8 5 10 11 12 5 14 15 16
3 4 7 9 10 11 12 13 14 11 15 7 14 11 17 18 16 -1 5 6 8 19 output 1 2 3 4 5 6 7 8 9 3 11 6 9 3 15 16 17
3 4 5 6 7 8 9 10 11 12 13 14 11 15 7 14 16 -1 17 18 19 output 1 2 5 7 8 9 10 11 12 9 14 5 12 17
3 4 5 6 7 8 9 10 7 12 13 14 7 15 17 16 -1 11 18 19 output 1 2 5 7 8 5 10 11 12 5 10 15 12 16
3 4 5 6 7 8 9 10 7 12 13 14 7 17 15 16 -1 11 18 19 output 1 2 5 7 8 5 10 11 12 5 14 15 16
3 4 5 6 7 8 9 10 11 12 13 14 7 15 11 14 7 17 18 16 -1 19 output 1 2 5 7 8 9 10 11 12 9 14 5 12 9 18 19 20
3 4 7 9 10 13 12 7 16 -1 5 6 8 11 14 15 17 18 19 output 1 2 3 4 5 3 7 6 15 9
3 4 5 6 7 8 9 10 11 12 13 14 7 15 11 14 7 17 18 16 -1 19 output 1 2 5 7 8 9 10 11 12 5 14 9 12 5 18 19 20
3 4 5 6 7 8 9 10 7 12 13 14 7 17 15 16 -1 11 18 19 output 1 2 5 7 8 5 10 11 12 5 14 15 16
3 4 7 9 10 11 12 13 14 11 15 7 14 11 17 18 16 -1 5 6 8 19 output 1 2 19 20 3 21 4 5 6 7 8 9 3 11 6 9 3 15 16 17
3 4 5 6 7 8 9 10 7 12 13 14 7 17 15 16 -1 11 18 19 output 1 2 5 7 8 5 10 11 12 5 14 15 16
3 4 5 6 7 8 9 10 11 12 13 14 11 12 7 16 -1 15 17 18 19 output 1 2 5 7 8 9 10 11 12 9 10 5 12 16
3 4 5 6 7 8 9 10 11 12 13 14 11 15 7 14 7 17 18 16 -1 19 output 1 2 5 7 8 9 10 11 12 9 14 5 12 9 18 19 20
3 4 5 6 7 8 9 10 7 12 13 14 16 -1 11 15 17 18 19 output 1 2 5 7 8 5 10 11 13
3 4 7 9 10 13 12 7 16 -1 5 6 8 11 14 15 17 18 19 output 1 2 3 4 5 3 7 6 9
3 4 7 9 10 11 12 13 14 11 15 7 14 16 -1 5 6 8 17 18 19 output 1 2 16 17 3 18 4 5 6 7 8 9 6 11 3 9 14
3 4 5 6 7 8 9 10 7 12 13 14 16 -1 11 15 17 18 19 output 1 2 5 7 8 5 10 11 13
3 4 5 6 7 8 9 10 11 12 13 14 7 15 11 14 7 17 18 16 -1 19 output 1 2 5 7 8 9 10 11 12 5 14 9 12 5 18 19 20
3 4 5 6 7 8 9 10 7 12 13 14 7 17 15 16 -1 11 18 19 output 1 2 5 7 8 5 10 11 12 5 14 15 16
3 4 5 6 7 8 9 10 11 12 13 14 11 15 7 14 7 17 18 16 -1 19 output 1 2 5 7 8 9 10 11 12 9 14 5 12 9 18 19 20
3 4 5 6 7 8 9 10 7 12 13 14 7 17 15 16 -1 11 18 19 output 1 2 5 7 8 5 10 11 12 5 14 15 16
3 4 5 6 7 8 9 10 11 12 13 14 11 15 7 14 7 17 18 16 -1 19 output 1 2 5 7 8 9 10 11 12 9 14 5 12 9 18 19 20
3 4 7 9 10 11 12 13 14 11 15 7 14 16 -1 5 6 8 17 18 19 output 1 2 3 4 5 8 7 6 9 6 11 3 9 14
3 4 5 6 7 8 9 10 7 12 13 14 7 17 15 16 -1 11 18 19 output 1 2 5 7 8 5 10 11 12 5 14 15 16
3 4 7 9 10 11 12 13 14 11 15 7 14 11 17 18 16 -1 5 6 8 19 output 1 2 3 4 5 6 7 8 9 3 11 6 9 3 15 16 17
3 4 5 6 7 8 9 10 7 12 13 14 7 17 15 16 -1 11 18 19 output 1 2 5 7 8 5 10 11 12 5 14 15 16
3 4 7 9 10 13 12 11 14 11 15 7 14 11 17 18 16 -1 5 6 8 19 output 1 2 3 4 5 8 7 6 9 8 11 3 9 8 15 16 17
3 4 7 9 10 11 12 13 14 7 15 11 14 16 -1 5 6 8 17 18 19 output 1 2 3 4 5 8 7 6 9 6 7 3 9 14
3 4 5 6 7 8 9 10 11 12 13 14 11 15 7 14 7 17 18 16 -1 19 output 1 2 5 7 8 9 10 11 12 9 14 5 12 9 18 19 20
3 4 5 6 7 8 9 10 11 12 13 14 11 15 7 14 16 -1 17 18 19 output 1 2 5 7 8 9 10 11 12 9 14 5 12 17
3 4 5 6 7 8 9 10 11 12 13 14 11 15 7 14 16 -1 17 18 19 output 1 2 5 7 8 9 10 11 12 9 14 5 12 17
3 4 5 6 7 8 9 10 7 12 13 14 7 17 15 16 -1 11 18 19 output 1 2 5 7 8 5 10 11 12 5 14 15 16
3 4 7 9 10 11 12 13 14 11 15 7 14 11 17 18 16 -1 5 6 8 19 output 1 2 3 4 5 6 7 8 9 3 11 6 9 3 15 16 17
3 4 5 6 7 8 9 10 11 12 13 14 11 15 7 14 16 -1 17 18 19 output 1 2 5 7 8 9 10 11 12 9 14 5 12 17
3 4 5 6 7 8 9 10 11 12 13 14 7 15 11 14 7 17 18 16 -1 19 output 1 2 5 7 8 9 10 11 12 9 14 5 12 9 18 19 20
3 4 5 6 7 8 9 10 7 12 13 14 7 17 15 16 -1 11 18 19 output 1 2 5 7 8 5 10 11 12 5 14 15 16
3 4 5 6 7 8 9 10 7 12 13 14 16 -1 11 15 17 18 19 output 1 2 5 7 8 5 10 11 12 13
3 4 7 9 10 11 12 13 14 11 15 7 14 11 17 18 16 -1 5 6 8 19 output 1 2 3 4 5 6 7 8 9 3 11 6 9 3 15 16 17
3 4 7 9 10 11 12 13 14 7 15 11 14 7 17 18 16 -1 5 6 8 19 output 1 2 19 20 3 21 4 5 6 7 8 9 3 11 6 9 3 15 16 17
3 4 5 6 7 8 9 10 11 12 13 14 11 15 7 14 16 -1 17 18 19 output 1 2 5 7 8 9 10 11 12 9 14 5 12 17
3 4 7 9 10 11 12 13 14 11 15 7 14 16 -1 5 6 8 17 18 19 output 1 2 16 17 3 18 4 5 6 7 8 9 6 11 3 9 14
3 4 7 9 10 7 12 13 16 -1 5 6 8 11 14 15 17 18 19 output 1 2 3 4 5 8 7 3 9
3 4 7 9 10 11 12 13 14 11 15 7 14 11 17 18 16 -1 5 6 8 19 output 1 2 19 20 3 21 4 5 6 7 8 9 6 11 3 9 3 15 16 17
3 4 5 6 7 8 9 10 7 12 13 14 16 -1 11 15 17 18 19 output 1 2 5 7 8 5 10 11 13
3 4 5 6 7 8 9 10 11 12 13 14 7 15 11 14 7 17 18 16 -1 19 output 1 2 5 7 8 9 10 11 12 5 14 9 12 5 18 19 20
3 4 7 9 10 11 12 13 14 11 15 7 14 11 17 18 16 -1 5 6 8 19 output 1 2 3 4 5 6 7 8 9 3 11 6 9 3 15 16 17
3 4 5 6 7 8 9 10 11 12 13 14 11 15 7 14 16 -1 17 18 19 output 1 2 5 7 8 9 10 11 12 5 14 9 12 17
3 4 5 6 7 8 9 10 7 12 13 14 16 -1 11 15 17 18 19 output 1 2 5 7 8 5 10 11 13
3 4 5 6 7 8 9 10 7 12 13 14 7 17 15 16 -1 11 18 19 output 1 2 5 7 8 5 10 11 12 5 14 15 16
3 4 5 6 7 8 9 10 13 12 7 14 16 -1 11 15 17 18 19 output 1 2 5 7 8 9 10 5 13
3 4 5 6 7 8 9 10 7 12 13 14 16 -1 11 15 17 18 19 output 1 2 5 7 8 5 10 11 13
3 4 5 6 7 8 9 10 7 12 13 14 7 17 15 16 -1 11 18 19 output 1 2 5 7 8 5 10 11 12 5 14 15 16
3 4 5 6 7 8 9 10 11 12 13 14 7 15 11 14 7 17 18 16 -1 19 output 1 2 5 7 8 9 10 11 12 9 14 5 12 9 18 19 20
3 4 5 6 7 8 9 10 7 12 13 14 16 -1 11 15 17 18 19 output 1 2 5 7 8 5 10 11 13
3 4 7 9 10 11 12 13 14 11 15 7 14 11 17 18 16 -1 5 6 8 19 output 1 2 3 4 5 8 7 6 9 6 11 3 9 6 15 16 17
3 4 5 6 7 8 9 10 11 12 13 14 11 15 7 14 16 -1 17 18 19 output 1 2 3 4 5 6 7 8 11 10 9 12 9 14 5 12 17
3 4 5 6 7 8 9 10 7 12 13 14 7 17 15 16 -1 11 18 19 output 1 2 5 7 8 5 10 11 12 5 14 15 16
3 4 5 6 7 8 9 10 7 12 13 14 7 17 15 16 -1 11 18 19 output 1 2 5 7 8 5 10 11 12 5 14 15 16
3 4 5 6 7 8 9 10 11 12 13 14 11 15 7 14 16 -1 17 18 19 output 1 2 5 7 8 9 10 11 12 5 14 9 12 17
3 4 7 9 10 13 12 7 16 -1 5 6 8 11 14 15 17 18 19 output 1 2 11 12 3 13 4 5 6 7 3 15 9
3 4 7 9 10 7 12 13 14 7 17 15 16 -1 5 6 8 11 18 19 output 1 2 15 16 3 17 4 5 3 7 8 9 3 11 12 13
3 4 7 9 10 13 12 11 14 11 15 7 14 16 -1 5 6 8 17 18 19 output 1 2 3 4 5 8 7 6 9 8 11 3 9 14
3 4 7 9 10 11 12 13 14 11 15 7 14 11 17 18 16 -1 5 6 8 19 output 1 2 3 4 5 6 7 8 9 3 11 6 9 3 15 16 17
3 4 5 6 7 8 9 10 7 12 13 14 7 17 15 16 -1 11 18 19 output 1 2 5 7 8 5 10 11 12 5 14 15 16
3 4 5 6 7 8 9 10 11 12 13 14 7 15 11 14 7 17 18 16 -1 19 output 1 2 5 7 8 9 10 11 12 9 14 5 12 9 18 19 20
3 4 7 9 10 13 12 7 14 17 15 7 16 -1 5 6 8 11 18 19 output 1 2 3 4 5 3 7 6 9 3 11 10 9 13
3 4 7 9 10 11 12 13 14 11 15 7 14 16 -1 5 6 8 17 18 19 output 1 2 3 4 5 6 7 8 9 3 11 6 9 14
3 4 7 9 10 11 12 13 14 11 15 7 14 16 -1 5 6 8 17 18 19 output 1 2 3 4 5 8 7 6 9 6 11 3 9 14
3 4 5 6 7 8 9 10 11 12 13 14 11 15 7 14 7 17 18 16 -1 19 output 1 2 5 7 8 9 10 11 12 9 14 5 12 9 18 19 20
3 4 7 9 10 13 12 7 14 17 15 7 14 7 19 18 16 -1 5 6 8 11 output 1 2 3 4 5 3 7 6 9 3 11 10 9 3 15 16 17
3 4 5 6 7 8 9 10 11 12 13 14 11 15 7 14 7 17 18 16 -1 19 output 1 2 5 7 8 9 10 11 12 9 14 5 12 9 18 19 20
3 4 7 9 10 11 12 13 14 7 15 11 14 7 17 18 16 -1 5 6 8 19 output 1 2 19 20 3 21 4 5 6 7 8 9 3 11 6 9 3 15 16 17
3 4 5 6 7 8 9 10 7 12 13 14 7 17 15 16 -1 11 18 19 output 1 2 5 7 8 5 10 11 12 5 14 15 16
3 4 7 9 10 13 12 7 16 -1 5 6 8 11 14 15 17 18 19 output 1 2 3 4 5 3 7 6 9
3 4 7 9 10 13 12 7 14 17 15 7 16 -1 5 6 8 11 18 19 output 1 2 3 4 5 3 7 6 9 3 7 10 9 13
3 4 5 6 7 8 9 10 11 12 13 14 11 15 7 14 7 17 18 16 -1 19 output 1 2 5 7 8 9 10 11 12 9 10 5 12 9 18 19 20
3 4 7 9 10 7 12 13 16 -1 5 6 8 11 14 15 17 18 19 output 1 2 3 4 5 8 7 3 9
3 4 7 9 10 13 12 7 14 17 15 7 16 -1 5 6 8 11 18 19 output 1 2 3 4 5 3 7 6 9 3 7 10 9 13
3 4 5 6 7 8 9 10 11 12 13 14 7 15 11 14 16 -1 17 18 19 output 1 2 5 7 8 9 10 11 12 5 14 9 12 17
3 4 5 6 7 8 9 10 11 12 13 14 11 15 7 14 16 -1 17 18 19 output 1 2 5 7 8 11 10 9 12 9 14 5 12 17
3 4 5 6 7 8 9 10 11 12 13 14 11 15 7 14 7 17 18 16 -1 19 output 1 2 3 4 5 6 7 8 9 10 11 12 5 14 9 12 5 18 19 20
3 4 5 6 7 8 9 10 11 12 13 14 11 15 7 14 7 17 18 16 -1 19 output 1 2 5 7 8 9 10 11 12 9 10 5 12 9 18 19 20
3 4 7 9 10 13 12 7 16 -1 5 6 8 11 14 15 17 18 19 output 1 2 11 12 3 13 4 5 3 7 6 15 9
3 4 7 9 10 11 12 13 14 11 15 7 14 11 17 18 16 -1 5 6 8 19 output 1 2 3 4 5 6 7 8 9 3 11 6 9 3 15 16 17
3 4 7 9 10 11 12 13 14 7 15 11 14 7 17 18 16 -1 5 6 8 19 output 1 2 19 20 3 21 4 5 6 7 8 9 3 11 6 9 3 15 16 17
3 4 5 6 7 8 9 10 7 12 13 14 7 17 15 16 -1 11 18 19 output 1 2 5 7 8 5 10 11 12 5 14 15 16
3 4 5 6 7 8 9 10 7 12 13 14 16 -1 11 15 17 18 19 output 1 2 5 7 8 5 10 11 12 13
3 4 5 6 7 8 9 10 11 12 13 14 11 15 7 14 16 -1 17 18 19 output 1 2 5 7 8 9 10 11 12 9 14 5 12 17
3 4 5 6 7 8 9 10 11 12 13 14 11 15 7 14 7 17 18 16 -1 19 output 1 2 5 7 8 9 10 11 12 9 14 5 12 9 18 19 20
3 4 5 6 7 8 9 10 7 12 13 14 7 17 15 16 -1 11 18 19 output 1 2 5 7 8 5 10 11 12 5 14 15 16
3 4 5 6 7 8 9 10 11 12 13 14 11 15 7 14 7 17 18 16 -1 19 output 1 2 5 7 8 9 10 11 12 9 14 5 12 9 18 19 20
3 4 5 6 7 8 9 10 11 12 13 14 11 15 7 14 16 -1 17 18 19 output 1 2 5 7 8 9 10 11 12 9 14 5 12 17
3 4 7 9 10 11 12 13 14 11 15 7 14 11 17 18 16 -1 5 6 8 19 output 1 2 3 4 5 6 7 8 9 3 11 6 9 3 15 16 17
3 4 5 6 7 8 9 10 7 12 13 14 7 17 15 16 -1 11 18 19 output 1 2 5 7 8 5 10 11 12 5 14 15 16
3 4 7 9 10 11 12 13 14 11 15 7 14 11 17 18 16 -1 5 6 8 19 output 1 2 19 20 3 21 4 5 6 7 8 9 3 11 6 9 3 15 16 17
3 4 5 6 7 8 9 10 11 12 13 14 11 15 7 14 16 -1 17 18 19 output 1 2 5 7 8 9 10 11 12 9 14 5 12 17
3 4 5 6 7 8 9 10 7 12 13 14 16 -1 11 15 17 18 19 output 1 2 5 7 8 5 10 11 12 13
3 4 7 9 10 11 12 13 14 11 15 7 14 11 17 18 16 -1 5 6 8 19 output 1 2 3 4 5 8 7 6 9 6 11 3 9 6 15 16 17
3 4 5 6 7 8 9 10 7 12 13 14 16 -1 11 15 17 18 19 output 1 2 5 7 8 5 10 11 12 13
3 4 5 6 7 8 9 10 11 12 13 14 11 15 7 14 7 17 18 16 -1 19 output 1 2 5 7 8 9 10 11 12 9 14 5 12 9 18 19 20
3 4 5 6 7 8 9 10 11 12 13 14 11 15 7 14 16 -1 17 18 19 output 1 2 5 7 8 9 10 11 12 9 14 5 12 17
3 4 7 9 10 11 12 13 14 11 15 7 14 11 17 18 16 -1 5 6 8 19 output 1 2 3 4 5 6 7 8 9 3 11 6 9 3 15 16 17
3 4 7 9 10 11 12 13 14 11 15 7 14 11 17 18 16 -1 5 6 8 19 output 1 2 19 20 3 21 4 5 6 7 8 9 6 11 3 9 3 15 16 17
3 4 5 6 7 8 9 10 11 12 13 14 11 15 7 14 16 -1 17 18 19 output 1 2 5 7 8 9 10 11 12 9 14 5 12 17
3 4 5 6 7 8 9 10 11 12 13 14 11 15 7 14 7 17 18 16 -1 19 output 1 2 5 7 8 9 10 11 12 9 14 5 12 9 18 19 20
3 4 7 9 10 13 12 7 16 -1 5 6 8 11 14 15 17 18 19 output 1 2 3 4 5 3 7 6 9
3 4 5 6 7 8 9 10 7 12 13 14 7 17 15 16 -1 11 18 19 output 1 2 5 7 8 5 10 11 12 5 14 15 16
3 4 5 6 7 8 9 10 11 12 13 14 11 15 7 14 16 -1 17 18 19 output 1 2 5 7 8 9 10 11 12 9 10 5 12 17
3 4 5 6 7 8 9 10 11 12 13 14 11 15 7 14 16 -1 17 18 19 output 1 2 5 7 8 9 10 11 12 9 10 5 12 17
3 4 5 6 7 8 9 10 11 12 13 14 11 15 7 14 16 -1 17 18 19 output 1 2 5 7 8 9 10 11 12 9 14 5 12 17
3 4 7 9 10 13 12 7 16 -1 5 6 8 11 14 15 17 18 19 output 1 2 3 4 5 3 7 6 9
3 4 7 9 10 13 12 11 14 11 15 7 14 16 -1 5 6 8 17 18 19 output 1 2 16 17 3 18 4 5 6 7 8 9 8 11 3 9 14
3 4 5 6 7 8 9 10 11 12 13 14 11 15 7 14 16 -1 17 18 19 output 1 2 5 7 8 9 10 11 12 9 14 5 12 17
3 4 5 6 7 8 9 10 7 12 13 14 16 -1 11 15 17 18 19 output 1 2 5 7 8 11 10 5 13
3 4 5 6 7 8 9 10 11 12 13 14 11 15 7 14 16 -1 17 18 19 output 1 2 3 4 5 6 7 8 9 10 11 12 5 14 9 12 17
3 4 5 6 7 8 9 10 7 12 13 14 7 17 15 16 -1 11 18 19 output 1 2 5 7 8 5 10 11 12 5 14 15 16
3 4 5 6 7 8 9 10 11 12 13 14 11 15 7 14 7 17 18 16 -1 19 output 1 2 5 7 8 9 10 11 12 9 14 5 12 9 18 19 20
3 4 7 9 10 7 12 13 16 -1 5 6 8 11 14 15 17 18 19 output 1 2 11 12 3 13 4 5 3 7 8 15 9
3 4 5 6 7 8 9 10 7 12 13 14 16 -1 11 15 17 18 19 output 1 2 3 4 5 6 7 8 11 10 5 12 13
3 4 5 6 7 8 9 10 7 12 13 14 16 -1 11 15 17 18 19 output 1 2 5 7 8 5 10 11 12 13
3 4 7 9 10 11 12 13 14 11 15 7 14 11 17 18 16 -1 5 6 8 19 output 1 2 19 20 3 21 4 5 6 7 8 9 3 11 6 9 3 15 16 17
3 4 5 6 7 8 9 10 11 12 13 14 7 15 11 14 7 17 18 16 -1 19 output 1 2 5 7 8 9 10 11 12 9 14 5 12 9 18 19 20
3 4 5 6 7 8 9 10 11 12 13 14 7 15 11 14 7 17 18 16 -1 19 output 1 2 5 7 8 9 10 11 12 9 14 5 12 9 18 19 20
3 4 5 6 7 8 9 10 7 12 13 14 7 17 15 16 -1 11 18 19 output 1 2 5 7 8 5 10 11 12 5 14 15 16
3 4 5 6 7 8 9 10 7 12 13 14 16 -1 11 15 17 18 19 output 1 2 5 7 8 5 10 11 12 13
3 4 5 6 7 8 9 10 11 12 13 14 7 15 11 14 16 -1 17 18 19 output 1 2 5 7 8 11 10 9 12 9 14 5 12 17
3 4 7 9 10 11 12 13 14 11 15 7 14 16 -1 5 6 8 17 18 19 output 1 2 3 4 5 8 7 6 9 6 11 3 9 14
3 4 7 9 10 11 12 13 14 7 15 11 14 16 -1 5 6 8 17 18 19 output 1 2 3 4 5 8 7 6 9 6 11 3 9 14
3 4 7 9 10 11 12 13 14 11 15 7 14 16 -1 5 6 8 17 18 19 output 1 2 16 17 3 18 4 5 6 7 8 9 6 11 3 9 14
3 4 5 6 7 8 9 10 11 12 13 14 11 15 7 14 16 -1 17 18 19 output 1 2 5 7 8 9 10 11 12 9 14 5 12 17
3 4 7 9 10 11 12 13 14 7 15 11 14 7 17 18 16 -1 5 6 8 19 output 1 2 19 20 3 21 4 5 6 7 8 9 3 11 6 9 3 15 16 17
3 4 5 6 7 8 9 10 7 12 13 14 7 17 15 16 -1 11 18 19 output 1 2 5 7 8 5 10 11 12 5 14 15 16
3 4 5 6 7 8 9 10 11 12 13 14 11 12 7 16 -1 15 17 18 19 output 1 2 5 7 8 9 10 11 12 9 10 5 12 16
3 4 5 6 7 8 9 10 7 12 13 14 16 -1 11 15 17 18 19 output 1 2 5 7 8 5 10 11 13
3 4 7 9 10 11 12 13 14 7 15 11 14 7 17 18 16 -1 5 6 8 19 output 1 2 19 20 3 21 4 5 6 7 8 9 3 11 6 9 3 15 16 17
3 4 5 6 7 8 9 10 7 12 13 14 7 17 15 16 -1 11 18 19 output 1 2 5 7 8 5 10 11 12 5 14 15 16
3 4 5 6 7 8 9 10 7 12 13 14 16 -1 11 15 17 18 19 output 1 2 5 7 8 5 10 11 13
3 4 5 6 7 8 9 10 11 12 13 14 11 12 7 16 -1 15 17 18 19 output 1 2 5 7 8 9 10 11 12 9 18 5 12 16
3 4 5 6 7 8 9 10 11 12 13 14 7 15 11 14 7 17 18 16 -1 19 output 1 2 5 7 8 9 10 11 12 9 14 5 12 9 18 19 20
3 4 5 6 7 8 9 10 11 12 13 14 11 15 7 14 7 17 18 16 -1 19 output 1 2 5 7 8 9 10 11 12 9 14 5 12 9 18 19 20
3 4 5 6 7 8 9 10 11 12 13 14 11 15 7 14 16 -1 17 18 19 output 1 2 5 7 8 9 10 11 12 9 14 5 12 17
3 4 5 6 7 8 9 10 7 12 13 14 7 17 15 16 -1 11 18 19 output 1 2 5 7 8 5 10 11 12 5 14 15 16
3 4 7 9 10 11 12 13 14 7 15 11 14 16 -1 5 6 8 17 18 19 output 1 2 3 4 5 8 7 6 9 6 11 3 9 14
3 4 5 6 7 8 9 10 11 12 13 14 11 15 7 14 16 -1 17 18 19 output 1 2 5 7 8 9 10 11 12 9 14 5 12 17
3 4 7 9 10 11 12 13 14 11 15 7 14 16 -1 5 6 8 17 18 19 output 1 2 3 4 5 8 7 6 9 6 11 3 9 14
3 4 5 6 7 8 9 10 11 12 13 14 11 15 7 14 7 17 18 16 -1 19 output 1 2 5 7 8 9 10 11 12 9 14 5 12 9 18 19 20
3 4 5 6 7 8 9 10 7 12 13 14 16 -1 11 15 17 18 19 output 1 2 5 7 8 5 10 11 13
3 4 5 6 7 8 9 10 11 12 13 14 11 15 7 14 16 -1 17 18 19 output 1 2 5 7 8 9 10 11 12 9 14 5 12 17
3 4 7 9 10 13 12 11 14 11 15 7 14 16 -1 5 6 8 17 18 19 output 1 2 16 17 3 18 4 5 6 7 8 9 8 11 3 9 14
3 4 5 6 7 8 9 10 7 12 13 14 7 12 17 16 -1 11 15 18 19 output 1 2 5 7 8 5 10 11 12 5 10 15 12 16
3 4 7 9 10 11 12 13 14 11 15 7 14 11 17 18 16 -1 5 6 8 19 output 1 2 3 4 5 6 7 8 9 3 11 6 9 3 15 16 17
3 4 7 9 10 11 12 13 14 11 15 7 14 16 -1 5 6 8 17 18 19 output 1 2 3 4 5 8 7 6 9 6 11 3 9 14
3 4 5 6 7 8 9 10 11 12 13 14 7 15 11 14 7 17 18 16 -1 19 output 1 2 3 4 5 6 7 8 9 10 11 12 9 14 5 12 5 18 19 20
3 4 5 6 7 8 9 10 7 12 13 14 16 -1 11 15 17 18 19 output 1 2 5 7 8 5 10 11 13
3 4 5 6 7 8 9 10 7 12 13 14 7 17 15 16 -1 11 18 19 output 1 2 5 7 8 5 10 11 12 5 14 15 16
3 4 5 6 7 8 9 10 11 12 13 14 11 15 7 14 16 -1 17 18 19 output 1 2 5 7 8 9 10 11 12 9 14 5 12 17
3 4 5 6 7 8 9 10 11 12 13 14 11 15 7 14 16 -1 17 18 19 output 1 2 3 4 5 6 7 8 11 10 9 12 9 14 5 12 17
3 4 5 6 7 8 9 10 11 12 13 14 11 15 7 14 16 -1 17 18 19 output 1 2 5 7 8 9 10 11 12 9 14 5 12 17
3 4 5 6 7 8 9 10 11 12 13 14 11 15 7 14 16 -1 17 18 19 output 1 2 3 4 5 6 7 8 11 10 9 12 9 14 5 12 17
3 4 7 9 10 11 12 13 14 11 15 7 14 16 -1 5 6 8 17 18 19 output 1 2 3 4 5 8 7 6 9 6 11 3 9 14
3 4 5 6 7 8 9 10 7 12 13 14 7 17 15 16 -1 11 18 19 output 1 2 5 7 8 5 10 11 12 5 14 15 16
3 4 5 6 7 8 9 10 11 12 13 14 7 15 11 14 7 17 18 16 -1 19 output 1 2 5 7 8 9 10 11 12 9 14 5 12 9 18 19 20
3 4 5 6 7 8 9 10 7 12 13 14 16 -1 11 15 17 18 19 output 1 2 5 7 8 5 10 11 13
3 4 5 6 7 8 9 10 7 12 13 14 7 17 15 16 -1 11 18 19 output 1 2 5 7 8 5 10 11 12 5 14 15 16
3 4 5 6 7 8 9 10 7 12 13 14 7 17 15 16 -1 11 18 19 output 1 2 5 7 8 5 10 11 12 5 14 15 16
3 4 7 9 10 11 12 13 14 11 15 7 14 11 17 18 16 -1 5 6 8 19 output 1 2 3 4 5 6 7 8 9 3 11 6 9 3 15 16 17
3 4 7 9 10 11 12 13 14 11 15 7 14 11 17 18 16 -1 5 6 8 19 output 1 2 19 20 3 21 4 5 8 7 6 9 6 11 3 9 6 15 16 17
3 4 7 9 10 11 12 13 14 7 15 11 14 16 -1 5 6 8 17 18 19 output 1 2 3 4 5 8 7 6 9 6 11 3 9 14
3 4 7 9 10 11 12 13 14 7 15 11 14 16 -1 5 6 8 17 18 19 output 1 2 16 17 3 18 4 5 6 7 8 9 3 11 6 9 14
3 4 5 6 7 8 9 10 11 12 13 14 11 15 7 14 16 -1 17 18 19 output 1 2 3 4 5 6 7 8 11 10 9 12 9 14 5 12 17
3 4 7 9 10 11 12 13 14 11 15 7 14 11 17 18 16 -1 5 6 8 19 output 1 2 3 4 5 6 7 8 9 3 11 6 9 3 15 16 17
3 4 7 9 10 13 12 7 14 17 15 7 14 7 19 18 16 -1 5 6 8 11 output 1 2 3 4 5 3 7 6 9 3 11 10 9 3 15 16 17
3 4 7 9 10 11 12 13 14 7 15 11 14 16 -1 5 6 8 17 18 19 output 1 2 3 4 5 8 7 6 9 6 11 3 9 14
3 4 7 9 10 13 12 7 14 17 15 7 16 -1 5 6 8 11 18 19 output 1 2 3 4 5 3 7 6 9 3 11 10 9 13
3 4 5 6 7 8 9 10 7 12 13 14 16 -1 11 15 17 18 19 output 1 2 5 7 8 11 10 5 13
3 4 5 6 7 8 9 10 11 12 13 14 11 15 7 14 16 -1 17 18 19 output 1 2 5 7 8 9 10 11 12 9 14 5 12 17
3 4 5 6 7 8 9 10 11 12 13 14 7 15 11 14 16 -1 17 18 19 output 1 2 5 7 8 9 10 11 12 5 14 9 12 17
3 4 5 6 7 8 9 10 13 12 7 14 16 -1 11 15 17 18 19 output 1 2 5 7 8 9 10 5 13
3 4 5 6 7 8 9 10 11 12 13 14 7 15 11 14 7 17 18 16 -1 19 output 1 2 5 7 8 9 10 11 12 9 14 5 12 9 18 19 20
3 4 7 9 10 11 12 13 14 11 15 7 14 16 -1 5 6 8 17 18 19 output 1 2 3 4 5 8 7 6 9 6 11 3 9 14
3 4 5 6 7 8 9 10 7 12 13 14 7 17 15 16 -1 11 18 19 output 1 2 5 7 8 5 10 11 12 5 14 15 16
3 4 7 9 10 11 12 13 14 11 15 7 14 11 17 18 16 -1 5 6 8 19 output 1 2 3 4 5 6 7 8 9 3 11 6 9 3 15 16 17
3 4 5 6 7 8 9 10 11 12 13 14 11 15 7 14 7 17 18 16 -1 19 output 1 2 5 7 8 9 10 11 12 9 14 5 12 9 18 19 20
3 4 5 6 7 8 9 10 11 12 13 14 7 15 11 14 7 17 18 16 -1 19 output 1 2 5 7 8 9 10 11 12 5 14 9 12 5 18 19 20
3 4 7 9 10 11 12 13 14 11 15 7 14 11 17 18 16 -1 5 6 8 19 output 1 2 3 4 5 6 7 8 9 3 11 6 9 3 15 16 17
3 4 5 6 7 8 9 10 11 12 13 14 11 15 7 14 16 -1 17 18 19 output 1 2 5 7 8 9 10 11 12 5 14 9 12 17
3 4 7 9 10 11 12 13 14 11 15 7 14 16 -1 5 6 8 17 18 19 output 1 2 3 4 5 8 7 6 9 6 11 3 9 14
3 4 5 6 7 8 9 10 11 12 13 14 11 15 7 14 16 -1 17 18 19 output 1 2 5 7 8 9 10 11 12 9 14 5 12 17
3 4 7 9 10 11 12 13 14 11 15 7 14 11 17 18 16 -1 5 6 8 19 output 1 2 3 4 5 8 7 6 9 6 11 3 9 6 15 16 17
3 4 7 9 10 11 12 13 14 11 15 7 14 11 17 18 16 -1 5 6 8 19 output 1 2 3 4 5 8 7 6 9 6 11 3 9 6 15 16 17
3 4 5 6 7 8 9 10 11 12 13 14 7 15 11 14 7 17 18 16 -1 19 output 1 2 5 7 8 9 10 11 12 9 14 5 12 9 18 19 20
3 4 5 6 7 8 9 10 11 12 13 14 11 15 7 14 16 -1 17 18 19 output 1 2 5 7 8 9 10 11 12 5 14 9 12 17
3 4 7 9 10 11 12 13 14 11 15 7 14 16 -1 5 6 8 17 18 19 output 1 2 3 4 5 8 7 6 9 6 11 3 9 14
3 4 5 6 7 8 9 10 7 12 13 14 16 -1 11 15 17 18 19 output 1 2 5 7 8 11 10 5 13
3 4 7 9 10 11 12 13 14 11 15 7 14 11 17 18 16 -1 5 6 8 19 output 1 2 3 4 5 8 7 6 9 6 11 3 9 6 15 16 17
3 4 5 6 7 8 9 10 11 12 13 14 11 15 7 14 7 17 18 16 -1 19 output 1 2 5 7 8 9 10 11 12 9 14 5 12 9 18 19 20
3 4 5 6 7 8 9 10 11 12 13 14 7 15 11 14 7 17 18 16 -1 19 output 1 2 5 7 8 9 10 11 12 9 14 5 12 9 18 19 20
3 4 5 6 7 8 9 10 11 12 13 14 11 15 7 14 16 -1 17 18 19 output 1 2 5 7 8 9 10 11 12 9 14 5 12 17
3 4 5 6 7 8 9 10 7 12 13 14 7 17 15 16 -1 11 18 19 output 1 2 5 7 8 5 10 11 12 5 14 15 16
3 4 5 6 7 8 9 10 7 12 13 14 7 17 15 16 -1 11 18 19 output 1 2 5 7 8 5 10 11 12 5 14 15 16
3 4 5 6 7 8 9 10 13 12 7 14 16 -1 11 15 17 18 19 output 1 2 5 7 8 9 10 5 13
3 4 5 6 7 8 9 10 11 12 13 14 11 15 7 14 16 -1 17 18 19 output 1 2 5 7 8 9 10 11 12 9 14 5 12 17
3 4 5 6 7 8 9 10 11 12 13 14 11 15 7 14 16 -1 17 18 19 output 1 2 5 7 8 9 10 11 12 5 14 9 12 17
3 4 5 6 7 8 9 10 11 12 13 14 7 15 11 14 16 -1 17 18 19 output 1 2 5 7 8 9 10 11 12 5 14 9 12 17
3 4 5 6 7 8 9 10 11 12 13 14 11 15 7 14 16 -1 17 18 19 output 1 2 5 7 8 11 10 9 12 9 14 5 12 17
3 4 5 6 7 8 9 10 11 12 13 14 7 15 11 14 7 17 18 16 -1 19 output 1 2 5 7 8 9 10 11 12 9 14 5 12 9 18 19 20
3 4 5 6 7 8 9 10 11 12 13 14 11 15 7 14 16 -1 17 18 19 output 1 2 5 7 8 9 10 11 12 9 14 5 12 17
3 4 5 6 7 8 9 10 11 12 13 14 11 15 7 14 16 -1 17 18 19 output 1 2 5 7 8 9 10 11 12 9 14 5 12 17
3 4 5 6 7 8 9 10 11 12 13 14 11 15 7 14 7 17 18 16 -1 19 output 1 2 5 7 8 9 10 11 12 9 14 5 12 9 18 19 20
3 4 5 6 7 8 9 10 11 12 13 14 11 15 7 14 16 -1 17 18 19 output 1 2 5 7 8 9 10 11 12 9 14 5 12 17
3 4 5 6 7 8 9 10 11 12 13 14 11 15 7 14 16 -1 17 18 19 output 1 2 5 7 8 9 10 11 12 9 14 5 12 17
3 4 5 6 7 8 9 10 11 12 13 14 7 15 11 14 7 17 18 16 -1 19 output 1 2 5 7 8 9 10 11 12 5 14 9 12 5 18 19 20
3 4 7 9 10 13 12 7 16 -1 5 6 8 11 14 15 17 18 19 output 1 2 3 4 5 3 7 6 9
3 4 5 6 7 8 9 10 11 12 13 14 11 15 7 14 7 17 18 16 -1 19 output 1 2 5 7 8 9 10 11 12 9 14 5 12 9 18 19 20
3 4 5 6 7 8 9 10 7 12 13 14 7 17 15 16 -1 11 18 19 output 1 2 5 7 8 5 10 11 12 5 14 15 16
3 4 5 6 7 8 9 10 11 12 13 14 11 15 7 14 16 -1 17 18 19 output 1 2 5 7 8 9 10 11 12 5 14 9 12 17
3 4 5 6 7 8 9 10 11 12 13 14 11 15 7 14 16 -1 17 18 19 output 1 2 5 7 8 9 10 11 12 5 14 9 12 17
3 4 7 9 10 11 12 13 14 11 15 7 14 11 17 18 16 -1 5 6 8 19 output 1 2 3 4 5 6 7 8 9 3 11 6 9 3 15 16 17
3 4 7 9 10 11 12 13 14 11 15 7 14 11 17 18 16 -1 5 6 8 19 output 1 2 3 4 5 6 7 8 9 3 11 6 9 3 15 16 17
3 4 5 6 7 8 9 10 7 12 13 14 16 -1 11 15 17 18 19 output 1 2 5 7 8 11 10 5 13
3 4 5 6 7 8 9 10 11 12 13 14 7 15 11 14 16 -1 17 18 19 output 1 2 5 7 8 9 10 11 12 5 14 9 12 17
3 4 5 6 7 8 9 10 11 12 13 14 7 15 11 14 16 -1 17 18 19 output 1 2 5 7 8 9 10 11 12 5 14 9 12 17
3 4 7 9 10 13 12 7 16 -1 5 6 8 11 14 15 17 18 19 output 1 2 3 4 5 3 7 6 9
3 4 5 6 7 8 9 10 11 12 13 14 7 15 11 14 7 17 18 16 -1 19 output 1 2 5 7 8 9 10 11 12 9 14 5 12 9 18 19 20
3 4 5 6 7 8 9 10 11 12 13 14 7 15 11 14 16 -1 17 18 19 output 1 2 5 7 8 9 10 11 12 5 14 9 12 17
3 4 5 6 7 8 9 10 11 12 13 14 7 15 11 14 7 17 18 16 -1 19 output 1 2 5 7 8 9 10 11 12 5 14 9 12 5 18 19 20
3 4 5 6 7 8 9 10 11 12 13 14 11 15 7 14 16 -1 17 18 19 output 1 2 5 7 8 9 10 11 12 9 14 5 12 17
3 4 5 6 7 8 9 10 11 12 13 14 7 15 11 14 16 -1 17 18 19 output 1 2 5 7 8 9 10 11 12 5 14 9 12 17
3 4 7 9 10 11 12 13 14 11 15 7 14 11 17 18 16 -1 5 6 8 19 output 1 2 3 4 5 6 7 8 9 3 11 6 9 3 15 16 17
3 4 5 6 7 8 9 10 7 12 13 14 7 17 15 16 -1 11 18 19 output 1 2 5 7 8 5 10 11 12 5 14 15 16
3 4 5 6 7 8 9 10 11 12 13 14 11 15 7 14 16 -1 17 18 19 output 1 2 5 7 8 9 10 11 12 9 14 5 12 17
3 4 7 9 10 11 12 13 14 11 15 7 14 16 -1 5 6 8 17 18 19 output 1 2 3 4 5 8 7 6 9 6 11 3 9 14
3 4 5 6 7 8 9 10 11 12 13 14 11 15 7 14 16 -1 17 18 19 output 1 2 5 7 8 9 10 11 12 9 14 5 12 17
3 4 5 6 7 8 9 10 7 12 13 14 7 17 15 16 -1 11 18 19 output 1 2 5 7 8 5 10 11 12 5 14 15 16
3 4 5 6 7 8 9 10 11 12 13 14 11 15 7 14 16 -1 17 18 19 output 1 2 5 7 8 9 10 11 12 5 14 9 12 17
3 4 5 6 7 8 9 10 7 12 13 14 16 -1 11 15 17 18 19 output 1 2 5 7 8 5 10 11 13
3 4 5 6 7 8 9 10 11 12 13 14 11 15 7 14 7 17 18 16 -1 19 output 1 2 5 7 8 9 10 11 12 9 14 5 12 9 18 19 20
3 4 7 9 10 11 12 13 14 11 15 7 14 11 17 18 16 -1 5 6 8 19 output 1 2 3 4 5 8 7 6 9 6 11 3 9 6 15 16 17
3 4 5 6 7 8 9 10 11 12 13 14 11 15 7 14 7 17 18 16 -1 19 output 1 2 5 7 8 9 10 11 12 9 14 5 12 9 18 19 20
3 4 5 6 7 8 9 10 7 12 13 14 7 17 15 16 -1 11 18 19 output 1 2 5 7 8 5 10 11 12 5 14 15 16
3 4 5 6 7 8 9 10 11 12 13 14 11 15 7 14 7 17 18 16 -1 19 output 1 2 5 7 8 9 10 11 12 9 14 5 12 9 18 19 20
3 4 5 6 7 8 9 10 7 12 13 14 7 17 15 16 -1 11 18 19 output 1 2 5 7 8 5 10 11 12 5 14 15 16
3 4 5 6 7 8 9 10 11 12 13 14 11 15 7 14 16 -1 17 18 19 output 1 2 5 7 8 9 10 11 12 5 14 9 12 17
3 4 5 6 7 8 9 10 11 12 13 14 11 15 7 14 7 17 18 16 -1 19 output 1 2 5 7 8 9 10 11 12 9 14 5 12 9 18 19 20
3 4 5 6 7 8 9 10 7 12 13 14 16 -1 11 15 17 18 19 output 1 2 5 7 8 5 10 11 12 13
3 4 5 6 7 8 9 10 11 12 13 14 7 15 11 14 7 17 18 16 -1 19 output 1 2 5 7 8 9 10 11 12 9 14 5 12 9 18 19 20
3 4 5 6 7 8 9 10 11 12 13 14 7 15 11 14 7 17 18 16 -1 19 output 1 2 5 7 8 9 10 11 12 9 14 5 12 9 18 19 20
3 4 7 9 10 11 12 13 14 7 15 11 14 7 17 18 16 -1 5 6 8 19 output 1 2 3 4 5 8 7 6 9 6 11 3 9 6 15 16 17
3 4 5 6 7 8 9 10 13 12 7 14 16 -1 11 15 17 18 19 output 1 2 5 7 8 9 10 5 13
3 4 5 6 7 8 9 10 11 12 13 14 11 15 7 14 16 -1 17 18 19 output 1 2 5 7 8 9 10 11 12 5 14 9 12 17
3 4 5 6 7 8 9 10 7 12 13 14 16 -1 11 15 17 18 19 output 1 2 5 7 8 5 10 11 12 13
3 4 7 9 10 13 12 7 16 -1 5 6 8 11 14 15 17 18 19 output 1 2 3 4 5 3 7 6 15 9
3 4 5 6 7 8 9 10 11 12 13 14 11 15 7 14 16 -1 17 18 19 output 1 2 5 7 8 9 10 11 12 5 14 9 12 17
3 4 7 9 10 11 12 13 14 11 15 7 14 11 17 18 16 -1 5 6 8 19 output 1 2 3 4 5 6 7 8 9 3 11 6 9 3 15 16 17
3 4 7 9 10 11 12 13 14 11 15 7 14 16 -1 5 6 8 17 18 19 output 1 2 3 4 5 8 7 6 9 6 11 3 9 14
3 4 7 9 10 11 12 13 14 11 15 7 14 11 17 18 16 -1 5 6 8 19 output 1 2 3 4 5 6 7 8 9 3 11 6 9 3 15 16 17
3 4 7 9 10 11 12 13 14 11 15 7 14 11 17 18 16 -1 5 6 8 19 output 1 2 3 4 5 8 7 6 9 6 11 3 9 6 15 16 17
3 4 7 9 10 11 12 13 14 7 15 11 14 16 -1 5 6 8 17 18 19 output 1 2 3 4 5 8 7 6 9 6 11 3 9 14
3 4 5 6 7 8 9 10 11 12 13 14 11 15 7 14 7 17 18 16 -1 19 output 1 2 5 7 8 9 10 11 12 9 14 5 12 9 18 19 20
3 4 5 6 7 8 9 10 7 12 13 14 7 17 15 16 -1 11 18 19 output 1 2 5 7 8 5 10 11 12 5 14 15 16
3 4 5 6 7 8 9 10 11 12 13 14 11 15 7 14 16 -1 17 18 19 output 1 2 5 7 8 9 10 11 12 9 14 5 12 17
3 4 5 6 7 8 9 10 7 12 13 14 16 -1 11 15 17 18 19 output 1 2 5 7 8 5 10 11 12 13
3 4 7 9 10 11 12 13 14 11 15 7 14 11 17 18 16 -1 5 6 8 19 output 1 2 3 4 5 6 7 8 9 3 11 6 9 3 15 16 17
3 4 5 6 7 8 9 10 7 12 13 14 7 17 15 16 -1 11 18 19 output 1 2 5 7 8 5 10 11 12 5 14 15 16
3 4 5 6 7 8 9 10 11 12 13 14 11 12 7 16 -1 15 17 18 19 output 1 2 5 7 8 9 10 11 12 9 18 5 12 16
3 4 5 6 7 8 9 10 13 12 7 14 16 -1 11 15 17 18 19 output 1 2 5 7 8 9 10 5 13
3 4 7 9 10 11 12 13 14 11 15 7 14 16 -1 5 6 8 17 18 19 output 1 2 3 4 5 8 7 6 9 6 11 3 9 14
3 4 5 6 7 8 9 10 11 12 13 14 11 15 7 14 7 17 18 16 -1 19 output 1 2 5 7 8 9 10 11 12 9 14 5 12 9 18 19 20
3 4 7 9 10 13 12 11 14 11 15 7 14 16 -1 5 6 8 17 18 19 output 1 2 3 4 5 8 7 6 9 8 11 3 9 14
3 4 7 9 10 11 12 13 14 11 15 7 14 16 -1 5 6 8 17 18 19 output 1 2 3 4 5 8 7 6 9 6 11 3 9 14
3 4 5 6 7 8 9 10 7 12 13 14 7 17 15 16 -1 11 18 19 output 1 2 5 7 8 5 10 11 12 5 14 15 16
3 4 7 9 10 11 12 13 14 11 15 7 14 11 17 18 16 -1 5 6 8 19 output 1 2 3 4 5 6 7 8 9 3 11 6 9 3 15 16 17
3 4 5 6 7 8 9 10 7 12 13 14 7 17 15 16 -1 11 18 19 output 1 2 5 7 8 5 10 11 12 5 14 15 16
3 4 5 6 7 8 9 10 7 12 13 14 16 -1 11 15 17 18 19 output 1 2 5 7 8 11 10 5 13
3 4 5 6 7 8 9 10 7 12 13 14 16 -1 11 15 17 18 19 output 1 2 5 7 8 5 10 11 12 13
3 4 5 6 7 8 9 10 11 12 13 14 11 15 7 14 7 17 18 16 -1 19 output 1 2 5 7 8 9 10 11 12 9 14 5 12 9 18 19 20
3 4 5 6 7 8 9 10 7 12 13 14 16 -1 11 15 17 18 19 output 1 2 5 7 8 5 10 11 13
3 4 5 6 7 8 9 10 11 12 13 14 11 15 7 14 16 -1 17 18 19 output 1 2 5 7 8 9 10 11 12 5 14 9 12 17
3 4 7 9 10 13 12 7 16 -1 5 6 8 11 14 15 17 18 19 output 1 2 3 4 5 3 7 6 9
3 4 7 9 10 11 12 13 14 11 15 7 14 11 17 18 16 -1 5 6 8 19 output 1 2 3 4 5 6 7 8 9 3 11 6 9 3 15 16 17
3 4 5 6 7 8 9 10 11 12 13 14 11 15 7 14 16 -1 17 18 19 output 1 2 5 7 8 9 10 11 12 9 14 5 12 17
3 4 7 9 10 11 12 13 14 11 15 7 14 11 17 18 16 -1 5 6 8 19 output 1 2 3 4 5 6 7 8 9 3 11 6 9 3 15 16 17
3 4 5 6 7 8 9 10 7 12 13 14 7 17 15 16 -1 11 18 19 output 1 2 5 7 8 5 10 11 12 5 14 15 16
3 4 5 6 7 8 9 10 11 12 13 14 11 15 7 14 7 17 18 16 -1 19 output 1 2 5 7 8 9 10 11 12 9 14 5 12 9 18 19 20
3 4 5 6 7 8 9 10 11 12 13 14 11 15 7 14 7 17 18 16 -1 19 output 1 2 5 7 8 9 10 11 12 9 14 5 12 9 18 19 20
3 4 5 6 7 8 9 10 7 12 13 14 7 17 15 16 -1 11 18 19 output 1 2 5 7 8 5 10 11 12 5 14 15 16
3 4 5 6 7 8 9 10 11 12 13 14 11 15 7 14 7 17 18 16 -1 19 output 1 2 5 7 8 9 10 11 12 9 14 5 12 9 18 19 20
3 4 5 6 7 8 9 10 11 12 13 14 11 15 7 14 16 -1 17 18 19 output 1 2 5 7 8 9 10 11 12 9 14 5 12 17
3 4 5 6 7 8 9 10 7 12 13 14 16 -1 11 15 17 18 19 output 1 2 5 7 8 11 10 5 13
3 4 5 6 7 8 9 10 13 12 7 14 16 -1 11 15 17 18 19 output 1 2 5 7 8 9 10 5 13
3 4 5 6 7 8 9 10 11 12 13 14 11 15 7 14 7 17 18 16 -1 19 output 1 2 5 7 8 9 10 11 12 9 14 5 12 9 18 19 20
3 4 7 9 10 7 12 13 16 -1 5 6 8 11 14 15 17 18 19 output 1 2 3 4 5 8 7 3 9
3 4 5 6 7 8 9 10 7 12 13 14 7 17 15 16 -1 11 18 19 output 1 2 5 7 8 5 10 11 12 5 14 15 16
3 4 5 6 7 8 9 10 11 12 13 14 11 15 7 14 16 -1 17 18 19 output 1 2 5 7 8 9 10 11 12 9 14 5 12 17
3 4 5 6 7 8 9 10 11 12 13 14 11 15 7 14 16 -1 17 18 19 output 1 2 5 7 8 9 10 11 12 9 14 5 12 17
3 4 5 6 7 8 9 10 11 12 13 14 7 15 11 14 7 17 18 16 -1 19 output 1 2 5 7 8 9 10 11 12 9 14 5 12 9 18 19 20
3 4 5 6 7 8 9 10 11 12 13 14 11 15 7 14 7 17 18 16 -1 19 output 1 2 5 7 8 9 10 11 12 9 14 5 12 9 18 19 20
3 4 5 6 7 8 9 10 11 12 13 14 11 15 7 14 16 -1 17 18 19 output 1 2 5 7 8 9 10 11 12 9 14 5 12 17
